10/2/15
Time         Wind Dir   Wind Spd  Wind Gust   Humidity       Temp  Raw Barom   Tot Rain
                    °        mph        mph          %         °F         in         in
12:00am           266          0          3         81       47.3      30.24      11.88
12:05am            75          2          4         83       47.3      30.23      11.88
12:10am           134          0          5         82       47.5      30.23      11.88
12:15am           268          1          5         82       47.5      30.23      11.88
12:20am           290          1          5         81       47.4      30.23      11.88
12:25am           117          0          5         81       47.3      30.23      11.88
12:30am            68          0          5         81       47.2      30.24      11.88
12:35am            94          0          3         81       47.0      30.24      11.88
12:40am            95          0          3         83       46.9      30.24      11.88
12:45am            86          0          4         82       46.8      30.24      11.88
12:50am            64          2          4         83       47.0      30.25      11.88
12:55am            79          5          6         83       47.3      30.24      11.88
12:59am            65          3          6         81       47.7      30.24      11.88
1:05am             91          2          5         81       47.7      30.24      11.88
1:10am            158          0          7         81       47.9      30.24      11.88
1:15am             99          6          7         78       48.1      30.24      11.88
1:20am             73          7         15         78       48.6      30.24      11.88
1:25am             72          3         15         76       49.0      30.24      11.88
1:30am             89          6         15         75       49.1      30.24      11.88
1:35am             70         13         16         72       49.1      30.24      11.88
1:40am             75         13         21         70       49.1      30.24      11.88
1:45am             58          8         21         70       49.0      30.23      11.88
1:50am             83         11         21         71       49.0      30.23      11.88
1:55am             62          5         21         70       48.8      30.24      11.88
1:59am             88         12         21         72       48.8      30.24      11.88
2:05am             66          7         17         72       48.7      30.23      11.88
2:10am             84         10         17         70       48.7      30.24      11.88
2:15am             62          2         17         74       48.6      30.24      11.88
2:20am            120         10         17         72       48.6      30.24      11.88
2:25am             88          8         17         74       48.5      30.25      11.88
2:30am             75          4         17         74       48.5      30.24      11.88
2:35am             45          3          8         74       48.4      30.24      11.88
2:40am             83          5         14         72       48.2      30.24      11.88
2:45am            116          8         16         72       48.1      30.25      11.88
2:50am             76         11         16         72       48.0      30.25      11.88
2:55am             72          8         16         74       47.9      30.24      11.88
2:59am             46          6         16         71       47.8      30.25      11.88
3:05am             65          9         12         70       47.8      30.25      11.88
3:10am             89          8         12         70       47.7      30.24      11.88
3:15am             75         11         12         71       47.7      30.24      11.88
3:20am            110          6         12         73       47.5      30.24      11.88
3:25am             96          4         12         71       47.5      30.24      11.88
3:29am             77          6         12         70       47.6      30.23      11.88
3:35am             64          8         14         70       47.5      30.24      11.88
3:40am             89          9         15         69       47.4      30.24      11.88
3:45am             58          5         15         73       47.5      30.24      11.88
3:49am             87          4         15         70       47.4      30.24      11.88
3:55am             91          4         15         72       47.3      30.24      11.88
3:59am             65          8         15         71       47.3      30.24      11.88
4:05am            113          3          9         76       47.2      30.24      11.88
4:09am             44          2          9         71       47.2      30.24      11.88
4:15am            113          2          9         74       47.1      30.24      11.88
4:20am             84          1          9         72       46.9      30.24      11.88
4:25am            277          0          9         71       46.7      30.24      11.88
4:30am            124          0          9         74       46.5      30.24      11.88
4:35am             83          2          6         73       46.5      30.25      11.88
4:40am             96          3          6         72       46.5      30.25      11.88
4:45am            123          1          6         73       46.4      30.25      11.88
4:50am             58          1          6         72       46.4      30.25      11.88
4:54am            101          4          6         74       46.4      30.25      11.88
4:59am            119          2          6         74       46.3      30.25      11.88
5:05am            143          1          4         74       46.3      30.25      11.88
5:09am            112          0          4         75       46.3      30.25      11.88
5:15am             75          0          4         74       46.1      30.25      11.88
5:20am            243          0          4         75       45.7      30.25      11.88
5:24am            109          0          5         74       45.5      30.25      11.88
5:29am             72          1          5         75       45.4      30.25      11.88
5:35am             70          2          4         76       45.2      30.26      11.88
5:40am             43          0          4         78       45.2      30.26      11.88
5:45am            285          1          4         77       45.0      30.26      11.88
5:50am             51          0          4         78       44.8      30.26      11.88
5:55am            105          0          4         80       44.5      30.26      11.88
6:00am            281          1          4         81       44.2      30.26      11.88
6:05am            281          0          1         83       43.9      30.26      11.88
6:10am            277          1          2         83       43.6      30.26      11.88
6:14am            280          1          2         83       43.4      30.26      11.88
6:19am            188          0          2         84       43.2      30.26      11.88
6:24am            288          0          2         85       43.2      30.26      11.88
6:29am            272          0          2         84       43.1      30.26      11.88
6:34am            196          0          1         85       43.1      30.26      11.88
6:39am            253          0          1         85       43.1      30.26      11.88
6:45am             68          0          1         85       43.0      30.26      11.88
6:49am             91          0          2         85       42.9      30.26      11.88
6:54am            279          0          2         85       42.7      30.27      11.88
6:59am            311          1          2         85       42.7      30.26      11.88
7:04am            302          0          1         85       42.6      30.26      11.88
7:10am            217          0          2         86       42.6      30.27      11.88
7:14am            288          0          2         86       42.6      30.27      11.88
7:19am            268          0          5         85       42.5      30.27      11.88
7:24am            287          0          5         85       42.5      30.27      11.88
7:29am            257          0          5         85       42.5      30.27      11.88
7:35am            342          0          1         85       42.6      30.27      11.88
7:39am              6          0          3         85       42.6      30.27      11.88
7:44am              5          0          3         85       42.8      30.27      11.88
7:49am            127          0          3         84       42.9      30.28      11.88
7:54am            204          0          4         84       43.0      30.27      11.88
8:00am             87          3          4         86       43.3      30.27      11.88
8:04am             86          0          7         84       43.4      30.28      11.88
8:09am            146          1          7         85       43.6      30.28      11.88
8:14am             84          0          7         85       43.7      30.28      11.88
8:20am            186          0          7         82       43.8      30.28      11.88
8:24am            278          0          7         82       43.9      30.29      11.88
8:30am             58          2          7         83       44.1      30.28      11.88
8:34am             86          1          5         81       44.7      30.28      11.88
8:39am            112          0          5         80       45.0      30.28      11.88
8:45am            273          1          6         81       44.9      30.27      11.88
8:49am            125          0          6         80       45.1      30.27      11.88
8:55am              6          0          7         79       45.1      30.27      11.88
8:59am            359          1          7         80       45.2      30.27      11.88
9:04am            321          0          3         78       45.3      30.27      11.88
9:09am             99          3          5         78       45.5      30.27      11.88
9:15am            112          2          5         79       45.7      30.28      11.88
9:19am            103          0          6         79       45.9      30.28      11.88
9:24am            123          1          6         77       46.0      30.28      11.88
9:29am             92          2          6         77       46.2      30.28      11.88
9:34am            107          2          4         76       46.5      30.28      11.88
9:39am            123          1          5         75       46.6      30.28      11.88
9:45am             97          2          5         75       47.0      30.28      11.88
9:50am             91          0          5         74       47.2      30.28      11.88
9:54am             53          6          7         75       47.6      30.28      11.88
10:00am           130          3          7         73       47.4      30.27      11.88
10:04am           267          0          3         74       47.8      30.28      11.88
10:10am             2          1          3         72       47.9      30.28      11.88
10:14am           207          0          6         72       47.8      30.29      11.88
10:19am            63          3          6         75       48.0      30.29      11.88
10:24am            60          0          6         72       47.9      30.29      11.88
10:30am           203          1          6         75       48.1      30.28      11.88
10:35am           107          3          5         74       48.6      30.28      11.88
10:39am           344          1          6         71       48.5      30.28      11.88
10:45am           103          3          6         70       48.5      30.28      11.88
10:49am            63          3          6         72       48.6      30.28      11.88
10:54am           111          2          7         71       48.6      30.28      11.88
11:00am            40          1          7         72       48.6      30.28      11.88
11:05am            55          1          4         71       49.0      30.28      11.88
11:10am           162          3          4         72       49.3      30.28      11.88
11:15am           222          2          6         73       49.2      30.28      11.88
11:20am            95          4          6         71       49.5      30.28      11.88
11:24am           118          2          6         71       49.5      30.28      11.88
11:30am           124          5          6         72       49.6      30.28      11.88
11:34am           165          2          6         72       49.7      30.28      11.88
11:39am            93          1          6         69       50.0      30.28      11.88
11:45am           128          0          6         71       50.2      30.29      11.88
11:49am           102          3          6         68       50.3      30.29      11.88
11:54am           131          0          6         71       50.2      30.29      11.88
12:00pm            78          5          6         68       49.9      30.29      11.88
12:04pm           101          2          9         70       49.6      30.29      11.88
12:09pm            96          2          9         70       49.7      30.29      11.88
12:14pm           103          1          9         72       49.7      30.29      11.88
12:20pm            98          1          9         71       49.8      30.29      11.88
12:25pm            79          2          9         70       49.7      30.29      11.88
12:30pm            86          0          9         72       49.6      30.29      11.88
12:35pm            11          0          4         72       49.9      30.29      11.88
12:40pm            89          1          4         71       50.1      30.29      11.88
12:45pm           140          1          5         70       50.0      30.29      11.88
12:50pm            96          1          9         70       49.9      30.29      11.88
12:55pm           112          4          9         71       49.9      30.29      11.88
1:00pm            295          0          9         70       50.0      30.29      11.88
1:04pm            105          0          4         70       50.1      30.29      11.88
1:09pm            138          1          5         69       50.2      30.29      11.88
1:15pm            109          1          5         70       50.2      30.29      11.88
1:20pm             98          1          5         70       50.3      30.29      11.88
1:25pm             80          3          5         70       50.5      30.28      11.88
1:30pm             70          3          5         68       50.4      30.28      11.88
1:35pm             44          3          7         70       50.1      30.28      11.88
1:40pm            189          4          7         69       50.2      30.28      11.88
1:45pm            126          1          7         68       50.6      30.28      11.88
1:50pm             30          0         10         68       50.8      30.28      11.88
1:55pm             35          1         10         69       50.9      30.28      11.88
2:00pm             70          0         10         66       51.1      30.28      11.88
2:05pm            267          1          4         67       51.1      30.28      11.88
2:10pm            128          4          5         68       51.1      30.28      11.88
2:15pm            121          2          5         67       51.1      30.28      11.88
2:20pm             22          0          5         67       51.1      30.28      11.88
2:24pm             94          5          5         68       51.2      30.28      11.88
2:30pm             76          3          8         68       51.4      30.28      11.88
2:34pm            276          0          4         65       51.5      30.28      11.88
2:40pm            321          1          4         66       51.6      30.28      11.88
2:45pm            149          2          4         67       51.6      30.29      11.88
2:50pm             62          4          5         66       51.5      30.29      11.88
2:55pm             21          2          5         63       51.0      30.28      11.88
3:00pm            281          0          5         65       50.7      30.29      11.88
3:05pm            139          0          3         64       50.7      30.29      11.88
3:10pm             57          2          5         63       50.7      30.28      11.88
3:15pm            280          0          5         64       50.7      30.28      11.88
3:20pm             95          0          6         62       50.7      30.29      11.88
3:25pm            278          1          6         65       50.8      30.29      11.88
3:30pm            314          1          6         63       50.9      30.29      11.88
3:35pm             90          2          3         65       50.9      30.30      11.88
3:40pm             59          1          3         65       51.0      30.29      11.88
3:45pm            134          1          5         63       51.2      30.29      11.88
3:50pm             72          3          5         63       51.1      30.29      11.88
3:55pm            137          0          5         63       51.0      30.29      11.88
4:00pm             54          2          5         62       51.2      30.30      11.88
4:05pm            115          1          3         64       51.2      30.30      11.88
4:10pm            184          0          3         62       51.1      30.30      11.88
4:15pm            251          0          3         63       51.2      30.30      11.88
4:20pm            279          0          4         64       51.2      30.30      11.88
4:25pm             61          1          4         63       51.0      30.30      11.88
4:30pm             77          0          4         63       50.9      30.30      11.88
4:35pm            274          2          3         63       50.7      30.30      11.88
4:40pm            105          0          3         65       50.6      30.30      11.88
4:45pm            164          0          3         67       50.5      30.30      11.88
4:50pm             82          0          4         66       50.5      30.31      11.88
4:55pm            345          1          4         67       50.6      30.31      11.88
5:00pm            111          1          4         68       50.6      30.31      11.88
5:05pm             79          1          3         68       50.6      30.31      11.88
5:10pm             75          2          5         69       50.7      30.31      11.88
5:15pm             98          3         11         68       50.6      30.31      11.88
5:20pm             89          6         11         67       50.6      30.31      11.88
5:25pm             68          4         11         68       50.4      30.31      11.88
5:30pm            133          3         11         68       50.4      30.31      11.88
5:35pm             83          7          8         67       50.4      30.31      11.88
5:40pm            141          2          8         68       50.4      30.31      11.88
5:45pm            106          4          8         69       50.5      30.31      11.88
5:50pm             98          2          8         67       50.4      30.32      11.88
5:55pm             86          3          8         70       50.4      30.32      11.88
6:00pm             38          0          8         69       50.4      30.32      11.88
6:05pm             56          1          5         70       50.2      30.32      11.88
6:10pm             17          2          5         72       50.0      30.32      11.88
6:15pm            269          1          5         73       49.6      30.33      11.88
6:20pm             63          1          5         74       49.1      30.33      11.88
6:25pm              7          0          5         73       48.8      30.33      11.88
6:30pm             91          0          5         71       48.5      30.33      11.88
6:35pm             11          0          3         71       48.3      30.33      11.88
6:40pm             97          1          3         70       48.1      30.33      11.88
6:45pm              2          1          3         69       48.0      30.33      11.88
6:50pm            276          0          3         69       47.9      30.33      11.88
6:55pm            234          1          3         69       47.8      30.33      11.88
7:00pm            252          1          3         69       47.8      30.34      11.88
7:05pm            205          1          3         69       47.7      30.34      11.88
7:10pm            174          0          3         72       47.7      30.34      11.88
7:15pm            346          1          3         70       47.6      30.34      11.88
7:20pm            293          0          3         70       47.5      30.34      11.88
7:25pm            117          0          3         71       47.4      30.34      11.88
7:30pm            354          0          3         73       47.4      30.34      11.88
7:35pm             11          1          1         71       47.4      30.34      11.88
7:40pm            147          2          2         71       47.4      30.34      11.88
7:45pm            105          0          3         72       47.4      30.34      11.88
7:50pm            117          0          3         72       47.3      30.34      11.88
7:55pm            267          0          3         72       47.3      30.34      11.88
8:00pm            250          0          3         74       47.2      30.35      11.88
8:05pm            107          0          2         74       47.2      30.35      11.88
8:10pm            236          1          2         74       47.3      30.35      11.88
8:15pm            150          0          4         74       47.5      30.35      11.88
8:20pm             75          0          4         73       47.5      30.35      11.88
8:25pm            116          2          4         74       47.5      30.35      11.88
8:30pm            119          0          4         73       47.7      30.35      11.88
8:35pm             52          0          4         74       47.8      30.35      11.88
8:40pm            150          1          6         73       48.0      30.35      11.88
8:45pm            127          3          9         74       48.3      30.35      11.88
8:50pm            108          4         13         73       48.6      30.35      11.88
8:55pm             86          3         13         73       48.8      30.35      11.88
9:00pm             73          5         13         71       48.8      30.35      11.88
9:05pm            102          3          9         70       48.8      30.34      11.88
9:10pm             43          9         12         72       48.8      30.35      11.88
9:15pm             97          7         12         70       48.9      30.34      11.88
9:20pm             81          8         12         69       48.9      30.34      11.88
9:25pm             26          3         13         71       48.9      30.34      11.88
9:30pm             98          1         13         70       48.7      30.34      11.88
9:35pm             75          5          8         70       48.6      30.34      11.88
9:40pm            316          0          8         72       48.5      30.34      11.88
9:45pm            122          1          9         70       48.5      30.34      11.88
9:50pm             64          7          9         71       48.5      30.34      11.88
9:55pm             67          7          9         70       48.5      30.34      11.88
9:59pm             55          4         13         72       48.5      30.34      11.88
10:05pm           152          0          7         70       48.6      30.34      11.88
10:10pm           103          1          8         70       48.6      30.34      11.88
10:15pm            70          6          8         69       48.5      30.35      11.88
10:20pm           105          2         11         69       48.5      30.35      11.88
10:25pm            84          2         11         68       48.6      30.35      11.88
10:30pm           102          4         11         67       48.5      30.34      11.88
10:35pm            56          7         11         67       48.4      30.35      11.88
10:40pm            54          4         11         68       48.4      30.35      11.88
10:45pm            74          9         12         68       48.4      30.35      11.88
10:50pm            92          9         13         68       48.3      30.35      11.88
10:55pm           105          6         13         67       48.3      30.35      11.88
11:00pm            58          4         16         66       48.1      30.35      11.88
11:05pm            87          6         13         66       48.1      30.35      11.88
11:10pm            70          8         13         68       48.1      30.35      11.88
11:15pm            74          6         13         66       47.9      30.35      11.88
11:20pm            66          6         14         66       47.8      30.35      11.88
11:25pm            52          9         14         68       47.8      30.35      11.88
11:30pm            49          7         14         67       47.7      30.35      11.88
11:35pm            61          2         11         70       47.7      30.35      11.88
11:40pm            82          5         11         69       47.4      30.35      11.88
11:45pm            62          6         11         68       47.3      30.35      11.88
11:50pm           130          4         11         68       47.3      30.35      11.88
11:55pm            96          5         11         69       47.2      30.36      11.88
