10/8/15
Time         Wind Dir   Wind Spd  Wind Gust   Humidity       Temp  Raw Barom   Tot Rain
                    °        mph        mph          %         °F         in         in
12:00am            99          0          4         80       52.8      29.96      11.88
12:05am            99          0          1         81       52.3      29.97      11.88
12:10am            99          0          1         82       52.0      29.96      11.88
12:15am            99          0          1         84       51.5      29.96      11.88
12:20am            99          1          1         85       50.9      29.96      11.88
12:25am            99          0          1         86       50.4      29.96      11.88
12:30am            99          0          1         87       50.0      29.96      11.88
12:35am            99          0          0         88       49.6      29.96      11.88
12:40am           331          0          1         88       49.3      29.97      11.88
12:45am           331          0          1         89       49.0      29.97      11.88
12:50am           333          0          1         89       49.0      29.97      11.88
12:55am           333          0          1         89       49.1      29.97      11.88
1:00am            333          0          1         90       48.8      29.97      11.88
1:05am            276          0          2         90       48.5      29.97      11.88
1:10am            145          0          2         89       48.7      29.98      11.88
1:15am            122          0          3         88       49.4      29.98      11.88
1:20am            285          0          3         86       49.7      29.98      11.88
1:25am            285          0          3         86       49.5      29.98      11.88
1:30am            285          0          3         86       49.3      29.98      11.88
1:35am            285          0          1         87       49.2      29.99      11.88
1:40am            284          0          1         87       49.0      29.99      11.88
1:45am            284          0          1         88       48.9      29.99      11.88
1:50am            285          0          1         88       48.7      29.99      11.88
1:55am            284          0          1         89       48.3      29.99      11.88
2:00am            284          0          1         90       48.0      29.99      11.88
2:05am            285          1          1         90       47.8      30.00      11.88
2:10am            342          0          1         90       47.7      30.00      11.88
2:15am            342          0          1         90       47.6      29.99      11.88
2:20am            342          0          1         91       47.5      30.00      11.88
2:25am            342          0          1         92       47.2      30.00      11.88
2:30am            341          0          1         92       46.9      30.00      11.88
2:35am            341          0          0         93       46.8      30.00      11.88
2:40am            342          0          0         93       46.7      30.00      11.88
2:45am            342          0          0         93       46.6      30.00      11.88
2:50am            342          0          0         93       46.6      30.00      11.88
2:55am            341          0          0         93       46.5      30.00      11.88
3:00am            322          0          1         93       46.3      30.00      11.88
3:05am            321          0          0         94       46.0      30.00      11.88
3:10am            321          0          0         94       45.9      30.00      11.88
3:15am            321          0          0         94       45.8      30.01      11.88
3:20am            330          0          3         94       46.2      30.01      11.88
3:25am            330          0          3         92       46.6      30.01      11.88
3:30am            330          0          3         92       46.6      30.01      11.88
3:35am            330          0          0         93       46.2      30.01      11.88
3:40am            330          0          0         93       45.7      30.01      11.88
3:45am            330          0          0         94       45.5      30.00      11.88
3:50am            330          0          0         94       45.4      30.01      11.88
3:55am            283          0          1         94       45.4      30.01      11.88
4:00am            283          0          1         94       45.3      30.01      11.88
4:05am            283          0          1         94       44.9      30.01      11.88
4:10am            283          1          1         94       44.7      30.01      11.88
4:15am            283          0          1         94       44.6      30.01      11.88
4:20am            283          0          1         94       44.6      30.01      11.88
4:25am            283          0          1         94       44.5      30.02      11.88
4:30am            283          0          1         94       44.3      30.02      11.88
4:35am            283          0          1         94       44.1      30.02      11.88
4:40am             82          0          2         93       44.3      30.02      11.88
4:45am             82          0          2         92       44.4      30.03      11.88
4:50am            293          0          2         92       44.4      30.03      11.88
4:55am            267          0          2         91       44.4      30.03      11.88
5:00am            267          0          2         91       44.2      30.03      11.88
5:05am            267          0          0         92       44.0      30.03      11.88
5:10am            267          0          1         93       43.7      30.03      11.88
5:15am            267          0          1         93       43.6      30.04      11.88
5:20am            267          0          1         92       43.4      30.04      11.88
5:25am            267          0          1         92       43.2      30.04      11.88
5:30am            267          0          1         92       43.1      30.05      11.88
5:35am            267          0          1         92       43.0      30.05      11.88
5:40am            267          0          1         92       42.9      30.05      11.88
5:45am            267          0          1         92       42.8      30.05      11.88
5:50am            267          0          1         93       42.7      30.05      11.88
5:55am            267          0          1         93       42.4      30.05      11.88
6:00am            268          0          1         93       42.1      30.05      11.88
6:05am            268          0          0         93       41.9      30.05      11.88
6:10am            268          0          0         93       41.6      30.06      11.88
6:15am            268          0          0         93       41.2      30.06      11.88
6:20am             49          0          1         92       41.0      30.06      11.88
6:25am            357          0          1         91       41.1      30.06      11.88
6:30am            333          0          2         89       41.3      30.06      11.88
6:35am            238          0          1         89       41.3      30.07      11.88
6:40am            240          0          1         89       41.3      30.07      11.88
6:45am            240          0          1         90       41.1      30.07      11.88
6:50am            240          0          1         91       40.7      30.07      11.88
6:55am            240          0          1         92       40.2      30.07      11.88
7:00am            240          1          1         93       39.9      30.07      11.88
7:05am            219          0          1         93       39.7      30.08      11.88
7:10am            219          0          1         93       39.6      30.08      11.88
7:15am            219          0          1         93       39.4      30.08      11.88
7:20am            219          0          1         93       39.4      30.08      11.88
7:25am            219          0          1         93       39.4      30.08      11.88
7:30am            219          0          1         93       39.3      30.08      11.88
7:35am            219          0          0         92       39.3      30.08      11.88
7:40am            219          0          0         92       39.8      30.09      11.88
7:45am            219          0          1         91       40.7      30.09      11.88
7:50am            219          0          1         89       41.4      30.09      11.88
7:55am            219          0          1         88       41.9      30.09      11.88
8:00am            219          0          1         84       42.7      30.09      11.88
8:05am            219          0          1         87       43.2      30.09      11.88
8:10am            219          0          1         85       43.6      30.09      11.88
8:15am            236          0          1         82       44.3      30.09      11.88
8:20am            270          0          2         79       45.1      30.09      11.88
8:25am            297          1          2         75       45.3      30.09      11.88
8:30am            253          2          3         77       45.2      30.10      11.88
8:35am            278          0          2         75       45.7      30.10      11.88
8:40am            276          2          4         72       45.6      30.10      11.88
8:45am            200          0          4         73       45.7      30.10      11.88
8:50am            274          1          4         73       46.1      30.10      11.88
8:55am            296          1          4         73       46.4      30.10      11.88
8:59am            257          3          4         71       46.8      30.10      11.88
9:05am            275          4          5         69       47.6      30.10      11.88
9:10am            263          1          5         69       47.9      30.10      11.88
9:15am            271          3          6         66       48.0      30.10      11.88
9:20am            283          2          6         67       47.8      30.10      11.88
9:25am            110          0          6         66       48.0      30.10      11.88
9:30am            207          0          6         65       48.9      30.11      11.88
9:35am            181          1          3         63       49.2      30.11      11.88
9:40am            308          0          5         65       49.5      30.11      11.88
9:45am            164          1          5         63       49.8      30.11      11.88
9:50am            205          0          5         62       50.0      30.11      11.88
9:55am            264          2          5         58       50.4      30.11      11.88
9:59am             20          2          5         59       50.4      30.11      11.88
10:05am           247          2          5         61       50.7      30.10      11.88
10:10am           266          3          5         58       51.1      30.10      11.88
10:15am           276          3          5         58       50.8      30.10      11.88
10:20am           275          0          5         56       51.1      30.10      11.88
10:25am           330          3          5         56       51.3      30.10      11.88
10:30am           217          1          5         57       51.6      30.10      11.88
10:35am            55          1          3         55       52.0      30.10      11.88
10:40am            91          1          4         53       52.6      30.10      11.88
10:45am           224          2          5         53       52.5      30.10      11.88
10:50am           225          2          5         56       53.0      30.11      11.88
10:55am           262          2          5         54       53.2      30.10      11.88
10:59am           287          0          5         53       53.2      30.10      11.88
11:05am           262          2          9         50       53.0      30.10      11.88
11:10am           299          4          9         48       53.2      30.10      11.88
11:15am           264          0          9         48       53.4      30.10      11.88
11:20am           165          1          9         49       53.8      30.10      11.88
11:25am           257          1          9         49       53.9      30.10      11.88
11:30am           276          3          9         51       53.6      30.10      11.88
11:35am           274          4          8         49       53.7      30.10      11.88
11:40am           289          1          8         47       53.8      30.10      11.88
11:45am           243          3          8         47       54.5      30.09      11.88
11:50am            58          3          8         47       54.5      30.09      11.88
11:55am           207          0          8         50       54.3      30.09      11.88
11:59am           313          1          8         50       55.4      30.09      11.88
12:05pm           269          4          6         49       55.2      30.09      11.88
12:10pm            67          6          7         49       55.5      30.09      11.88
12:15pm           355          0          7         50       55.3      30.09      11.88
12:20pm           297          0          7         47       55.1      30.09      11.88
12:25pm           279          4          7         47       55.4      30.09      11.88
12:30pm           295          2          7         47       56.1      30.09      11.88
12:35pm           127          0          4         47       56.1      30.08      11.88
12:40pm           214          3          6         48       56.5      30.08      11.88
12:45pm            82          3          6         45       56.6      30.08      11.88
12:50pm           133          0          6         47       56.5      30.08      11.88
12:55pm            53          5          6         44       56.2      30.08      11.88
1:00pm            290          1          6         45       56.6      30.08      11.88
1:05pm             95          1          5         44       57.3      30.07      11.88
1:10pm            271          1          5         43       57.4      30.07      11.88
1:15pm             16          2          5         42       57.2      30.07      11.88
1:20pm             11          2          5         46       57.6      30.07      11.88
1:25pm            272          6          8         43       58.1      30.07      11.88
1:30pm            147          2          8         43       57.7      30.07      11.88
1:35pm            150          1          3         42       58.4      30.07      11.88
1:40pm            132          2          3         39       58.3      30.06      11.88
1:45pm            205          1          4         44       58.2      30.06      11.88
1:50pm            126          0          4         41       58.4      30.06      11.88
1:55pm            221          3          4         41       58.6      30.06      11.88
2:00pm            279          1          6         38       58.5      30.05      11.88
2:05pm            110          1          5         38       58.9      30.05      11.88
2:10pm            226          2          7         39       58.8      30.05      11.88
2:14pm            218          4          7         40       59.3      30.05      11.88
2:19pm             59          1          7         39       59.8      30.05      11.88
2:25pm             63          1          7         40       59.6      30.05      11.88
2:29pm             25          0          7         41       59.6      30.05      11.88
2:35pm            252          1          3         40       59.9      30.05      11.88
2:40pm            131          2          4         39       59.8      30.04      11.88
2:45pm            251          2          4         41       59.5      30.04      11.88
2:49pm            150          0          7         41       59.3      30.04      11.88
2:55pm            141          1          7         42       60.3      30.04      11.88
3:00pm            283          1          7         41       60.4      30.03      11.88
3:04pm            165          1          6         42       60.3      30.04      11.88
3:10pm            313          2          6         41       60.7      30.04      11.88
3:15pm            129          0          6         42       59.9      30.04      11.88
3:20pm            269          2          6         43       59.9      30.04      11.88
3:24pm            210          2          6         42       60.0      30.04      11.88
3:29pm            285          1          6         43       60.2      30.04      11.88
3:35pm             46          1          6         44       60.1      30.04      11.88
3:40pm            287          2          6         43       60.5      30.04      11.88
3:44pm            141          0          6         43       60.3      30.04      11.88
3:50pm            155          0          6         43       60.5      30.04      11.88
3:55pm            324          0          6         44       60.6      30.04      11.88
4:00pm             93          0          6         47       60.7      30.04      11.88
4:05pm            342          1          4         43       60.3      30.04      11.88
4:10pm            333          5          6         43       60.4      30.04      11.88
4:15pm            250          1          6         44       60.4      30.04      11.88
4:20pm             25          0          6         44       60.3      30.04      11.88
4:24pm            224          0          6         44       60.4      30.04      11.88
4:29pm            193          0          6         45       60.4      30.04      11.88
4:35pm            255          0          2         45       60.5      30.04      11.88
4:39pm            338          1          3         45       60.0      30.05      11.88
4:45pm            274          0          3         47       59.7      30.05      11.88
4:50pm            151          1          3         46       60.1      30.05      11.88
4:55pm            205          1          3         47       60.1      30.05      11.88
5:00pm             74          1          3         45       60.2      30.05      11.88
5:04pm            174          0          2         47       59.9      30.05      11.88
5:10pm             36          0          3         44       60.0      30.05      11.88
5:14pm             20          1          3         47       59.9      30.05      11.88
5:19pm             13          0          3         47       59.0      30.05      11.88
5:24pm             13          0          3         51       58.1      30.05      11.88
5:29pm             13          0          3         51       57.3      30.05      11.88
5:34pm             13          0          1         53       57.0      30.05      11.88
5:39pm             13          0          1         54       56.8      30.04      11.88
5:44pm             13          0          1         55       56.2      30.05      11.88
5:50pm             13          0          1         60       55.4      30.05      11.88
5:54pm             12          0          1         59       54.6      30.05      11.88
6:00pm             13          0          1         63       53.8      30.05      11.88
6:04pm             13          0          0         63       53.0      30.05      11.88
6:09pm             12          0          0         67       52.2      30.05      11.88
6:14pm             12          0          0         70       51.4      30.05      11.88
6:19pm             12          0          1         72       50.7      30.05      11.88
6:24pm             12          0          1         74       50.3      30.05      11.88
6:30pm             12          0          1         74       49.6      30.05      11.88
6:35pm             12          0          0         74       49.2      30.05      11.88
6:39pm             12          0          0         76       48.8      30.05      11.88
6:44pm             12          0          0         78       48.2      30.05      11.88
6:49pm            283          0          1         79       47.7      30.05      11.88
6:54pm            282          0          1         78       47.6      30.05      11.88
7:00pm            282          0          1         80       47.3      30.06      11.88
7:05pm            282          0          1         82       46.8      30.06      11.88
7:09pm            282          0          1         83       46.4      30.06      11.88
7:14pm            282          0          1         83       46.0      30.06      11.88
7:19pm            282          0          1         82       45.7      30.06      11.88
7:25pm            282          0          1         83       45.4      30.06      11.88
7:29pm            282          0          1         85       45.2      30.06      11.88
7:34pm            282          0          0         86       45.1      30.06      11.88
7:40pm            282          0          0         86       44.8      30.06      11.88
7:45pm            282          0          1         87       44.6      30.06      11.88
7:50pm            282          0          1         87       44.2      30.06      11.88
7:55pm            282          0          1         87       43.9      30.06      11.88
8:00pm            282          0          1         88       43.7      30.06      11.88
8:04pm            282          0          1         89       43.5      30.07      11.88
8:10pm            282          0          1         89       43.2      30.07      11.88
8:15pm            282          0          1         89       43.1      30.07      11.88
8:19pm            282          0          1         90       43.0      30.07      11.88
8:24pm            282          0          1         90       42.8      30.07      11.88
8:30pm            282          0          1         91       42.7      30.07      11.88
8:34pm            282          0          0         91       42.7      30.07      11.88
8:39pm            282          0          1         91       42.5      30.07      11.88
8:44pm            282          0          1         91       42.3      30.07      11.88
8:49pm            282          0          1         91       42.2      30.07      11.88
8:55pm            282          0          1         92       42.2      30.07      11.88
9:00pm            281          1          1         92       42.2      30.07      11.88
9:04pm            278          0          1         91       41.9      30.07      11.88
9:09pm            278          0          1         92       41.7      30.07      11.88
9:14pm            278          0          1         92       41.8      30.07      11.88
9:19pm            278          0          1         93       41.7      30.07      11.88
9:24pm            278          1          1         92       41.6      30.07      11.88
9:30pm            252          0          1         93       41.3      30.08      11.88
9:34pm            262          0          1         93       41.0      30.08      11.88
9:40pm            262          0          1         93       40.7      30.08      11.88
9:44pm            262          0          1         94       40.5      30.08      11.88
9:49pm            262          0          1         94       40.3      30.08      11.88
9:55pm            262          0          1         94       40.2      30.08      11.88
10:00pm           262          0          1         94       40.2      30.07      11.88
10:04pm           262          0          1         95       40.1      30.07      11.88
10:10pm           262          0          1         95       40.4      30.08      11.88
10:14pm           262          0          1         94       40.3      30.08      11.88
10:20pm           262          0          1         95       40.3      30.07      11.88
10:25pm           262          0          1         95       40.4      30.08      11.88
10:30pm           262          1          1         95       40.5      30.07      11.88
10:34pm           278          1          2         94       40.4      30.08      11.88
10:40pm           284          1          2         94       40.0      30.08      11.88
10:44pm           274          0          2         94       39.7      30.08      11.88
10:50pm           274          0          2         95       39.6      30.08      11.88
10:55pm           274          0          2         95       39.5      30.08      11.88
11:00pm           274          1          2         95       39.6      30.07      11.88
11:05pm           274          0          1         95       39.8      30.07      11.88
11:09pm           271          0          2         95       40.0      30.07      11.88
11:15pm           283          0          2         94       39.9      30.07      11.88
11:19pm           281          1          2         94       39.7      30.07      11.88
11:24pm           278          0          2         95       39.8      30.07      11.88
11:30pm           278          1          2         95       39.9      30.07      11.88
11:34pm           271          1          2         94       39.9      30.07      11.88
11:40pm           271          0          2         95       39.8      30.07      11.88
11:45pm           271          0          2         95       39.8      30.07      11.88
11:49pm           271          0          2         95       39.8      30.07      11.88
11:55pm           276          0          2         95       40.0      30.07      11.88
