10/20/15
Time         Wind Dir   Wind Spd  Wind Gust   Humidity       Temp  Raw Barom   Tot Rain
                    °        mph        mph          %         °F         in         in
12:00am           105          0          1         93       36.9      30.12      12.94
12:05am           105          0          0         93       36.9      30.11      12.94
12:10am           276          1          1         93       37.0      30.10      12.94
12:15am           277          4          4         93       36.8      30.10      12.94
12:20am           259          1          4         89       36.9      30.10      12.94
12:25am             3          0          4         89       37.1      30.10      12.94
12:30am            53          0          4         90       37.0      30.10      12.94
12:35am            53          0          1         91       36.7      30.10      12.94
12:40am            52          0          1         90       36.7      30.10      12.94
12:45am           283          1          1         92       36.7      30.09      12.94
12:50am            77          0          2         89       36.9      30.09      12.94
12:55am           292          2          2         88       37.0      30.09      12.94
1:00am            271          0          2         90       37.1      30.09      12.94
1:05am            281          1          1         90       37.1      30.10      12.94
1:10am            270          1          2         89       37.2      30.10      12.94
1:15am            287          0          5         86       37.3      30.10      12.94
1:20am            278          1          5         86       37.4      30.10      12.94
1:25am            266          1          5         87       37.4      30.10      12.94
1:30am            250          0          5         86       37.4      30.10      12.96
1:35am            261          0          2         87       37.3      30.10      12.96
1:40am             24          1          2         89       37.1      30.10      12.96
1:45am            259          0          2         92       37.0      30.10      12.96
1:50am            264          0          2         92       36.9      30.10      12.96
1:55am            255          0          2         93       36.9      30.10      12.96
2:00am            273          3          4         90       36.8      30.10      12.96
2:05am            285          2          4         92       36.9      30.10      12.96
2:10am            281          3          4         92       36.8      30.10      12.96
2:15am            272          3          6         92       36.9      30.10      12.96
2:20am            274          2          6         92       36.8      30.10      12.97
2:25am            287          3          6         90       36.9      30.10      12.97
2:30am            285          4          6         89       37.0      30.10      12.97
2:35am            283          3          6         90       37.1      30.09      12.98
2:40am            326          1          6         88       37.0      30.09      12.98
2:45am            288          3          6         87       37.2      30.09      12.98
2:50am            300          5          6         87       37.2      30.08      12.98
2:55am            326          4          6         87       37.3      30.08      12.98
3:00am            325          2          6         89       37.3      30.08      12.98
3:05am            282          3          8         85       37.6      30.08      12.98
3:10am            268          3          8         85       37.8      30.08      12.98
3:15am            276          1          9         83       38.0      30.09      12.98
3:20am            269          2          9         84       37.9      30.09      12.98
3:25am            257          2          9         86       37.7      30.09      12.98
3:30am            277          3          9         86       37.7      30.09      12.99
3:35am            269          3          3         87       37.6      30.09      12.99
3:40am            261          2          6         86       37.6      30.09      13.00
3:45am            290          3          6         87       37.7      30.09      13.00
3:50am            276          2          6         87       37.5      30.08      13.01
3:55am            190          1          6         88       37.6      30.08      13.01
4:00am            237          0          6         87       37.7      30.08      13.01
4:05am            259          1          5         88       37.7      30.07      13.01
4:10am            279          3          5         89       37.6      30.07      13.02
4:15am            274          2          5         90       37.4      30.07      13.02
4:20am            288          2          5         89       37.5      30.07      13.02
4:25am            283          3          7         90       37.7      30.07      13.02
4:30am            272          0          7         88       37.9      30.07      13.02
4:35am            288          5          7         88       38.1      30.07      13.02
4:40am            303          3          7         88       38.2      30.07      13.02
4:45am            277          6          9         88       38.3      30.07      13.02
4:50am            274          4         12         87       38.6      30.07      13.02
4:55am            315          3         12         86       38.6      30.07      13.02
5:00am            342          3         12         86       38.6      30.07      13.02
5:05am            282          4         11         86       38.6      30.07      13.02
5:10am            273          8         11         86       38.5      30.07      13.02
5:15am            280          4         11         86       38.5      30.07      13.02
5:20am            248          2         11         87       38.5      30.07      13.02
5:25am            268          3         11         88       38.4      30.06      13.02
5:30am            278          0         11         88       38.4      30.06      13.02
5:35am            279          3          3         90       38.3      30.06      13.02
5:40am            287          3          4         91       38.0      30.06      13.02
5:45am            275          2          5         91       37.9      30.06      13.02
5:50am            279          2          5         91       38.1      30.05      13.02
5:55am            285          4          5         90       38.3      30.06      13.02
6:00am            305          2          6         90       38.5      30.05      13.02
6:05am            271          3          8         89       38.8      30.05      13.02
6:10am            257          2          8         89       38.9      30.06      13.02
6:15am            268          3          8         90       39.0      30.06      13.02
6:20am            265          3          8         90       39.0      30.06      13.02
6:25am            272          3          8         90       38.9      30.06      13.02
6:30am            275          2          8         91       38.9      30.06      13.02
6:35am            272          4          5         90       38.9      30.06      13.02
6:40am            253          2          5         90       39.0      30.06      13.02
6:45am            260          1          5         91       38.9      30.05      13.02
6:50am            251          1          6         91       39.0      30.05      13.02
6:55am            278          4         10         90       39.3      30.05      13.02
7:00am            269          2         10         89       39.5      30.05      13.02
7:05am            281          3          7         90       39.6      30.05      13.02
7:10am            281          3          7         90       39.6      30.05      13.02
7:15am            248          5          7         90       39.6      30.05      13.02
7:20am            288          3          7         90       39.7      30.05      13.02
7:25am            283          4          7         91       39.6      30.05      13.02
7:30am            271          2          7         90       39.8      30.05      13.02
7:35am            248          0          3         91       39.7      30.06      13.02
7:40am            286          1          3         91       39.7      30.05      13.02
7:45am            264          0          3         92       39.7      30.06      13.02
7:50am            274          0          3         92       39.7      30.05      13.02
7:55am            292          2          3         92       39.8      30.05      13.02
8:00am            273          0          3         92       39.8      30.06      13.02
8:05am            271          1          5         92       40.1      30.06      13.02
8:10am            289          2          5         91       40.5      30.06      13.02
8:15am            276          0          5         90       40.9      30.06      13.02
8:20am            285          2          5         90       41.1      30.06      13.02
8:25am            257          1          5         90       41.2      30.06      13.02
8:30am            264          1          5         90       41.4      30.06      13.02
8:35am            264          0          1         90       41.6      30.06      13.02
8:40am            276          0          3         90       41.7      30.06      13.02
8:45am            262          2          3         90       41.8      30.07      13.02
8:50am            267          2          4         90       41.8      30.07      13.02
8:55am            276          1          5         90       41.7      30.07      13.02
9:00am            269          1          5         91       41.8      30.07      13.02
9:05am            277          2          2         91       42.0      30.07      13.02
9:10am            278          2          3         91       42.2      30.07      13.02
9:15am            275          1          4         91       42.4      30.07      13.02
9:20am            301          3          4         91       42.7      30.06      13.02
9:25am            282          4          5         90       43.0      30.06      13.02
9:30am            267          3          5         90       43.3      30.06      13.02
9:35am            286          2          4         88       43.8      30.07      13.02
9:40am            265          1          4         87       44.5      30.07      13.02
9:45am            288          2          4         88       45.3      30.06      13.02
9:50am            287          5          5         83       46.0      30.06      13.02
9:55am            256          3          7         80       46.6      30.06      13.02
10:00am           284          4          7         78       47.3      30.06      13.02
10:05am           284          3          8         76       47.6      30.05      13.02
10:10am           262          2          8         78       48.1      30.05      13.02
10:15am           297          5          8         74       48.5      30.05      13.02
10:20am           293          5          8         75       49.1      30.04      13.02
10:25am           266          2          8         72       49.3      30.04      13.02
10:30am           278          2          8         71       49.6      30.04      13.02
10:35am           277          3          7         71       50.1      30.04      13.02
10:40am           282          2          8         71       50.8      30.04      13.02
10:45am           269          2          9         70       51.2      30.04      13.02
10:50am           286          6         12         69       51.6      30.04      13.02
10:55am           298          5         12         68       52.1      30.04      13.02
11:00am           276          2         13         69       52.7      30.04      13.02
11:05am           269          4         10         68       52.8      30.04      13.02
11:10am           296          8         11         65       53.0      30.04      13.02
11:15am           252          5         11         68       52.6      30.04      13.02
11:20am           293          3         11         67       52.7      30.04      13.02
11:25am           264          1         11         67       52.8      30.04      13.02
11:30am           278         10         14         68       53.1      30.04      13.02
11:35am           281          3         11         68       53.2      30.04      13.02
11:40am           282          1         11         68       54.1      30.04      13.02
11:45am           263          5         11         63       54.0      30.04      13.02
11:50am           225          2         11         66       54.2      30.04      13.02
11:55am           289         10         14         62       54.9      30.03      13.02
12:00pm           227          4         14         64       54.9      30.03      13.02
12:05pm           226          2         14         62       55.2      30.02      13.02
12:10pm           281         10         14         62       55.2      30.02      13.02
12:15pm           229          3         14         60       55.8      30.02      13.02
12:20pm           287         11         14         60       56.3      30.02      13.02
12:25pm           306          6         18         59       56.3      30.02      13.02
12:30pm           245         12         18         58       56.4      30.02      13.02
12:35pm           264         15         19         59       56.5      30.02      13.02
12:40pm           271         12         19         58       56.9      30.01      13.02
12:45pm           278         13         19         57       56.9      30.01      13.02
12:50pm           280          5         19         57       57.2      30.01      13.02
12:55pm           260         10         19         56       57.8      30.01      13.02
1:00pm            252          8         19         55       58.0      30.01      13.02
1:05pm            301         10         16         55       57.9      30.00      13.02
1:10pm            248         11         16         55       58.3      30.00      13.02
1:15pm            295          7         17         54       58.4      30.00      13.02
1:20pm            277         11         17         54       58.7      30.00      13.02
1:25pm            270          4         17         54       59.0      30.00      13.02
1:30pm            291          4         17         54       59.1      30.00      13.02
1:35pm            296          2         10         55       59.6      30.00      13.02
1:40pm            274          3         11         54       59.9      30.00      13.02
1:45pm            255          3         11         53       59.9      29.99      13.02
1:50pm            224          4         14         54       60.1      29.99      13.02
1:55pm            260          2         14         55       60.1      29.99      13.02
2:00pm            329          5         14         55       60.2      29.99      13.02
2:05pm            264         11         17         53       60.4      29.99      13.02
2:10pm            266          7         17         55       60.5      29.99      13.02
2:15pm            273          4         17         54       60.6      29.99      13.02
2:20pm            281          8         17         54       60.6      29.99      13.02
2:25pm            225          7         17         54       60.9      29.99      13.02
2:30pm            263         11         17         54       61.3      29.99      13.02
2:35pm            270          4         17         55       61.1      29.98      13.02
2:40pm            271         10         17         55       61.5      29.98      13.02
2:45pm            281         10         17         55       61.2      29.98      13.02
3:00pm            270          7         17         56       61.3      29.98      13.02
3:30pm            270          6         15         56       61.3      29.99      13.02
4:00pm            270          4         13         55       62.0      30.00      13.02
4:30pm            270          4         16         56       61.5      30.00      13.02
5:00pm            270          5         12         58       59.9      30.01      13.02
5:30pm            270          4         14         60       58.0      30.02      13.02
6:00pm            270          3          9         64       56.2      30.03      13.02
6:30pm            270          2          8         67       55.4      30.05      13.02
7:00pm            270          2          6         68       54.5      30.06      13.02
7:30pm            270          1          3         72       53.1      30.07      13.02
8:00pm            270          1          3         73       52.6      30.07      13.02
8:30pm            270          0          4         76       51.9      30.08      13.02
9:00pm            270          0          2         78       51.1      30.09      13.02
9:30pm            270          0          2         80       50.7      30.09      13.02
10:00pm           270          1          4         82       50.7      30.10      13.02
10:30pm           270          3         10         76       53.4      30.10      13.02
11:00pm           270          4         14         73       55.0      30.10      13.02
11:30pm           270          3          9         71       55.4      30.11      13.02
