10/15/15
Time         Wind Dir   Wind Spd  Wind Gust   Humidity       Temp  Raw Barom   Tot Rain
                    °        mph        mph          %         °F         in         in
12:00am           110          2          5         79       44.3      29.75      12.82
12:05am           150          0          5         79       44.4      29.76      12.82
12:10am           131          1          5         79       44.4      29.76      12.82
12:15am           286          2          5         79       44.4      29.76      12.82
12:20am            60          0          5         79       44.4      29.76      12.82
12:25am            74          0          5         79       44.4      29.76      12.82
12:30am            76          1          5         79       44.3      29.76      12.82
12:35am           117          0          1         79       44.3      29.76      12.82
12:40am            94          0          2         79       44.2      29.76      12.82
12:45am            93          0          2         80       44.1      29.77      12.82
12:50am            77          1          2         79       43.8      29.76      12.82
12:54am            63          0          2         80       43.4      29.76      12.82
1:00am            269          0          2         81       43.1      29.76      12.82
1:05am            220          0          1         81       42.7      29.76      12.82
1:10am             53          1          3         81       42.4      29.76      12.82
1:15am            105          0          3         82       42.2      29.76      12.82
1:20am            248          1          4         82       42.1      29.76      12.82
1:25am             72          0          4         82       41.9      29.76      12.82
1:30am            200          0          4         82       41.7      29.76      12.82
1:35am             29          0          1         83       41.5      29.76      12.82
1:40am             69          0          5         84       41.5      29.76      12.82
1:45am            103          0          5         84       41.5      29.76      12.82
1:50am            250          0          5         84       41.2      29.76      12.82
1:54am            115          0          5         85       41.0      29.77      12.82
2:00am            115          0          5         85       40.7      29.77      12.82
2:05am            115          0          0         86       40.3      29.77      12.82
2:10am            115          0          1         87       40.2      29.78      12.82
2:15am            158          0          1         87       39.9      29.78      12.82
2:20am            158          0          1         87       39.5      29.78      12.82
2:25am            158          0          1         88       39.2      29.78      12.82
2:30am            158          0          1         88       38.9      29.78      12.82
2:35am            158          0          0         88       38.9      29.78      12.82
2:40am            158          0          0         89       38.7      29.78      12.82
2:45am            158          0          0         89       38.4      29.78      12.82
2:50am            158          0          0         89       38.1      29.78      12.82
2:55am            158          0          0         89       37.9      29.78      12.82
3:00am            158          0          0         89       38.1      29.78      12.82
3:05am            158          0          0         89       38.1      29.78      12.82
3:10am            276          1          2         91       38.0      29.78      12.82
3:15am            273          1          2         91       37.6      29.78      12.82
3:20am            274          0          2         92       37.2      29.78      12.82
3:25am            274          0          2         92       37.0      29.78      12.82
3:30am            274          0          2         92       36.8      29.78      12.82
3:35am            274          0          0         91       36.7      29.79      12.82
3:40am            327          0          1         91       36.7      29.79      12.82
3:45am            360          0          1         88       37.2      29.78      12.82
3:50am            360          0          1         85       37.5      29.78      12.82
3:55am            291          1          1         84       37.7      29.78      12.82
4:00am            291          0          1         89       37.5      29.78      12.82
4:05am            291          0          1         88       37.1      29.78      12.82
4:10am            245          0          4         90       36.7      29.78      12.82
4:15am            277          0          4         92       36.0      29.79      12.82
4:20am            266          0          4         93       35.7      29.79      12.82
4:25am            266          0          4         93       35.4      29.79      12.82
4:30am            198          0          4         94       35.3      29.80      12.82
4:35am            198          0          0         94       35.2      29.80      12.82
4:40am            198          0          0         94       35.0      29.80      12.82
4:45am            198          0          0         95       35.0      29.80      12.82
4:50am            198          0          0         95       34.8      29.80      12.82
4:55am            198          0          0         95       34.7      29.80      12.82
5:00am            277          0          1         95       34.6      29.81      12.82
5:05am            277          0          1         95       34.3      29.81      12.82
5:10am            277          0          1         95       34.1      29.81      12.82
5:15am            277          0          1         95       33.9      29.81      12.82
5:20am            277          0          1         96       33.9      29.81      12.82
5:25am            277          0          1         96       33.8      29.81      12.82
5:30am            277          0          1         96       33.7      29.81      12.82
5:35am            277          0          1         96       33.7      29.81      12.82
5:40am            280          0          1         96       33.7      29.81      12.82
5:45am            283          0          1         96       33.6      29.82      12.82
5:50am            283          1          1         96       33.3      29.82      12.82
5:55am            274          0          1         96       33.2      29.82      12.82
6:00am            259          0          1         96       33.2      29.82      12.82
6:05am            286          1          1         96       33.1      29.82      12.82
6:10am            262          0          1         96       33.0      29.82      12.82
6:15am            253          0          1         96       32.8      29.82      12.82
6:20am            254          0          1         96       32.7      29.82      12.82
6:25am            254          0          1         96       32.5      29.82      12.82
6:30am            258          0          1         96       32.4      29.82      12.82
6:35am            258          0          1         96       32.2      29.82      12.82
6:40am            258          0          1         96       32.1      29.83      12.82
6:45am            258          0          1         96       32.0      29.83      12.82
6:50am            258          0          1         96       31.9      29.83      12.82
6:55am            258          0          1         96       31.8      29.83      12.82
7:00am            278          1          1         97       31.9      29.83      12.82
7:05am            290          1          2         97       32.0      29.83      12.82
7:10am            258          0          2         97       31.9      29.83      12.82
7:15am            246          0          2         97       31.8      29.83      12.82
7:20am            246          0          2         96       31.6      29.84      12.82
7:25am            271          0          2         97       31.6      29.84      12.82
7:30am            271          0          2         97       31.6      29.84      12.82
7:35am            270          0          1         97       31.7      29.84      12.82
7:40am            270          0          1         97       31.8      29.84      12.82
7:45am            253          0          1         97       32.1      29.85      12.82
7:50am            259          0          1         97       32.5      29.85      12.82
7:55am            271          2          2         97       32.8      29.85      12.82
8:00am            287          1          2         97       33.2      29.86      12.82
8:05am            259          0          1         96       33.7      29.86      12.82
8:10am            218          1          1         96       34.4      29.86      12.82
8:15am            261          0          1         96       35.0      29.86      12.82
8:20am            290          2          2         95       35.5      29.87      12.82
8:25am            226          0          2         94       36.0      29.87      12.82
8:30am            252          1          2         94       36.8      29.87      12.82
8:35am            292          1          2         92       37.2      29.87      12.82
8:40am            275          1          3         91       37.5      29.87      12.82
8:45am            272          0          3         91       37.7      29.87      12.82
8:50am            289          1          3         91       38.2      29.87      12.82
8:55am            268          1          3         90       38.7      29.87      12.82
9:00am            271          1          3         88       39.3      29.87      12.82
9:05am            272          1          3         88       39.8      29.88      12.82
9:10am            257          3          3         87       40.3      29.88      12.82
9:15am            280          1          4         86       40.8      29.88      12.82
9:20am            288          2          5         85       41.4      29.88      12.82
9:25am            262          1          5         84       41.9      29.88      12.82
9:30am            263          2          5         83       42.4      29.89      12.82
9:35am            288          3          5         83       42.8      29.89      12.82
9:40am            268          3          6         82       43.2      29.89      12.82
9:45am            271          1          6         82       43.5      29.89      12.82
9:50am            262          4          6         80       44.0      29.89      12.82
9:55am            284          3          6         80       44.2      29.89      12.82
10:00am           282          2          6         80       44.7      29.89      12.82
10:05am           275          3          4         78       45.3      29.89      12.82
10:10am           281          3          6         76       46.1      29.89      12.82
10:15am           232          3          7         77       46.3      29.89      12.82
10:20am           210          0          7         74       46.6      29.89      12.82
10:25am           278          5          8         73       46.7      29.89      12.82
10:30am           254          5          8         73       46.7      29.89      12.82
10:35am           256          4          8         73       47.1      29.89      12.82
10:40am           280          7          8         71       47.4      29.88      12.82
10:45am           276          5         10         73       47.6      29.89      12.82
10:50am           252          4         12         70       47.9      29.88      12.82
10:55am           263          2         12         69       47.9      29.88      12.82
11:00am           269          4         12         69       48.4      29.88      12.82
11:05am           264          1          8         67       48.7      29.88      12.82
11:10am           262          1          9         65       48.8      29.88      12.82
11:15am           245          4          9         64       49.2      29.88      12.82
11:20am           266          3          9         65       49.8      29.88      12.82
11:25am           287          4          9         65       50.0      29.88      12.82
11:30am           205          0          9         66       50.0      29.88      12.82
11:35am           247          4          4         62       50.9      29.88      12.82
11:40am           224          1          6         61       50.7      29.88      12.82
11:45am           278          2          6         62       51.3      29.88      12.82
11:50am           278          3          8         60       51.3      29.88      12.82
11:55am           210          3          8         61       51.5      29.88      12.82
12:00pm           294          1          8         60       52.0      29.88      12.82
12:05pm           267          3          6         59       52.4      29.88      12.82
12:10pm           274          3          8         58       52.0      29.88      12.82
12:15pm           300          1          8         60       51.9      29.88      12.82
12:20pm           307          4          8         57       52.4      29.88      12.82
12:25pm           288          2          8         57       52.7      29.87      12.82
12:30pm           275          5          8         56       52.6      29.87      12.82
12:35pm           263          3          6         56       52.6      29.87      12.82
12:40pm           226          3          7         55       52.8      29.86      12.82
12:45pm           190          2          7         55       53.5      29.86      12.82
12:50pm           250          1          7         53       53.7      29.86      12.82
12:55pm            62          3          7         51       53.7      29.86      12.82
1:00pm            257          2          7         51       53.9      29.86      12.82
1:05pm            269          4          6         52       54.0      29.86      12.82
1:10pm            250          1          6         51       54.2      29.85      12.82
1:15pm            283          5          9         50       54.3      29.85      12.82
1:20pm            228          2          9         52       54.8      29.85      12.82
1:25pm            277          2          9         51       55.1      29.85      12.82
1:30pm            268          6          9         52       55.1      29.85      12.82
1:35pm            308          0          6         53       55.0      29.84      12.82
1:40pm            272          2          8         50       55.3      29.84      12.82
1:45pm            278          4         10         50       55.8      29.84      12.82
1:50pm            307          8         10         49       55.8      29.84      12.82
1:55pm            280          3         10         50       56.1      29.83      12.82
2:00pm            265          6         10         50       56.1      29.84      12.82
2:05pm            226          2          8         49       56.5      29.84      12.82
2:10pm            235          5         12         51       56.5      29.83      12.82
2:15pm            290          1         12         49       56.7      29.83      12.82
2:20pm            266          3         12         47       56.6      29.83      12.82
2:25pm            177          2         12         49       56.6      29.83      12.82
2:30pm            205          4         12         49       57.4      29.83      12.82
2:35pm            257          7         11         48       57.3      29.83      12.82
2:40pm            276          1         11         49       57.4      29.83      12.82
2:45pm            256          3         11         48       57.6      29.83      12.82
2:50pm            245          4         11         48       58.0      29.83      12.82
2:55pm            240          2         11         47       58.0      29.82      12.82
3:00pm            281          3         11         47       58.2      29.82      12.82
3:05pm            210          1          8         47       58.5      29.82      12.82
3:10pm            253          6         12         45       58.3      29.82      12.82
3:15pm            271          3         12         47       58.6      29.82      12.82
3:20pm            284          3         12         45       58.9      29.82      12.82
3:25pm            268          2         12         46       58.9      29.82      12.82
3:30pm            302          3         12         45       58.8      29.82      12.82
3:35pm            288          1          5         46       58.9      29.82      12.82
3:40pm            215          3          6         46       59.1      29.82      12.82
3:45pm            265          1          6         46       59.3      29.82      12.82
3:50pm            266          3          7         43       59.5      29.82      12.82
3:55pm            290          5          7         43       59.3      29.81      12.82
3:59pm            301          2          7         44       59.0      29.82      12.82
4:05pm            285          4          6         44       59.0      29.82      12.82
4:10pm            272          6          8         45       58.8      29.82      12.82
4:15pm            276          5          8         43       58.7      29.82      12.82
4:20pm            269          3          8         44       58.7      29.82      12.82
4:25pm            266          3          8         43       58.8      29.82      12.82
4:30pm            271          2          8         43       58.8      29.82      12.82
4:35pm            301          6          9         44       58.6      29.82      12.82
4:40pm            269          2          9         44       58.6      29.82      12.82
4:45pm            231          3          9         46       58.6      29.82      12.82
4:50pm            276          6          9         45       58.4      29.82      12.82
4:55pm            282          3          9         46       58.2      29.82      12.82
5:00pm            257          3          9         46       58.1      29.82      12.82
5:05pm            281          2          8         47       57.9      29.82      12.82
5:10pm            221          3          8         48       57.8      29.82      12.82
5:15pm            290          4          8         49       57.6      29.82      12.82
5:20pm            340          2          8         51       57.1      29.82      12.82
5:25pm            262          1          8         52       56.5      29.82      12.82
5:30pm            225          0          8         54       56.1      29.82      12.82
5:35pm            271          1          2         54       55.6      29.82      12.82
5:40pm            259          0          2         57       54.9      29.82      12.82
5:45pm            262          1          2         59       54.0      29.82      12.82
5:50pm            274          3          3         59       53.5      29.82      12.82
5:55pm            276          2          3         59       53.2      29.82      12.82
5:59pm            238          1          3         60       53.1      29.82      12.82
6:05pm            266          0          3         58       53.0      29.82      12.82
6:10pm            256          0          4         59       52.9      29.82      12.82
6:15pm            290          2          5         60       52.8      29.82      12.82
6:20pm            276          1          6         60       52.7      29.82      12.82
6:25pm            281          1          6         60       52.6      29.82      12.82
6:30pm            272          1          6         59       52.5      29.82      12.82
6:35pm            251          1          4         59       52.5      29.82      12.82
6:40pm            264          2          7         59       52.4      29.83      12.82
6:45pm            224          2          7         60       52.1      29.83      12.82
6:50pm            240          0          7         63       51.5      29.83      12.82
6:55pm            252          0          7         64       50.9      29.83      12.82
7:00pm            252          0          7         65       50.3      29.84      12.82
7:05pm            244          0          1         68       49.8      29.84      12.82
7:10pm            244          0          1         69       49.2      29.84      12.82
7:15pm            244          0          1         70       48.5      29.84      12.82
7:20pm            244          0          1         73       47.9      29.84      12.82
7:25pm            244          0          1         75       47.4      29.84      12.82
7:30pm            244          0          1         75       47.1      29.85      12.82
7:35pm            244          0          0         75       46.6      29.85      12.82
7:40pm            244          0          0         76       46.1      29.85      12.82
7:45pm            244          0          1         77       46.1      29.85      12.82
7:50pm            244          0          1         79       46.0      29.85      12.82
7:55pm            244          0          1         79       45.7      29.85      12.82
8:00pm            244          0          1         80       45.3      29.85      12.82
8:05pm            244          0          0         80       45.0      29.85      12.82
8:10pm            244          1          1         79       45.2      29.84      12.82
8:15pm            266          0          1         79       45.5      29.84      12.82
8:20pm            268          1          2         79       45.8      29.84      12.82
8:25pm            264          0          2         78       46.0      29.84      12.82
8:30pm            286          1          2         79       45.8      29.84      12.82
8:35pm            279          1          1         80       45.8      29.85      12.82
8:40pm            252          2          2         81       45.3      29.85      12.82
8:45pm            258          1          4         82       44.9      29.85      12.82
8:50pm            259          1          4         79       45.4      29.85      12.82
8:55pm            271          2          7         77       46.3      29.85      12.82
9:00pm            286          1          7         76       46.7      29.85      12.82
9:05pm            290          2          4         78       46.5      29.85      12.82
9:10pm            297          2          4         77       46.5      29.84      12.82
9:15pm            259          1          4         78       46.4      29.84      12.82
9:20pm            252          0          4         79       45.8      29.84      12.82
9:25pm            221          0          4         81       45.1      29.84      12.82
9:30pm            288          1          4         80       44.8      29.84      12.82
9:35pm            250          2          3         80       45.2      29.84      12.82
9:40pm            252          0          3         81       45.3      29.84      12.82
9:45pm            266          3          3         81       44.9      29.84      12.82
9:50pm            244          2          4         81       44.6      29.83      12.82
9:55pm            278          3          5         80       45.4      29.84      12.82
10:00pm           280          2          8         76       46.7      29.83      12.82
10:05pm           274          1          5         75       47.1      29.84      12.82
10:10pm           271          1          7         74       47.4      29.83      12.82
10:15pm           296          1          8         74       47.5      29.83      12.82
10:20pm           280          3          8         74       47.6      29.83      12.82
10:25pm           284          3          8         74       47.6      29.83      12.82
10:30pm           266          7         11         73       47.8      29.83      12.82
10:35pm           207          4         12         73       48.2      29.82      12.82
10:40pm           288          4         12         71       48.5      29.82      12.82
10:45pm           279          5         12         71       48.7      29.82      12.82
10:50pm           302          2         13         70       49.1      29.82      12.82
10:55pm           282          4         13         70       49.0      29.82      12.82
11:00pm           317          1         13         70       49.0      29.82      12.82
11:05pm           271          3         11         69       49.1      29.82      12.82
11:10pm           264          3         11         69       49.2      29.82      12.82
11:15pm           197          5         11         69       49.2      29.82      12.82
11:20pm           282          5         11         69       49.2      29.82      12.82
11:25pm           279          6         11         69       49.2      29.82      12.82
11:30pm           288          4         11         69       49.1      29.82      12.82
11:35pm           285          1         12         70       48.8      29.82      12.82
11:40pm           218          2         12         71       48.3      29.81      12.82
11:45pm           281          3         12         73       47.7      29.81      12.82
11:50pm           259          3         12         74       47.2      29.81      12.82
11:55pm           209          0         12         75       47.0      29.81      12.82
