10/23/15
Time         Wind Dir   Wind Spd  Wind Gust   Humidity       Temp  Raw Barom   Tot Rain
                    °        mph        mph          %         °F         in         in
12:00am           270          2          8         70       48.9      29.97      13.09
12:30am           248          2         10         71       48.6      29.96      13.09
1:00am            270          2          8         73       48.0      29.96      13.09
1:30am            248          1          6         74       47.1      29.96      13.09
2:00am            248          1          8         79       45.7      29.96      13.09
2:30am            270          2         10         76       47.1      29.96      13.09
3:00am            270          1          6         74       47.6      29.97      13.09
3:30am            292          2         13         74       45.9      29.98      13.09
4:00am            270          2          9         77       44.8      29.99      13.09
4:30am             45          2         11         74       42.8      30.01      13.09
5:00am             68          2         12         71       40.9      30.03      13.09
5:30am             68          2         13         67       39.2      30.05      13.09
6:00am            270          2         13         66       37.6      30.06      13.09
6:30am            270          2          9         70       36.3      30.07      13.09
7:00am            270          2         10         71       36.0      30.09      13.09
7:30am            270          1          7         70       36.4      30.09      13.09
8:00am             68          1          8         69       36.7      30.12      13.09
8:30am             90          1          8         69       37.1      30.13      13.09
9:00am            270          2         10         70       37.5      30.13      13.09
9:30am            270          2         11         69       37.7      30.14      13.09
10:00am            68          2         12         66       38.2      30.16      13.09
10:30am           270          2         13         67       38.3      30.17      13.09
11:00am           270          3         18         68       38.6      30.17      13.09
11:30am           270          3         10         65       39.7      30.17      13.09
12:00pm           270          3         11         68       38.8      30.18      13.09
12:30pm           270          2         15         70       38.6      30.20      13.09
1:00pm            270          2          9         68       39.6      30.19      13.09
1:30pm            270          3         12         65       40.8      30.19      13.09
2:00pm            270          2         10         63       41.2      30.19      13.09
2:30pm            270          2         14         59       41.7      30.19      13.09
3:00pm             90          3         12         59       42.3      30.19      13.09
3:30pm             90          3         11         60       42.8      30.20      13.09
4:00pm             68          3         13         60       42.5      30.21      13.09
4:30pm             90          2         10         59       42.0      30.23      13.09
5:00pm             68          2          7         64       40.6      30.23      13.09
5:30pm             68          2         10         65       39.1      30.23      13.09
6:00pm             68          1          8         69       37.5      30.24      13.09
6:30pm             45          1          6         73       36.4      30.25      13.09
7:00pm            270          0          4         74       35.5      30.26      13.09
7:30pm            270          0          5         75       34.9      30.27      13.09
8:00pm            248          0          6         76       34.5      30.28      13.09
8:30pm            225          0          3         80       32.9      30.29      13.09
9:00pm            225          0          2         82       31.8      30.30      13.09
9:30pm             90          0          1         82       31.7      30.31      13.09
10:00pm           248          0          1         86       30.3      30.32      13.09
10:30pm           248          0          1         86       30.2      30.33      13.09
11:00pm           270          0          1         88       29.3      30.34      13.09
11:30pm           292          0          1         89       29.0      30.34      13.09
