10/1/15
Time         Wind Dir   Wind Spd  Wind Gust   Humidity       Temp  Raw Barom   Tot Rain
                    °        mph        mph          %         °F         in         in
12:00am            65          1         11         90       47.0      29.98      11.88
12:04am           240          2          5         90       47.0      29.99      11.88
12:09am           264          1          5         90       46.9      29.99      11.88
12:14am           124          1          5         90       46.9      29.99      11.88
12:19am           290          1          7         89       46.9      29.99      11.88
12:25am           214          1          7         90       46.8      29.98      11.88
12:30am           213          0          7         90       46.8      29.99      11.88
12:34am           129          0          9         89       46.7      29.98      11.88
12:40am           250          0          9         89       46.6      29.98      11.88
12:45am            84          2          9         90       46.5      29.99      11.88
12:50am           228          2          9         90       46.5      29.99      11.88
12:55am            62          0          9         89       46.4      29.99      11.88
1:00am            234          0          9         89       46.4      29.99      11.88
1:04am            214          1          4         89       46.3      29.99      11.88
1:10am            317          2          7         89       46.3      30.00      11.88
1:14am            295          2          7         89       46.2      30.00      11.88
1:19am            216          0          7         89       46.2      30.00      11.88
1:25am             13          1          7         88       46.2      30.01      11.88
1:30am            194          0          7         89       46.1      30.01      11.88
1:35am            101          2          6         88       46.1      30.01      11.88
1:40am             79          2          6         89       46.0      30.01      11.88
1:45am            240          3          6         89       45.9      30.02      11.88
1:50am            346          1          6         88       45.8      30.02      11.88
1:54am            269          0          6         89       45.8      30.01      11.88
2:00am            205          1          6         89       45.7      30.02      11.88
2:04am            285          2          5         89       45.7      30.02      11.88
2:10am             89          1          6         89       45.7      30.01      11.88
2:14am             86          0          6         89       45.7      30.02      11.88
2:19am             21          1          6         89       45.7      30.02      11.88
2:24am            281          1          6         90       45.8      30.02      11.88
2:30am            190          2          6         89       45.8      30.02      11.88
2:35am            156          0          3         89       45.9      30.03      11.88
2:40am              2          1          5         89       45.8      30.02      11.88
2:45am            148          0          5         89       45.7      30.02      11.88
2:50am            161          2          5         89       45.7      30.03      11.88
2:55am            129          0          5         90       45.8      30.03      11.88
3:00am             83          0          5         90       45.7      30.03      11.88
3:05am            284          0          3         89       45.7      30.03      11.88
3:10am            336          0          4         89       45.5      30.03      11.88
3:15am             80          0          4         90       45.4      30.02      11.88
3:19am            291          0          4         90       45.3      30.02      11.88
3:24am            274          2          4         90       45.3      30.02      11.88
3:30am            324          0          4         89       45.3      30.02      11.88
3:35am            326          1          5         89       45.2      30.02      11.88
3:40am            274          0          5         90       45.1      30.02      11.88
3:45am            261          1          5         90       45.1      30.03      11.88
3:50am            265          0          5         89       45.0      30.03      11.88
3:55am             82          0          5         90       45.0      30.03      11.88
4:00am             75          2          5         90       45.0      30.03      11.88
4:04am            339          0          4         90       45.0      30.03      11.88
4:10am             82          2          4         90       45.0      30.03      11.88
4:15am            264          0          5         90       45.0      30.04      11.88
4:20am            262          0          5         90       45.0      30.04      11.88
4:25am            217          1          5         90       45.1      30.05      11.88
4:30am            280          1          5         89       45.1      30.05      11.88
4:35am            285          2          7         89       45.1      30.05      11.88
4:40am             61          0          7         90       45.1      30.05      11.88
4:45am            348          0          7         89       45.0      30.05      11.88
4:50am            271          2          7         89       45.0      30.05      11.88
4:55am            257          3          7         90       45.0      30.06      11.88
5:00am             81          0          7         89       44.9      30.05      11.88
5:05am             87          0          3         89       45.0      30.05      11.88
5:10am             84          2         10         89       44.9      30.05      11.88
5:15am             10          0         10         89       44.8      30.05      11.88
5:20am             60          0         10         89       44.8      30.05      11.88
5:25am             98          1         10         90       44.8      30.06      11.88
5:30am            209          1         10         90       44.8      30.06      11.88
5:35am            224          1          4         89       44.9      30.06      11.88
5:40am            358          3          4         90       44.8      30.06      11.88
5:45am             99          1          4         89       44.8      30.06      11.88
5:50am             41          1          4         89       44.8      30.06      11.88
5:55am            275          2          5         89       44.8      30.07      11.88
6:00am             61          2          5         89       44.8      30.07      11.88
6:05am            316          0          4         90       44.8      30.07      11.88
6:10am            269          0          4         90       44.8      30.07      11.88
6:15am            341          0          5         90       44.8      30.07      11.88
6:20am             85          0          5         89       44.7      30.07      11.88
6:25am            340          0          5         90       44.6      30.07      11.88
6:30am            199          0          5         90       44.6      30.08      11.88
6:35am            257          0          2         91       44.7      30.08      11.88
6:40am            226          0          2         90       44.7      30.09      11.88
6:45am            328          1          2         90       44.7      30.09      11.88
6:50am            285          0          4         89       44.7      30.09      11.88
6:55am            212          0          4         90       44.8      30.09      11.88
7:00am            294          0          4         90       44.9      30.09      11.88
7:05am             54          1          2         90       44.9      30.09      11.88
7:10am             93          1          2         89       44.9      30.09      11.88
7:15am            259          0          2         89       44.9      30.09      11.88
7:20am             70          0          8         90       44.9      30.10      11.88
7:25am             60          1          8         89       44.9      30.10      11.88
7:30am            272          6          8         89       45.0      30.10      11.88
7:35am             46          0          7         89       45.1      30.10      11.88
7:40am             77          0          7         90       45.1      30.10      11.88
7:45am            153          0          7         90       45.2      30.10      11.88
7:50am            309          1          7         90       45.4      30.11      11.88
7:55am            145          0          7         88       45.3      30.11      11.88
8:00am             60          0          7         89       45.4      30.12      11.88
8:05am             62          0          1         89       45.6      30.12      11.88
8:10am            200          1          2         88       45.8      30.12      11.88
8:15am            306          0          2         88       45.9      30.12      11.88
8:20am            274          1          5         88       46.1      30.12      11.88
8:25am            283          1          5         87       46.1      30.13      11.88
8:30am            269          1          5         88       46.3      30.13      11.88
8:35am            139          0          2         87       46.4      30.13      11.88
8:40am             74          2          3         87       46.6      30.13      11.88
8:45am            356          0          6         86       46.5      30.12      11.88
8:50am            358          1          6         87       46.5      30.13      11.88
8:55am            297          0          6         86       46.6      30.13      11.88
9:00am            259          0          6         86       46.7      30.13      11.88
9:05am            271          1          6         85       46.7      30.12      11.88
9:10am            124          0          6         87       47.0      30.12      11.88
9:15am            218          0          6         86       47.8      30.13      11.88
9:20am            243          1          6         84       48.5      30.13      11.88
9:25am             20          0          7         83       48.4      30.14      11.88
9:30am            270          1          7         83       48.8      30.14      11.88
9:35am            244          2          5         82       49.3      30.14      11.88
9:40am             73          1          5         81       49.5      30.13      11.88
9:45am            288          0          5         81       49.7      30.13      11.88
9:50am            243          1          5         81       49.9      30.13      11.88
9:55am            204          2          5         81       50.1      30.13      11.88
10:00am           133          1          5         81       50.4      30.13      11.88
10:05am           331          1          4         80       50.0      30.13      11.88
10:10am            63          0          4         82       49.9      30.13      11.88
10:15am            47          2          7         81       50.6      30.13      11.88
10:20am           184          1          7         81       51.2      30.14      11.88
10:25am            50          0          7         79       52.0      30.13      11.88
10:30am           319          1          7         78       52.4      30.13      11.88
10:35am           108          0          4         79       52.6      30.13      11.88
10:40am           141          1          4         79       53.2      30.13      11.88
10:45am           276          2          4         77       54.0      30.13      11.88
10:50am           266          2          7         75       54.1      30.13      11.88
10:55am           188          0          8         75       54.2      30.14      11.88
11:00am           140          1          8         75       54.7      30.14      11.88
11:05am            52          0          8         73       54.7      30.14      11.88
11:10am           124          0          8         74       55.0      30.14      11.88
11:15am           127          0          8         73       54.8      30.14      11.88
11:20am           172          0          8         75       55.5      30.14      11.88
11:25am           295          2          8         72       55.4      30.14      11.88
11:30am           328          2          8         72       55.1      30.14      11.88
11:35am           153          1          6         73       54.6      30.14      11.88
11:40am           181          2          6         74       54.5      30.14      11.88
11:45am            77          6          8         75       54.9      30.14      11.88
11:50am             1          3          8         73       55.3      30.14      11.88
11:55am            25          0          8         74       55.5      30.14      11.88
12:00pm           286          0          8         72       55.7      30.14      11.88
12:05pm           297          2          4         73       55.8      30.14      11.88
12:10pm           288          1          4         73       56.1      30.14      11.88
12:15pm            72          1          9         73       56.0      30.14      11.88
12:20pm           184          1          9         73       56.4      30.14      11.88
12:25pm           147          1          9         71       56.7      30.14      11.88
12:30pm           106          3          9         73       57.1      30.14      11.88
12:35pm            76          3          7         71       56.5      30.14      11.88
12:40pm           110          1          7         72       56.6      30.14      11.88
12:45pm           145          1          7         72       56.2      30.14      11.88
12:50pm           131          1          7         74       56.2      30.14      11.88
12:55pm           150          3          7         72       56.4      30.15      11.88
1:00pm            153          4          7         71       56.4      30.15      11.88
1:05pm             67          1          8         71       55.9      30.15      11.88
1:10pm            101          5          8         72       55.5      30.14      11.88
1:15pm            243          3          8         73       55.5      30.14      11.88
1:20pm            306          0          8         74       55.6      30.14      11.88
1:25pm            330          2          8         73       56.1      30.14      11.88
1:30pm            200          1          8         72       56.5      30.14      11.88
1:35pm             96          4          4         72       56.7      30.15      11.88
1:40pm            146          2          6         71       56.4      30.15      11.88
1:45pm            130          3          6         72       56.8      30.14      11.88
1:50pm            333          2          6         71       56.8      30.14      11.88
1:55pm             66          4          7         71       56.6      30.15      11.88
2:00pm            261          1          8         73       56.2      30.15      11.88
2:05pm            288          5          7         71       56.8      30.14      11.88
2:10pm            281          5          9         71       56.3      30.14      11.88
2:15pm            155          3          9         73       56.3      30.14      11.88
2:20pm            215          0          9         72       56.3      30.14      11.88
2:25pm            295          2          9         71       56.3      30.14      11.88
2:30pm            203          2          9         72       56.2      30.13      11.88
2:35pm            202          1          6         71       56.6      30.13      11.88
2:40pm            358          1          6         71       57.0      30.13      11.88
2:45pm            288          6         10         69       57.0      30.13      11.88
2:50pm             34          1         10         70       56.8      30.13      11.88
2:55pm            319          2         10         72       56.7      30.13      11.88
3:00pm            257          4         10         69       57.1      30.13      11.88
3:05pm            138          1          7         70       57.1      30.13      11.88
3:10pm            259          2          7         70       57.1      30.13      11.88
3:15pm            128          1          7         70       57.1      30.14      11.88
3:20pm             41          3          7         70       57.2      30.14      11.88
3:25pm             29          0          7         71       56.9      30.14      11.88
3:30pm            143          1          7         73       56.9      30.14      11.88
3:35pm            129          0          7         71       56.8      30.15      11.88
3:40pm            262          1          7         72       56.5      30.15      11.88
3:45pm            144          1          7         72       56.3      30.14      11.88
3:50pm            225          3          7         70       56.3      30.14      11.88
3:55pm            245          2          7         72       56.2      30.15      11.88
4:00pm            119          1          7         71       56.1      30.15      11.88
4:05pm            290          0          5         72       56.1      30.14      11.88
4:10pm            104          0          5         72       55.9      30.15      11.88
4:15pm            248          2          6         72       55.7      30.15      11.88
4:20pm            314          3          6         72       55.6      30.15      11.88
4:25pm             28          1          6         73       55.4      30.15      11.88
4:30pm            151          1          6         73       55.2      30.15      11.88
4:35pm            169          0          5         72       55.1      30.14      11.88
4:40pm            293          0          5         72       55.0      30.14      11.88
4:45pm            236          0          5         72       54.9      30.15      11.88
4:50pm            209          2          6         71       54.9      30.15      11.88
4:55pm            269          1          6         71       54.8      30.15      11.88
5:00pm             93          2          6         72       54.7      30.15      11.88
5:05pm             76          0          5         72       54.7      30.15      11.88
5:10pm            222          0          5         72       54.6      30.16      11.88
5:15pm             59          3          5         72       54.7      30.16      11.88
5:20pm             47          2          5         70       54.6      30.16      11.88
5:25pm             86          1          6         70       54.6      30.16      11.88
5:30pm            122          0          6         70       54.6      30.17      11.88
5:35pm            183          1          8         70       54.5      30.17      11.88
5:40pm             84          2          8         69       54.4      30.16      11.88
5:45pm            232          1          8         69       54.1      30.17      11.88
5:50pm            257          0          8         69       54.0      30.17      11.88
5:55pm             68          1          8         68       53.9      30.16      11.88
5:59pm            238          1          8         68       53.8      30.16      11.88
6:05pm            205          0          7         68       53.6      30.17      11.88
6:10pm            266          1          7         69       53.5      30.16      11.88
6:15pm            136          2          7         69       53.3      30.17      11.88
6:20pm            143          0          7         70       53.2      30.17      11.88
6:25pm            177          1          7         69       53.0      30.18      11.88
6:30pm            228          0          7         70       52.8      30.18      11.88
6:35pm             74          1          3         68       52.6      30.19      11.88
6:40pm            122          0          3         68       52.5      30.19      11.88
6:45pm             53          4          7         68       52.4      30.19      11.88
6:50pm            333          2          7         69       52.3      30.19      11.88
6:55pm            257          1          7         69       52.1      30.19      11.88
7:00pm            131          1          7         71       52.0      30.20      11.88
7:05pm             31          1          3         69       52.0      30.19      11.88
7:10pm             49          1          6         70       51.8      30.19      11.88
7:15pm             65          1          6         71       51.7      30.20      11.88
7:20pm             28          2          6         71       51.6      30.20      11.88
7:25pm             89          2          7         71       51.4      30.19      11.88
7:30pm            207          0          7         72       51.2      30.20      11.88
7:35pm            133          2          8         72       51.0      30.20      11.88
7:40pm            242          1          8         72       50.9      30.20      11.88
7:45pm            258          1          8         73       50.9      30.20      11.88
7:50pm            321          2          8         73       50.8      30.21      11.88
7:55pm             96          0          8         75       50.6      30.21      11.88
8:00pm            328          2          8         73       50.4      30.21      11.88
8:05pm            137          0          5         74       50.4      30.21      11.88
8:10pm            346          1          5         74       50.3      30.21      11.88
8:15pm            289          3          8         74       50.2      30.21      11.88
8:20pm             68          0          8         74       50.2      30.22      11.88
8:25pm            209          1          8         73       50.1      30.21      11.88
8:30pm             79          3          8         73       50.1      30.22      11.88
8:35pm             74          2          7         74       50.1      30.22      11.88
8:40pm            179          3          7         75       50.1      30.22      11.88
8:45pm            150          2          7         75       50.1      30.22      11.88
8:50pm            141          2          7         74       50.1      30.22      11.88
8:55pm             92          1          7         75       50.0      30.23      11.88
9:00pm             82          3          7         75       49.9      30.23      11.88
9:05pm            173          2          3         78       49.8      30.23      11.88
9:10pm            316          0          4         75       49.7      30.23      11.88
9:15pm            266          0          4         75       49.6      30.23      11.88
9:20pm            200          0          4         78       49.5      30.24      11.88
9:25pm            139          1          5         77       49.4      30.24      11.88
9:30pm            300          1          5         76       49.3      30.24      11.88
9:35pm            113          1          2         76       49.3      30.24      11.88
9:40pm            271          0          3         76       49.2      30.24      11.88
9:45pm            281          1          3         76       49.2      30.24      11.88
9:50pm            309          0          3         77       49.1      30.24      11.88
9:55pm             87          0          3         77       49.0      30.25      11.88
10:00pm            12          1          3         77       48.9      30.24      11.88
10:05pm           108          0          2         78       48.8      30.24      11.88
10:10pm           217          0          2         78       48.7      30.25      11.88
10:15pm           129          0          2         79       48.6      30.25      11.88
10:20pm           266          0          2         78       48.5      30.25      11.88
10:25pm           204          0          3         78       48.4      30.25      11.88
10:30pm           195          0          3         79       48.4      30.25      11.88
10:35pm           243          0          1         79       48.3      30.25      11.88
10:40pm           331          1          5         79       48.1      30.25      11.88
10:45pm           329          0          5         79       48.1      30.25      11.88
10:50pm           270          2          6         79       48.1      30.25      11.88
10:55pm           138          0          6         79       48.0      30.25      11.88
11:00pm           180          0          6         79       48.1      30.25      11.88
11:05pm           257          0          4         79       48.1      30.24      11.88
11:10pm           359          0          4         79       47.9      30.25      11.88
11:15pm            81          1          4         79       47.8      30.25      11.88
11:20pm           123          0          4         80       47.8      30.25      11.88
11:25pm             1          1          4         79       47.7      30.25      11.88
11:30pm           340          1          4         79       47.7      30.25      11.88
11:35pm           123          2          3         81       47.7      30.25      11.88
11:40pm           270          0          3         80       47.6      30.25      11.88
11:45pm           103          0          3         81       47.5      30.25      11.88
11:50pm           103          0          3         81       47.3      30.25      11.88
11:55pm           266          1          3         83       47.3      30.24      11.88
