11/15/15
Time         Wind Dir   Wind Spd  Wind Gust   Humidity       Temp  Raw Barom   Tot Rain
                    °        mph        mph          %         °F         in         in
12:00am           265          4          9         74       31.5      30.06      15.29
12:05am           246          1          8         74       31.6      30.05      15.29
12:10am           269          0          8         74       31.5      30.06      15.29
12:14am           282          1          8         74       31.5      30.06      15.29
12:19am           275          2         10         73       31.6      30.06      15.29
12:25am           257          1         10         74       31.4      30.06      15.29
12:30am           219          3         10         75       31.2      30.06      15.29
12:34am           300          1          3         76       30.9      30.06      15.29
12:40am           293          4         10         75       31.0      30.06      15.29
12:44am           226          4         10         75       31.0      30.07      15.29
12:50am           245          2         10         75       31.0      30.07      15.29
12:54am           246          2         10         75       30.9      30.07      15.29
1:00am            269          4         10         76       30.8      30.07      15.29
1:04am            283          3          5         76       30.7      30.06      15.29
1:09am            264          0          5         76       30.6      30.06      15.29
1:15am            262          5          8         76       30.5      30.06      15.29
1:20am            298          4          8         76       30.6      30.06      15.29
1:25am            240          0          8         76       30.5      30.06      15.29
1:30am            267          1          8         76       30.4      30.07      15.29
1:35am            236          0          4         76       30.4      30.07      15.29
1:39am            238          2          6         77       30.2      30.07      15.29
1:45am            242          0          6         76       30.3      30.07      15.29
1:50am            251          1          6         77       30.2      30.08      15.29
1:55am            257          1          7         77       30.2      30.07      15.29
2:00am            245          3          8         76       30.3      30.06      15.29
2:05am            274          8         11         76       30.4      30.07      15.29
2:09am            266          2         11         76       30.6      30.07      15.29
2:14am            214          3         11         76       30.6      30.07      15.29
2:20am            236          2         11         76       30.6      30.07      15.29
2:25am            216          2         11         76       30.5      30.07      15.29
2:30am            270          1         11         77       30.3      30.07      15.29
2:34am            273          0          6         76       30.3      30.08      15.29
2:40am            245          0          6         76       30.3      30.08      15.29
2:45am            203          0          6         76       30.4      30.07      15.29
2:50am            287          2          6         77       30.4      30.07      15.29
2:55am            261          0          6         76       30.4      30.07      15.29
3:00am            276          1          7         76       30.3      30.07      15.29
3:04am            256          0          5         76       30.4      30.07      15.29
3:10am            248          0          5         76       30.4      30.08      15.29
3:15am            282          0          5         76       30.4      30.08      15.29
3:20am            271          1          8         76       30.5      30.08      15.29
3:25am            243          3          8         75       30.4      30.08      15.29
3:30am            224          2          8         75       30.5      30.08      15.29
3:35am            285          0          3         76       30.5      30.08      15.29
3:40am            252          0          3         76       30.3      30.08      15.29
3:45am            259          1          3         76       30.2      30.08      15.29
3:50am            290          1          6         76       30.1      30.08      15.29
3:55am            281          1          6         77       29.9      30.09      15.29
4:00am            308          2          6         76       29.9      30.09      15.29
4:05am            290          1          4         77       29.8      30.09      15.29
4:10am            183          2          6         77       29.7      30.09      15.29
4:15am            238          4          7         77       29.7      30.09      15.29
4:20am            248          2          7         77       29.8      30.09      15.29
4:25am            260          2          7         76       29.9      30.09      15.29
4:30am            245          3          7         76       30.1      30.09      15.29
4:35am            261          0          5         76       30.0      30.09      15.29
4:40am            266          2         10         76       30.3      30.09      15.29
4:45am            256          5         11         74       30.6      30.09      15.29
4:50am            251          2         11         74       30.8      30.10      15.29
4:55am            255         10         11         74       30.9      30.09      15.29
5:00am            269          3         11         74       30.8      30.10      15.29
5:05am            248          1          6         76       30.4      30.10      15.29
5:10am            268          2          9         76       30.2      30.10      15.29
5:15am            242          2          9         76       30.1      30.10      15.29
5:20am            230          2          9         77       29.9      30.10      15.29
5:24am            252          2          9         77       29.8      30.10      15.29
5:30am            261          1          9         78       29.7      30.10      15.29
5:35am            255          3          6         77       29.7      30.10      15.29
5:40am            278          4          7         77       29.8      30.11      15.29
5:45am            292          1          8         77       29.8      30.11      15.29
5:50am            250          3          9         76       30.1      30.10      15.29
5:55am            220          3          9         77       30.1      30.11      15.29
6:00am            246          2          9         76       30.1      30.11      15.29
6:05am            255          4          8         77       30.2      30.11      15.29
6:10am            249          4          8         76       30.2      30.11      15.29
6:15am            267          2          8         76       30.3      30.11      15.29
6:20am            300          2         10         76       30.3      30.11      15.29
6:25am            272          3         10         77       30.2      30.10      15.29
6:30am            256          5         10         77       30.4      30.11      15.29
6:35am            241          3          9         76       30.6      30.11      15.29
6:40am            278          1          9         76       30.8      30.11      15.29
6:45am            276          2          9         76       30.8      30.11      15.29
6:50am            261          2          9         76       30.8      30.11      15.29
6:55am            298          4          9         76       30.9      30.11      15.29
7:00am            301          4          9         76       31.3      30.11      15.29
7:05am            255          5          7         75       31.7      30.11      15.29
7:10am            278          3          7         74       32.0      30.11      15.29
7:15am            273          2          7         74       32.0      30.11      15.29
7:20am            269          1          7         74       31.9      30.11      15.29
7:25am            269          3          7         76       31.6      30.11      15.29
7:30am            281          3          7         76       31.3      30.11      15.29
7:35am            265          3          5         77       31.2      30.10      15.29
7:40am            270          3          6         77       31.1      30.11      15.29
7:45am            268          1          6         77       31.4      30.11      15.29
7:50am            264          4          6         77       31.8      30.11      15.29
7:55am            264          4          7         77       32.3      30.11      15.29
8:00am            291          4          8         76       32.8      30.11      15.29
8:05am            241          5          7         76       33.3      30.11      15.29
8:10am            271          3          7         76       33.5      30.11      15.29
8:15am            272          6          8         76       33.8      30.11      15.29
8:20am            259          2          8         76       34.2      30.11      15.29
8:25am            288          7          8         75       34.6      30.11      15.29
8:30am            276          4          8         75       34.9      30.10      15.29
8:35am            269          5          8         74       35.1      30.10      15.29
8:40am            280          4          8         74       35.3      30.10      15.29
8:45am            240          1          8         74       35.6      30.10      15.29
8:50am            275          6          8         74       36.0      30.10      15.29
8:55am            278          8          8         74       36.4      30.10      15.29
9:00am            262          3          8         73       37.0      30.10      15.29
9:05am            269          5          6         72       37.4      30.09      15.29
9:10am            278          4          7         71       37.5      30.09      15.29
9:15am            280          5          8         71       37.3      30.09      15.29
9:20am            259          6          9         72       37.3      30.08      15.29
9:25am            332          5          9         71       37.5      30.09      15.29
9:30am            266          4          9         71       37.8      30.09      15.29
9:35am            258          8          8         69       38.0      30.08      15.29
9:40am            284          4          8         69       38.2      30.08      15.29
9:45am            236          4          8         68       38.3      30.08      15.29
9:50am            262          3          8         68       38.6      30.08      15.29
9:55am            288          3          8         67       38.9      30.08      15.29
10:00am           279          5          8         67       39.2      30.08      15.29
10:05am           265          1          8         66       39.5      30.08      15.29
10:10am           278          2          9         65       39.7      30.08      15.29
10:15am           259          3          9         64       39.9      30.08      15.29
10:20am           257          3         10         62       40.2      30.08      15.29
10:25am           286          5         10         62       40.5      30.08      15.29
10:30am           264          2         10         62       40.7      30.08      15.29
10:35am           294          4          7         60       40.9      30.07      15.29
10:40am           270          4          8         60       41.0      30.07      15.29
10:45am           261          4          8         60       41.1      30.07      15.29
10:50am           267          4          8         60       41.4      30.07      15.29
10:55am           289          4          8         60       41.8      30.06      15.29
11:00am           217          3         11         57       42.3      30.06      15.29
11:05am           271          2          7         58       42.9      30.06      15.29
11:10am           287          6          8         56       43.2      30.06      15.29
11:15am           276          5          9         57       43.0      30.06      15.29
11:20am           266          2          9         57       43.6      30.06      15.29
11:25am           278          5         10         56       43.9      30.05      15.29
11:30am           276          7         11         57       44.2      30.05      15.29
11:35am           277          4          9         56       44.4      30.05      15.29
11:40am           247          3          9         57       45.0      30.05      15.29
11:45am           266          8         12         55       45.3      30.04      15.29
11:50am           262          3         12         56       45.2      30.04      15.29
11:55am           264          4         12         55       45.4      30.04      15.29
12:00pm           266          4         12         56       45.8      30.04      15.29
12:05pm           290          4         11         56       46.4      30.03      15.29
12:10pm           263          7         11         56       46.7      30.03      15.29
12:15pm           263          9         15         57       46.8      30.03      15.29
12:20pm           274          4         15         57       47.5      30.03      15.29
12:25pm           304          7         15         56       47.9      30.03      15.29
12:30pm           288          4         15         56       47.8      30.03      15.29
12:35pm           238          2         12         56       47.9      30.03      15.29
12:40pm           269          8         15         55       48.3      30.02      15.29
12:45pm           245          2         15         56       48.3      30.02      15.29
12:50pm           242          9         15         56       48.5      30.01      15.29
12:55pm           270          8         15         57       48.6      30.01      15.29
1:00pm            271          4         16         56       48.7      30.01      15.29
1:05pm            248          9         16         57       48.8      30.01      15.29
1:10pm            271          8         16         56       49.2      30.00      15.29
1:15pm            264          2         18         57       49.4      30.00      15.29
1:20pm            262          4         18         56       49.9      30.01      15.29
1:25pm            219          2         18         57       49.7      30.00      15.29
1:30pm            246          7         18         57       49.8      30.00      15.29
1:35pm            257          7         12         57       49.8      30.01      15.29
1:40pm            271          5         12         57       50.2      30.00      15.29
1:45pm            272         12         15         57       50.1      30.00      15.29
1:50pm            290          6         17         58       49.7      30.00      15.29
1:55pm            279          7         17         59       49.6      30.00      15.29
2:00pm            268          7         17         59       49.3      30.00      15.29
2:05pm            278          8         12         60       49.1      30.00      15.29
2:10pm            284          7         15         61       49.0      30.00      15.29
2:15pm            260          4         15         61       49.0      30.00      15.29
2:20pm            259          6         15         61       49.0      30.00      15.29
2:25pm            269          6         15         62       48.9      30.00      15.29
2:30pm            257          4         15         62       48.9      30.00      15.29
2:35pm            244          4          7         63       48.9      30.00      15.29
2:40pm            281          4          7         63       49.0      30.00      15.29
2:45pm            271          2          9         62       48.9      30.00      15.29
2:50pm             98          2          9         62       48.9      30.00      15.29
2:55pm            285          4         11         62       48.9      30.00      15.29
3:00pm            239          1         11         62       48.9      30.00      15.29
3:05pm            282          3         10         63       48.7      30.01      15.29
3:10pm            204          3         11         63       48.6      30.01      15.29
3:15pm            241          6         12         63       48.5      30.00      15.29
3:20pm            303          6         12         63       48.5      30.00      15.29
3:25pm            245         11         12         63       48.4      30.00      15.29
3:30pm            248          7         12         63       48.4      30.00      15.29
3:35pm            106          3         10         64       48.3      30.00      15.29
3:40pm            278          2         10         64       48.3      30.01      15.29
3:45pm            220          3         10         64       48.2      30.01      15.29
3:50pm            291          6         12         64       48.1      30.01      15.29
3:55pm            285          4         12         65       48.0      30.01      15.29
3:59pm            252          3         12         64       48.1      30.01      15.29
4:05pm            256          8          9         64       48.0      30.01      15.29
4:10pm            207          2          9         64       48.1      30.01      15.29
4:15pm            268          3          9         64       48.1      30.01      15.29
4:20pm            271         11         13         63       48.2      30.01      15.29
4:25pm            266         12         13         63       48.2      30.01      15.29
4:30pm            269          6         13         64       48.1      30.01      15.29
4:35pm            281          2         10         64       48.1      30.01      15.29
4:40pm            219          3         11         64       48.1      30.01      15.29
4:45pm            247          3         11         64       47.8      30.01      15.29
4:50pm            288          7         11         65       47.6      30.01      15.29
4:55pm            219          2         11         65       47.6      30.01      15.29
5:00pm            265          4         13         65       47.5      30.01      15.29
5:05pm            254          6          8         65       47.5      30.02      15.29
5:10pm            277          6         11         65       47.5      30.02      15.29
5:15pm             20          2         11         65       47.4      30.02      15.29
5:20pm            248          4         11         65       47.5      30.02      15.29
5:25pm            180          0         11         65       47.4      30.02      15.29
5:30pm             11          1         11         66       47.4      30.02      15.29
5:35pm            297          4          5         66       47.3      30.02      15.29
5:40pm            233          2          6         66       47.3      30.02      15.29
5:45pm            253          2          6         67       47.1      30.02      15.29
5:50pm            293          3          6         67       47.0      30.03      15.29
5:55pm            262          1          6         67       46.9      30.02      15.29
5:59pm            246          1          6         68       46.7      30.02      15.29
6:05pm            270          0          6         67       46.7      30.02      15.29
6:10pm            236          2          6         67       46.7      30.03      15.29
6:15pm            275          2          6         67       46.7      30.03      15.29
6:20pm            226          0          6         68       46.3      30.03      15.29
6:25pm            263          2          6         69       46.1      30.03      15.29
6:30pm            280          0          6         69       45.8      30.03      15.29
6:35pm            293          0          2         70       45.4      30.03      15.29
6:40pm            261          0          2         71       45.0      30.03      15.29
6:45pm            261          0          2         72       44.6      30.03      15.29
6:50pm            260          0          2         73       44.1      30.03      15.29
6:55pm            259          0          2         74       43.7      30.03      15.29
7:00pm            217          0          2         75       43.3      30.03      15.29
7:05pm            274          0          1         76       42.9      30.03      15.29
7:10pm            274          0          1         76       42.7      30.03      15.29
7:15pm            274          0          1         77       42.3      30.03      15.29
7:20pm            274          0          1         78       41.9      30.03      15.29
7:25pm            278          0          1         79       41.7      30.03      15.29
7:30pm            278          0          1         78       41.6      30.03      15.29
7:35pm            278          0          0         79       41.6      30.03      15.29
7:40pm            278          0          1         79       41.4      30.03      15.29
7:45pm            278          0          1         79       41.2      30.03      15.29
7:50pm            288          0          1         80       41.0      30.03      15.29
7:55pm            288          0          1         81       40.7      30.03      15.29
8:00pm            265          1          1         81       40.5      30.03      15.29
8:05pm            275          2          2         82       40.2      30.03      15.29
8:10pm            273          1          2         83       39.9      30.03      15.29
8:15pm            268          2          2         83       39.7      30.03      15.29
8:20pm            277          1          2         84       39.4      30.03      15.29
8:25pm            252          1          3         84       39.1      30.03      15.29
8:30pm            276          1          3         85       38.9      30.04      15.29
8:35pm            277          0          2         85       38.8      30.04      15.29
8:40pm            266          0          2         86       38.5      30.04      15.29
8:45pm            263          1          2         86       38.3      30.04      15.29
8:50pm            263          0          2         87       38.2      30.05      15.29
8:55pm            263          0          2         87       38.0      30.05      15.29
9:00pm            262          0          2         87       37.9      30.05      15.29
9:05pm            269          1          2         87       37.8      30.04      15.29
9:10pm            278          1          2         87       37.8      30.04      15.29
9:15pm            266          1          2         87       37.7      30.04      15.29
9:20pm            247          1          3         88       37.3      30.05      15.29
9:25pm            264          0          3         89       36.8      30.04      15.29
9:30pm            253          0          3         89       36.4      30.05      15.29
9:35pm            253          0          1         90       36.1      30.05      15.29
9:40pm            253          0          1         90       35.9      30.05      15.29
9:45pm            253          0          1         91       35.7      30.05      15.29
9:50pm            252          0          1         91       35.6      30.04      15.29
9:55pm            255          1          1         92       35.5      30.05      15.29
10:00pm           278          1          3         92       35.6      30.05      15.29
10:05pm           267          2          3         92       35.6      30.05      15.29
10:10pm           254          0          3         92       35.3      30.05      15.29
10:15pm           268          0          3         92       35.3      30.05      15.29
10:20pm           278          1          3         92       35.3      30.04      15.29
10:25pm           268          0          3         92       35.1      30.05      15.29
10:30pm           268          0          3         92       34.8      30.04      15.29
10:35pm           281          1          1         93       34.6      30.04      15.29
10:40pm           240          0          1         93       34.6      30.04      15.29
10:45pm           240          0          1         93       34.7      30.04      15.29
10:50pm           240          0          1         93       34.8      30.04      15.29
10:55pm           254          1          1         93       34.9      30.05      15.29
11:00pm           281          0          1         93       34.9      30.05      15.29
11:05pm           285          2          2         93       35.1      30.05      15.29
11:10pm           274          1          2         93       35.5      30.05      15.29
11:15pm           276          1          2         92       35.6      30.05      15.29
11:20pm           263          1          2         92       35.5      30.05      15.29
11:25pm           257          2          2         92       35.1      30.05      15.29
11:30pm           266          1          2         93       34.7      30.05      15.29
11:35pm           245          2          3         93       34.7      30.05      15.29
11:40pm           238          1          3         93       34.5      30.05      15.29
11:45pm           271          0          3         93       34.2      30.05      15.29
11:50pm           278          1          3         93       33.8      30.05      15.29
11:55pm           229          0          3         94       33.7      30.05      15.29
