11/19/15
Time         Wind Dir   Wind Spd  Wind Gust   Humidity       Temp  Raw Barom   Tot Rain
                    °        mph        mph          %         °F         in         in
12:00am           105          6         11         83       39.2      30.36      15.29
12:05am           148          5         13         83       39.3      30.36      15.29
12:10am           139          3         13         83       39.3      30.36      15.29
12:15am           131          0         13         83       39.4      30.37      15.29
12:20am            72          4         13         84       39.5      30.36      15.29
12:25am            89          5         13         84       39.7      30.36      15.29
12:30am           118          8         13         84       39.7      30.35      15.29
12:35am           101          7         10         85       39.8      30.35      15.29
12:40am            84          7         11         85       39.8      30.35      15.29
12:45am            84         10         11         85       39.7      30.35      15.29
12:50am            49          6         11         85       39.5      30.35      15.29
12:55am           122          5         12         86       39.3      30.34      15.29
1:00am            120          7         12         86       39.2      30.34      15.29
1:05am             89          8          9         86       39.2      30.34      15.29
1:10am             95          5          9         86       39.2      30.35      15.29
1:15am             88          6          9         87       39.1      30.35      15.29
1:20am             90          2          9         87       39.3      30.35      15.29
1:25am            108          7          9         87       39.5      30.35      15.29
1:30am             88          2          9         87       39.7      30.35      15.29
1:35am            113          4          5         87       39.9      30.35      15.29
1:40am            110          2          8         88       40.1      30.35      15.29
1:45am            109          3          8         87       40.3      30.35      15.29
1:50am            110          3          8         88       40.4      30.34      15.29
1:55am            131          3          8         88       40.6      30.34      15.29
2:00am            231          2          8         88       40.7      30.34      15.29
2:05am            156          1          9         88       40.7      30.34      15.29
2:10am             79          5          9         88       40.8      30.34      15.29
2:15am            149          0          9         88       40.7      30.35      15.29
2:20am            153          1          9         88       40.7      30.34      15.29
2:25am            118          0          9         88       40.7      30.35      15.29
2:30am            117          2          9         88       40.6      30.34      15.29
2:35am             85          6          9         88       40.5      30.35      15.29
2:40am            110          2         11         88       40.3      30.35      15.29
2:45am             85          7         11         89       40.2      30.35      15.29
2:50am            136          2         11         89       40.0      30.35      15.29
2:55am            122          3         11         90       39.9      30.36      15.29
3:00am             84          4         11         90       39.9      30.35      15.29
3:05am             79          4          9         91       39.8      30.35      15.29
3:10am             91          5         10         91       39.7      30.33      15.29
3:15am            111          4         11         91       39.5      30.33      15.29
3:20am             45          3         11         91       39.3      30.34      15.29
3:25am             61          3         11         91       39.1      30.34      15.29
3:30am             77          6         11         90       38.9      30.34      15.29
3:35am             92          2          8         91       38.8      30.34      15.29
3:40am            102          2          9         91       38.7      30.34      15.29
3:45am             73          8         10         91       38.6      30.33      15.29
3:50am             99          5         10         91       38.5      30.34      15.29
3:55am             46          6         11         92       38.4      30.34      15.29
4:00am             64          2         11         93       38.5      30.34      15.29
4:05am             51          5         17         94       38.7      30.34      15.29
4:10am             80          3         17         93       38.7      30.34      15.29
4:15am            101          4         17         94       38.8      30.34      15.29
4:20am             65          1         17         94       39.0      30.33      15.29
4:25am             75          8         17         94       39.1      30.34      15.29
4:30am             81          9         17         95       39.2      30.34      15.29
4:35am            152          1         10         94       39.2      30.35      15.29
4:40am             94          6         10         95       39.2      30.34      15.29
4:45am            108          3         10         95       39.3      30.35      15.29
4:50am             90          5         10         95       39.5      30.34      15.29
4:55am             89          8         10         95       39.5      30.34      15.29
5:00am            103          4         10         95       39.6      30.34      15.29
5:05am            264          2         12         95       39.5      30.35      15.29
5:10am             82          6         12         95       39.6      30.35      15.29
5:15am            123          4         12         95       39.6      30.34      15.29
5:20am             53          3         12         96       39.7      30.34      15.29
5:25am             75          5         12         96       39.7      30.34      15.29
5:30am             57          1         12         96       39.7      30.35      15.29
5:35am             97          6         13         96       39.6      30.34      15.29
5:40am             56          6         13         96       39.5      30.33      15.29
5:45am            124          1         13         96       39.5      30.33      15.29
5:50am             70          4         13         96       39.5      30.32      15.29
5:55am             63          2         13         96       39.4      30.33      15.29
6:00am             88          6         13         96       39.3      30.33      15.29
6:05am             58          3         10         96       39.4      30.33      15.29
6:10am            129          5         14         96       39.4      30.32      15.29
6:15am             69          3         18         96       39.4      30.32      15.29
6:20am            127          7         18         96       39.4      30.33      15.29
6:25am             94          8         18         96       39.5      30.32      15.29
6:30am             84          5         18         96       39.5      30.32      15.29
6:35am             75          7         11         96       39.5      30.32      15.29
6:40am            143          1         11         96       39.5      30.32      15.29
6:45am             84          5         14         96       39.5      30.32      15.29
6:50am            133          5         14         96       39.5      30.32      15.29
6:55am             84          5         14         96       39.5      30.33      15.29
7:00am             61          3         14         96       39.5      30.33      15.29
7:05am            102          5          8         96       39.5      30.33      15.29
7:10am             93          6         10         96       39.5      30.33      15.29
7:15am             88         10         10         96       39.5      30.32      15.29
7:20am             96          5         12         96       39.6      30.32      15.29
7:25am            156          5         12         97       39.7      30.32      15.29
7:30am             77          4         12         97       39.7      30.32      15.29
7:35am             92          4         10         96       39.7      30.32      15.29
7:40am            140          5         10         97       39.9      30.32      15.29
7:45am            125          5         13         97       39.7      30.31      15.29
7:50am            115          7         13         96       39.7      30.30      15.29
7:55am            214          4         13         96       39.7      30.31      15.29
8:00am            106          6         13         97       39.6      30.31      15.29
8:05am            250          1         10         97       39.6      30.31      15.29
8:10am            127          1         10         96       39.6      30.31      15.29
8:15am             98          4         16         97       39.6      30.30      15.29
8:20am            122          1         16         97       39.6      30.29      15.29
8:25am             68          3         16         96       39.4      30.29      15.29
8:30am            103          6         16         96       39.3      30.30      15.29
8:35am            189          3          9         96       39.3      30.30      15.29
8:40am            154          0         15         96       39.4      30.30      15.29
8:45am             40          3         15         96       39.4      30.30      15.29
8:50am             98          2         15         96       39.4      30.30      15.29
8:55am            208          3         15         96       39.5      30.30      15.29
8:59am            125          2         15         96       39.6      30.30      15.29
9:05am            228          2          5         96       39.7      30.29      15.29
9:10am            129          4          9         96       39.7      30.29      15.29
9:15am             96          3         10         96       39.9      30.29      15.29
9:20am             85          5         10         96       40.0      30.29      15.29
9:25am             83          3         10         96       40.0      30.29      15.29
9:30am             84          0         10         96       40.1      30.28      15.29
9:35am             72          3          5         96       40.2      30.28      15.29
9:40am            117          3          8         96       40.1      30.28      15.29
9:45am            110          0          8         96       40.1      30.28      15.29
9:50am            349          1          9         96       40.1      30.28      15.29
9:55am             71          4          9         96       40.2      30.29      15.29
9:59am             97          4          9         96       40.3      30.28      15.29
10:05am            63          3          7         96       40.4      30.28      15.29
10:10am            67          2         11         96       40.5      30.28      15.29
10:15am           139          1         11         96       40.4      30.28      15.29
10:20am            62          3         11         96       40.4      30.27      15.29
10:25am            47          9         13         96       40.4      30.27      15.29
10:30am            79          3         13         96       40.4      30.27      15.29
10:35am            35          2          7         96       40.4      30.27      15.29
10:40am            58          2         11         96       40.4      30.27      15.29
10:45am           135          3         11         96       40.4      30.26      15.29
10:50am            70          5         11         96       40.4      30.26      15.29
10:55am            79          9         11         96       40.4      30.26      15.29
10:59am           131          1         11         96       40.4      30.25      15.29
11:05am            68          2         14         96       40.5      30.25      15.29
11:10am            53          7         14         96       40.5      30.24      15.29
11:15am            90          6         14         96       40.6      30.24      15.29
11:20am           127          4         14         96       40.6      30.24      15.29
11:25am            11          5         14         96       40.6      30.24      15.29
11:30am            77          9         14         96       40.6      30.23      15.29
11:35am            55          7         16         96       40.7      30.23      15.29
11:40am            40          1         16         96       40.8      30.22      15.29
11:45am            62          5         16         96       40.9      30.22      15.29
11:50am            85          1         16         96       40.9      30.22      15.29
11:55am           214          4         16         96       40.9      30.22      15.29
11:59am            66          3         16         96       40.9      30.22      15.29
12:05pm            68          2         10         96       41.0      30.21      15.29
12:09pm           131          3         10         96       41.0      30.21      15.29
12:14pm            52          2         10         96       41.1      30.21      15.29
12:20pm            63          5         12         96       41.1      30.20      15.29
12:25pm            86          1         12         96       41.1      30.20      15.29
12:29pm            25          4         12         96       41.2      30.20      15.29
12:35pm           129          0         12         96       41.2      30.20      15.29
12:40pm            74          5         12         96       41.3      30.20      15.30
12:45pm            94          2         13         96       41.3      30.19      15.30
12:49pm           123          3         13         96       41.3      30.19      15.30
12:55pm            96          4         13         96       41.3      30.19      15.30
1:00pm            202          0         13         96       41.3      30.19      15.31
1:04pm             72          5         12         96       41.4      30.19      15.31
1:10pm            146          1         12         96       41.4      30.18      15.31
1:15pm             65          7         12         96       41.5      30.18      15.32
1:20pm             65          5         12         96       41.6      30.18      15.32
1:25pm            105          6         12         96       41.6      30.18      15.32
1:29pm             79          5         12         96       41.7      30.18      15.33
1:34pm             86          9         15         96       41.7      30.17      15.33
1:39pm             96          7         15         96       41.8      30.17      15.33
1:45pm             96         10         15         96       41.9      30.17      15.33
1:49pm            110          7         15         96       41.9      30.17      15.33
1:54pm             94          8         15         96       42.0      30.17      15.33
2:00pm             96          5         15         96       42.0      30.17      15.33
2:04pm             78         11         11         96       42.0      30.17      15.33
2:09pm            110          2         12         96       42.0      30.17      15.33
2:15pm             84          9         12         96       42.0      30.17      15.33
2:19pm             92          5         12         96       42.1      30.17      15.33
2:24pm            141          4         12         96       42.2      30.17      15.33
2:29pm            104          5         12         96       42.2      30.17      15.34
2:34pm             73          1         14         96       42.3      30.16      15.34
2:39pm            148          4         14         96       42.3      30.16      15.35
2:44pm            102          5         14         96       42.4      30.16      15.35
2:50pm             89          3         14         96       42.4      30.16      15.35
2:54pm              2          1         14         96       42.4      30.16      15.35
3:00pm            103          0         14         96       42.5      30.16      15.36
3:05pm            146          5         10         96       42.6      30.16      15.37
3:10pm            246          1         10         96       42.7      30.16      15.37
3:14pm            228          1         10         96       42.7      30.15      15.37
3:20pm             51         11         12         97       42.9      30.15      15.37
3:25pm            105          9         14         96       43.1      30.15      15.38
3:30pm             85          9         14         96       43.2      30.15      15.38
3:35pm             81          9         14         96       43.2      30.16      15.38
3:39pm             51          6         14         96       43.2      30.15      15.38
3:44pm             84          6         14         96       43.2      30.15      15.38
3:49pm             72          9         14         96       43.2      30.14      15.38
3:55pm             59         10         15         96       43.3      30.14      15.38
4:00pm             86         11         19         96       43.4      30.14      15.38
4:04pm             70          9         16         96       43.5      30.14      15.38
4:10pm             30          8         16         96       43.6      30.13      15.38
4:14pm             44          4         16         96       43.7      30.13      15.39
4:19pm             47          1         16         96       43.8      30.13      15.39
4:24pm             44         10         16         97       44.0      30.13      15.39
4:30pm            101          2         16         96       44.1      30.13      15.39
4:34pm             65          8         13         96       44.2      30.13      15.39
4:39pm             77          6         13         96       44.2      30.12      15.39
4:44pm             60          9         13         96       44.2      30.12      15.39
4:49pm            107          6         15         96       44.2      30.12      15.40
4:54pm             18          1         15         96       44.2      30.12      15.40
5:00pm            101          4         15         96       44.2      30.12      15.40
5:04pm            255          3         11         97       44.4      30.12      15.40
5:09pm            227          0         11         97       44.5      30.12      15.40
5:14pm            155          0         11         97       44.5      30.12      15.40
5:20pm             73         10         13         97       44.6      30.12      15.40
5:25pm             38          3         17         97       44.7      30.12      15.40
5:30pm             83          6         17         96       44.6      30.12      15.40
5:35pm            328          1         11         97       44.7      30.11      15.40
5:40pm            203          0         11         97       44.7      30.11      15.40
5:44pm            137          3         11         97       44.7      30.11      15.40
5:50pm            152          3         11         97       44.7      30.11      15.40
5:55pm            135          4         12         97       44.7      30.11      15.40
6:00pm             53          3         12         97       44.8      30.11      15.40
6:05pm            180          4         17         97       44.8      30.11      15.40
6:10pm              2          5         18         97       44.8      30.10      15.40
6:15pm             42          3         18         97       44.9      30.11      15.40
6:19pm             86          8         18         97       44.9      30.11      15.40
6:25pm             70          6         18         97       45.0      30.10      15.40
6:30pm             52          5         18         97       45.0      30.10      15.40
6:35pm            274          3         16         97       45.1      30.10      15.40
6:40pm             46          6         16         97       45.1      30.09      15.40
6:44pm            284          2         20         97       45.2      30.09      15.40
6:50pm             39          1         20         97       45.2      30.09      15.40
6:54pm             44          1         20         97       45.3      30.09      15.40
7:00pm             69          3         20         97       45.3      30.09      15.40
7:05pm            124          6         14         97       45.4      30.08      15.40
7:10pm             52          7         14         97       45.5      30.08      15.40
7:15pm             63          6         16         97       45.6      30.07      15.40
7:20pm             70          5         16         97       45.6      30.08      15.40
7:25pm             68          4         16         97       45.7      30.08      15.40
7:30pm            293          1         16         97       45.8      30.08      15.41
7:35pm             75          5          5         97       45.8      30.08      15.41
7:40pm            111          1          6         97       45.9      30.08      15.41
7:45pm            229          1          7         97       46.0      30.08      15.41
7:50pm             42          3          7         97       46.1      30.07      15.41
7:55pm            287          1          9         97       46.1      30.07      15.42
8:00pm            233          1          9         97       46.2      30.07      15.42
8:05pm            266          3          4         97       46.2      30.06      15.42
8:10pm             25          1          8         97       46.3      30.06      15.42
8:15pm            340          5          9         97       46.4      30.06      15.42
8:19pm            271          3          9         97       46.4      30.06      15.42
8:25pm             51          5          9         97       46.5      30.05      15.43
8:29pm             85          2          9         97       46.5      30.05      15.43
8:34pm             50          9         10         97       46.5      30.04      15.43
8:40pm             36          4         11         97       46.6      30.04      15.43
8:45pm             97          2         11         97       46.6      30.04      15.43
8:49pm             13          4         11         97       46.7      30.04      15.44
8:54pm             67          0         11         97       46.7      30.04      15.45
9:00pm             87          4         12         97       46.8      30.03      15.45
9:04pm             68          8         10         97       46.9      30.03      15.46
9:10pm             74          6         10         97       47.1      30.03      15.47
9:15pm            335          1         10         97       47.2      30.03      15.47
9:19pm            125          4         10         97       47.2      30.03      15.48
9:25pm            117          1         15         96       47.3      30.02      15.49
9:30pm             91          9         17         96       47.5      30.02      15.50
9:34pm             76         11         11         96       47.6      30.02      15.51
9:40pm            357          4         12         96       47.7      30.02      15.53
9:45pm             53          6         12         96       47.7      30.01      15.54
9:50pm            158          4         12         96       47.7      30.01      15.56
9:55pm             65          8         12         96       47.8      30.00      15.56
10:00pm            86          8         19         96       47.9      30.00      15.58
10:05pm            98          4         12         96       47.9      30.00      15.59
10:10pm            71          4         12         96       47.9      29.99      15.59
10:15pm            22          8         15         96       48.0      29.99      15.60
10:20pm            47          5         15         96       48.0      29.98      15.62
10:25pm            49          6         20         96       48.1      29.98      15.63
10:30pm            80         10         20         96       48.2      29.98      15.64
10:35pm           128          6         18         96       48.2      29.98      15.66
10:40pm           118          6         19         96       48.3      29.98      15.67
10:45pm            39          2         19         95       48.4      29.98      15.67
10:50pm            49          4         19         96       48.3      29.97      15.68
10:55pm            81          5         19         96       48.3      29.97      15.68
11:00pm            78         14         19         95       48.4      29.97      15.69
11:05pm           146          4         14         95       48.4      29.97      15.69
11:10pm            91          5         15         95       48.4      29.96      15.70
11:15pm            98          3         16         95       48.4      29.96      15.71
11:20pm            55          8         18         95       48.4      29.96      15.72
11:25pm            75         15         18         95       48.4      29.95      15.73
11:30pm            70          7         18         95       48.4      29.94      15.74
11:35pm           139          1         18         95       48.4      29.94      15.74
11:40pm            41          4         18         95       48.4      29.94      15.76
11:45pm            94          1         18         96       48.4      29.94      15.77
11:50pm            20          3         18         96       48.4      29.93      15.77
11:55pm           150          3         18         96       48.5      29.93      15.79
