12/25/15
Time         Wind Dir   Wind Spd  Wind Gust   Humidity       Temp  Raw Barom   Tot Rain
                    °        mph        mph          %         °F         in         in
12:00am           263          0          3         94       39.1      30.04      18.25
12:05am           263          1          1         94       39.1      30.04      18.25
12:10am           275          0          1         94       39.3      30.05      18.25
12:15am           275          0          1         94       39.5      30.05      18.25
12:20am           275          0          1         93       39.7      30.05      18.25
12:25am           275          0          1         92       39.9      30.05      18.25
12:30am           275          0          1         92       39.8      30.05      18.25
12:35am           275          0          0         92       39.6      30.05      18.25
12:40am           275          0          1         93       39.6      30.05      18.25
12:45am           275          0          1         93       39.5      30.05      18.25
12:50am           275          0          1         93       39.5      30.05      18.25
12:55am           275          1          2         93       39.2      30.05      18.25
12:59am           255          1          2         93       38.5      30.05      18.25
1:05am            255          0          1         94       38.0      30.05      18.25
1:10am            255          0          1         95       38.1      30.05      18.25
1:15am            255          0          1         95       38.5      30.05      18.25
1:20am            125          0          1         94       38.7      30.06      18.25
1:25am            125          0          1         94       38.7      30.06      18.25
1:30am            125          0          1         94       38.7      30.06      18.25
1:35am            125          0          0         94       38.6      30.06      18.25
1:40am            125          0          1         95       38.6      30.06      18.25
1:45am            125          0          1         95       38.7      30.06      18.25
1:50am            125          0          1         94       38.6      30.06      18.25
1:55am            125          0          1         94       38.5      30.06      18.25
2:00am            125          0          1         94       38.4      30.07      18.25
2:05am            125          0          1         95       38.2      30.07      18.25
2:10am            125          0          1         95       38.1      30.07      18.25
2:15am            125          0          1         95       38.0      30.07      18.25
2:20am            125          0          1         95       37.9      30.07      18.25
2:25am            125          0          1         95       37.8      30.08      18.25
2:30am            125          0          1         96       37.7      30.08      18.25
2:35am            125          0          0         96       37.6      30.08      18.25
2:40am            125          0          0         96       37.4      30.08      18.25
2:45am            125          0          0         95       37.1      30.08      18.25
2:50am            125          0          0         96       37.2      30.08      18.25
2:55am            125          0          0         96       37.2      30.07      18.25
2:59am            125          0          0         96       37.1      30.07      18.25
3:05am            125          0          0         96       36.8      30.07      18.25
3:10am            125          0          0         96       36.3      30.07      18.25
3:15am            125          0          0         96       36.0      30.06      18.25
3:20am            125          0          0         96       36.1      30.06      18.25
3:25am            125          0          0         97       36.2      30.06      18.25
3:30am            125          0          1         97       36.2      30.05      18.25
3:35am             95          0          1         97       36.3      30.05      18.25
3:40am             96          0          1         97       36.5      30.05      18.25
3:45am             95          0          1         97       36.4      30.05      18.25
3:49am             96          0          1         97       36.1      30.05      18.25
3:55am             95          0          1         97       35.9      30.06      18.25
3:59am             95          0          1         97       35.8      30.06      18.25
4:05am             95          0          0         97       36.0      30.06      18.25
4:10am             95          0          0         97       35.9      30.06      18.25
4:15am             96          0          0         97       35.6      30.06      18.25
4:20am             95          0          0         97       35.8      30.06      18.25
4:25am             95          0          1         97       36.2      30.06      18.25
4:30am            329          0          1         97       36.3      30.06      18.25
4:35am            329          0          1         97       36.4      30.06      18.25
4:40am            329          0          1         97       36.3      30.06      18.25
4:45am            329          0          1         97       36.0      30.06      18.25
4:49am            329          0          1         97       35.7      30.06      18.25
4:55am            287          1          1         96       34.9      30.07      18.25
4:59am            283          0          1         96       34.3      30.07      18.25
5:05am            254          0          1         96       34.0      30.08      18.25
5:10am            261          0          1         96       34.0      30.08      18.25
5:15am            261          0          1         96       33.8      30.08      18.25
5:19am            272          0          1         96       33.6      30.08      18.25
5:24am            272          0          1         96       33.4      30.08      18.25
5:29am            272          0          1         97       33.3      30.08      18.25
5:35am            264          1          2         97       33.4      30.08      18.25
5:39am            259          0          2         97       33.7      30.08      18.25
5:44am            243          0          2         97       33.8      30.08      18.25
5:50am            243          0          2         97       33.7      30.08      18.25
5:55am            243          0          2         97       33.9      30.08      18.25
6:00am            243          1          2         97       34.1      30.07      18.25
6:04am            267          1          1         97       34.5      30.07      18.25
6:10am            264          0          2         97       34.5      30.07      18.25
6:15am            264          1          2         97       34.2      30.06      18.25
6:19am            278          1          2         97       34.3      30.06      18.25
6:24am            278          1          2         97       34.7      30.06      18.25
6:29am            278          1          2         97       34.7      30.06      18.25
6:34am            292          1          2         97       34.3      30.08      18.25
6:39am            292          1          2         97       33.7      30.09      18.25
6:44am            267          1          2         97       33.5      30.10      18.25
6:49am            262          1          2         96       33.1      30.10      18.25
6:55am            265          0          2         96       32.9      30.10      18.25
6:59am            265          0          2         97       33.4      30.09      18.25
7:05am            274          1          1         97       34.5      30.09      18.25
7:09am            267          1          2         98       34.8      30.09      18.25
7:15am            278          2          2         97       34.3      30.09      18.25
7:20am            272          0          3         97       33.6      30.09      18.25
7:25am            281          0          3         97       33.4      30.09      18.25
7:29am            281          0          3         97       33.5      30.08      18.25
7:34am            281          0          1         97       33.9      30.08      18.25
7:40am            281          0          1         97       34.2      30.08      18.25
7:44am            281          0          1         97       34.5      30.08      18.25
7:50am            281          0          1         98       34.8      30.09      18.25
7:54am            275          1          1         98       35.1      30.10      18.25
8:00am            276          1          1         98       35.2      30.10      18.25
8:04am            273          1          2         98       35.1      30.10      18.25
8:10am            276          1          2         97       34.9      30.10      18.25
8:15am            275          1          2         97       34.8      30.11      18.25
8:19am            271          1          2         97       34.7      30.12      18.25
8:25am            276          1          2         97       34.9      30.12      18.25
8:29am            282          2          2         97       35.2      30.12      18.25
8:34am            266          0          2         97       35.3      30.12      18.25
8:39am            276          1          2         97       35.6      30.12      18.25
8:44am            272          1          3         97       35.7      30.12      18.25
8:49am            267          3          3         96       36.0      30.13      18.25
8:54am            262          1          5         96       36.1      30.13      18.25
9:00am            274          2          5         96       36.3      30.13      18.25
9:04am            281          2          3         95       36.6      30.13      18.25
9:09am            262          1          3         95       37.0      30.13      18.25
9:14am            236          0          3         95       37.5      30.13      18.25
9:19am            236          0          3         95       38.1      30.12      18.25
9:25am            271          2          3         94       38.6      30.13      18.25
9:29am            262          2          3         92       39.1      30.13      18.25
9:34am            239          0          2         93       39.7      30.12      18.25
9:39am            239          0          2         91       40.3      30.12      18.25
9:45am            285          1          2         90       40.9      30.14      18.25
9:49am            274          2          2         91       41.0      30.14      18.25
9:54am            259          2          2         88       41.3      30.14      18.25
10:00am           229          0          3         89       42.1      30.14      18.25
10:04am           279          1          1         89       42.6      30.14      18.25
10:09am           259          0          4         84       43.3      30.13      18.25
10:15am           248          0          4         81       44.1      30.13      18.25
10:19am           265          1          4         74       44.7      30.12      18.25
10:24am           271          0          4         73       45.3      30.12      18.25
10:30am           259          1          4         72       45.9      30.12      18.25
10:34am           265          1          3         73       46.3      30.12      18.25
10:40am           269          2          3         76       46.9      30.12      18.25
10:44am           276          2          4         71       47.7      30.12      18.25
10:49am           255          0          4         66       48.2      30.11      18.25
10:54am           287          1          4         66       49.1      30.10      18.25
11:00am           269          2          4         59       49.6      30.09      18.25
11:05am           278          2          3         60       49.8      30.09      18.25
11:10am           266          2          4         58       50.1      30.09      18.25
11:14am           276          2          4         59       50.5      30.08      18.25
11:19am           262          2          4         56       51.2      30.09      18.25
11:25am           265          2          4         52       52.1      30.08      18.25
11:30am           288          2          5         46       52.8      30.08      18.25
11:34am           267          3          5         46       53.3      30.08      18.25
11:39am           262          1          5         45       53.7      30.08      18.25
11:44am           281          2          5         46       54.0      30.08      18.25
11:49am           272          2          5         46       54.1      30.07      18.25
11:54am           263          3          5         46       54.5      30.07      18.25
12:00pm           302          2          5         46       55.0      30.07      18.25
12:05pm           270          4          6         45       55.3      30.07      18.25
12:10pm           283          4          6         44       55.3      30.06      18.25
12:15pm           266          5          6         48       55.4      30.06      18.25
12:20pm           262          3          6         46       55.3      30.07      18.25
12:25pm           255          1          6         48       55.4      30.06      18.25
12:30pm           257          3          6         45       55.4      30.06      18.25
12:35pm           274          4          7         43       55.6      30.06      18.25
12:40pm           266          2          8         45       55.4      30.06      18.25
12:45pm           263          2          8         43       55.5      30.06      18.25
12:50pm           274          4          8         41       55.6      30.07      18.25
12:54pm           249          2          8         42       56.3      30.07      18.25
1:00pm            262          4          8         41       56.5      30.07      18.25
1:04pm            287          3          8         38       56.3      30.07      18.25
1:09pm            274          4          8         38       56.2      30.07      18.25
1:14pm            247          1          8         40       55.9      30.07      18.25
1:19pm            276          4          8         41       56.3      30.07      18.25
1:25pm            285          4          8         40       56.7      30.07      18.25
1:30pm            285          3          8         39       56.8      30.06      18.25
1:35pm            291          0          6         39       56.9      30.06      18.25
1:40pm            304          5          7         39       57.0      30.06      18.25
1:45pm            256          1          7         39       56.8      30.06      18.25
1:50pm            274          2          7         41       57.0      30.06      18.25
1:55pm            291          3          7         40       57.1      30.06      18.25
2:00pm            264          2          7         40       57.0      30.06      18.25
2:05pm            267          3          4         41       56.8      30.06      18.25
2:10pm            259          1          5         42       56.3      30.06      18.25
2:15pm            243          0          5         44       56.3      30.06      18.25
2:20pm            279          2          5         42       56.4      30.06      18.25
2:25pm            248          1          5         43       56.5      30.06      18.25
2:30pm            285          2          5         45       56.6      30.06      18.25
2:35pm            269          1          3         46       56.3      30.06      18.25
2:39pm            226          1          3         44       56.1      30.06      18.25
2:45pm            274          2          3         46       55.9      30.07      18.25
2:50pm            274          2          3         47       55.8      30.07      18.25
2:55pm            244          0          3         46       55.8      30.06      18.25
3:00pm            257          1          3         45       55.9      30.07      18.25
3:04pm            269          0          2         46       56.0      30.07      18.25
3:10pm            293          0          3         48       56.0      30.07      18.25
3:15pm            278          1          3         47       56.2      30.07      18.25
3:20pm            277          0          3         47       56.2      30.07      18.25
3:25pm            277          0          3         47       56.1      30.07      18.25
3:30pm            224          0          3         47       56.0      30.07      18.25
3:34pm            271          1          2         48       55.7      30.07      18.25
3:40pm            264          2          3         48       55.6      30.07      18.25
3:45pm            251          1          3         49       55.1      30.07      18.25
3:50pm            251          0          3         52       54.8      30.08      18.25
3:55pm            251          0          3         55       54.4      30.08      18.25
4:00pm            251          0          3         56       53.8      30.08      18.25
4:05pm            251          0          0         58       53.2      30.08      18.25
4:10pm            251          0          0         59       52.7      30.08      18.25
4:15pm            251          0          0         63       52.4      30.08      18.25
4:20pm            251          0          1         57       52.2      30.09      18.25
4:25pm            251          0          1         61       52.4      30.09      18.25
4:30pm            251          0          1         66       51.2      30.08      18.25
4:35pm            251          0          0         64       50.5      30.09      18.25
4:40pm            251          0          0         67       50.4      30.08      18.25
4:45pm            251          0          0         67       50.1      30.09      18.25
4:50pm            251          0          0         70       49.7      30.08      18.25
4:55pm            251          0          0         63       49.7      30.09      18.25
5:00pm            251          0          0         67       50.0      30.08      18.25
5:05pm            251          0          0         67       49.6      30.08      18.25
5:10pm            251          0          0         65       49.3      30.09      18.25
5:15pm            251          0          1         70       49.0      30.08      18.25
5:20pm            251          0          1         71       48.6      30.09      18.25
5:25pm            103          0          1         75       47.5      30.08      18.25
5:30pm             91          0          1         76       46.7      30.09      18.25
5:35pm             91          0          1         78       46.3      30.10      18.25
5:40pm             91          0          1         78       46.1      30.10      18.25
5:45pm            113          0          1         79       45.9      30.10      18.25
5:50pm            113          0          1         78       45.9      30.11      18.25
5:55pm            113          0          1         76       46.1      30.11      18.25
6:00pm            113          0          1         76       46.5      30.10      18.25
6:05pm            113          0          1         71       46.8      30.11      18.25
6:10pm            112          0          1         71       47.3      30.11      18.25
6:15pm            103          0          1         72       47.4      30.11      18.25
6:20pm            103          0          1         67       47.7      30.12      18.25
6:25pm            250          1          1         69       47.7      30.11      18.25
6:30pm            250          0          1         66       47.7      30.12      18.25
6:35pm            250          0          1         64       48.0      30.12      18.25
6:40pm            250          0          1         68       48.2      30.13      18.25
6:45pm            250          0          1         70       47.9      30.13      18.25
6:50pm            250          0          1         70       47.3      30.13      18.25
6:55pm            250          0          1         68       47.0      30.14      18.25
7:00pm            191          1          2         67       47.1      30.14      18.25
7:05pm            245          0          2         61       47.4      30.14      18.25
7:10pm            245          0          2         61       47.4      30.15      18.25
7:15pm            275          0          2         55       47.6      30.15      18.25
7:20pm            214          0          2         49       48.0      30.15      18.25
7:25pm             14          1          3         47       48.5      30.15      18.25
7:30pm            314          2          3         46       48.8      30.15      18.25
7:35pm            288          0          4         45       48.9      30.16      18.25
7:40pm            242          0          4         47       48.8      30.16      18.25
7:45pm            237          0          4         45       48.5      30.16      18.25
7:50pm            236          1          4         45       48.6      30.17      18.25
7:55pm            212          1          4         47       48.5      30.18      18.25
8:00pm            277          0          4         47       48.3      30.18      18.25
8:05pm            209          0          1         49       47.9      30.19      18.25
8:10pm            216          0          1         49       47.7      30.19      18.25
8:15pm            214          0          1         49       47.6      30.19      18.25
8:20pm            214          0          1         49       47.4      30.19      18.25
8:25pm            214          0          1         49       47.2      30.19      18.25
8:30pm            214          0          1         50       46.9      30.20      18.25
8:35pm            219          0          1         51       46.8      30.20      18.25
8:40pm            218          0          1         52       46.6      30.20      18.25
8:45pm            276          0          2         53       46.5      30.20      18.25
8:50pm            180          0          2         55       46.3      30.20      18.25
8:55pm            283          3          3         55       46.5      30.20      18.25
9:00pm            140          0          4         55       46.7      30.20      18.25
9:05pm            210          0          3         56       46.8      30.20      18.25
9:10pm            122          0          3         56       46.8      30.21      18.25
9:15pm             86          0          3         56       47.0      30.21      18.25
9:20pm             92          1          3         55       47.1      30.22      18.25
9:25pm              2          0          3         54       47.0      30.22      18.25
9:30pm            119          0          3         53       46.9      30.22      18.25
9:35pm            119          0          1         54       46.7      30.22      18.25
9:40pm            277          0          1         54       46.7      30.22      18.25
9:45pm            335          0          3         57       46.4      30.23      18.25
9:50pm            351          0          4         57       46.3      30.23      18.25
9:55pm            345          0          4         58       46.0      30.23      18.25
10:00pm           285          0          4         60       45.5      30.23      18.25
10:05pm           284          0          1         61       44.9      30.23      18.25
10:10pm           274          0          1         62       44.5      30.24      18.25
10:15pm           294          0          2         62       44.4      30.24      18.25
10:20pm           198          1          3         63       44.5      30.24      18.25
10:25pm           129          0          4         62       44.9      30.24      18.25
10:30pm            45          0          4         62       44.9      30.24      18.25
10:35pm           161          0          3         62       44.8      30.24      18.25
10:40pm            82          1          3         61       44.6      30.24      18.25
10:45pm           341          2          5         61       44.6      30.25      18.25
10:50pm            29          0          5         60       44.5      30.25      18.25
10:55pm           247          0          5         61       44.3      30.25      18.25
11:00pm            96          0          5         61       44.1      30.26      18.25
11:05pm           100          0          1         60       43.9      30.26      18.25
11:10pm           340          0          5         61       43.9      30.27      18.25
11:15pm           340          1          5         63       43.7      30.27      18.25
11:20pm            56          0          5         64       43.6      30.27      18.25
11:25pm           137          1          5         64       43.3      30.27      18.25
11:30pm           297          1          6         66       43.0      30.27      18.25
11:35pm           207          1          4         67       42.9      30.28      18.25
11:40pm           277          0          4         68       42.6      30.28      18.25
11:45pm            86          0          4         68       42.4      30.27      18.25
11:50pm            97          0          4         69       42.3      30.28      18.25
11:55pm            76          0          4         70       42.0      30.28      18.25
