1/25/16
Time         Wind Dir   Wind Spd  Wind Gust   Humidity       Temp  Raw Barom   Tot Rain
                    °        mph        mph          %         °F         in         in
12:00am           276          2          3         73       20.4      30.05       1.55
12:05am           255          0          1         73       20.4      30.04       1.55
12:10am           152          0          5         74       20.3      30.05       1.55
12:15am           270          0          5         74       20.0      30.05       1.55
12:20am           352          0          5         75       19.7      30.05       1.55
12:25am           259          0          5         76       19.4      30.05       1.55
12:30am           247          0          5         77       19.2      30.05       1.55
12:35am           238          0          0         78       19.1      30.05       1.55
12:40am           337          0          1         78       19.1      30.05       1.55
12:45am           183          0          1         78       19.0      30.05       1.55
12:50am           267          0          1         79       19.0      30.05       1.55
12:55am            56          0          1         79       18.9      30.06       1.55
1:00am            265          0          2         79       18.9      30.06       1.55
1:05am             93          0          2         80       19.0      30.06       1.55
1:10am             79          0          2         80       19.0      30.06       1.55
1:15am             98          0          2         80       19.2      30.06       1.55
1:20am            105          0          2         80       19.1      30.06       1.55
1:25am            105          0          2         80       19.0      30.06       1.55
1:30am            105          0          2         80       18.8      30.06       1.55
1:35am            146          0          1         81       18.6      30.06       1.55
1:40am            183          0          1         81       18.6      30.06       1.55
1:45am            183          0          1         82       18.3      30.06       1.55
1:50am            183          0          1         82       18.2      30.07       1.55
1:55am            183          0          1         82       17.8      30.07       1.55
2:00am            183          0          1         82       17.4      30.07       1.55
2:04am            183          0          0         83       16.8      30.07       1.55
2:10am            183          0          0         84       16.4      30.07       1.55
2:15am            183          0          0         85       16.3      30.08       1.55
2:20am            183          0          0         85       16.2      30.08       1.55
2:25am            183          0          0         85       16.0      30.08       1.55
2:30am            183          0          0         86       15.9      30.08       1.55
2:35am            183          0          0         87       15.9      30.09       1.55
2:40am            183          0          0         86       15.8      30.09       1.55
2:45am            183          0          0         87       15.5      30.08       1.55
2:50am            183          0          0         87       15.4      30.08       1.55
2:55am            183          0          0         88       15.3      30.08       1.55
3:00am            278          1          1         88       15.6      30.09       1.55
3:05am            262          0          1         87       15.4      30.09       1.55
3:10am            273          3          3         88       15.1      30.09       1.55
3:15am            281          0          3         88       15.4      30.09       1.55
3:20am            266          0          3         87       15.1      30.09       1.55
3:24am            276          1          3         88       15.1      30.09       1.55
3:30am            288          2          3         88       15.0      30.10       1.55
3:34am            271          0          3         88       14.4      30.10       1.55
3:40am            270          0          3         88       14.0      30.11       1.55
3:45am            245          0          3         89       13.7      30.11       1.55
3:50am            278          0          3         89       13.6      30.10       1.55
3:55am            262          0          3         90       13.6      30.11       1.55
4:00am            273          0          3         90       13.8      30.11       1.55
4:05am            273          0          1         90       13.7      30.10       1.55
4:09am            273          0          1         90       13.6      30.11       1.55
4:15am             84          0          1         91       13.9      30.11       1.55
4:20am             84          0          1         90       14.0      30.10       1.55
4:24am             84          0          1         90       14.2      30.11       1.55
4:30am            316          0          1         90       14.3      30.11       1.55
4:35am            285          0          1         89       14.1      30.11       1.55
4:40am            285          0          1         89       13.9      30.11       1.55
4:45am            285          0          1         90       13.7      30.12       1.55
4:50am            278          0          1         91       13.9      30.12       1.55
4:55am            278          0          1         90       13.8      30.12       1.55
5:00am            267          0          1         90       13.7      30.12       1.55
5:05am            278          0          1         90       13.8      30.13       1.55
5:10am            278          0          1         90       13.9      30.13       1.55
5:15am            278          0          1         90       13.9      30.13       1.55
5:20am            273          0          1         90       13.7      30.13       1.55
5:25am            273          0          1         90       13.5      30.13       1.55
5:30am            273          0          1         90       13.3      30.13       1.55
5:35am            266          0          1         90       13.0      30.13       1.55
5:40am            269          0          1         90       12.7      30.14       1.55
5:45am            268          1          1         90       12.4      30.14       1.55
5:50am            252          0          1         91       12.2      30.14       1.55
5:55am            252          0          1         91       12.0      30.14       1.55
6:00am            252          0          1         91       11.8      30.15       1.55
6:05am            252          0          0         91       11.5      30.15       1.55
6:10am            252          0          0         91       11.6      30.15       1.55
6:15am            252          0          0         92       11.7      30.15       1.55
6:20am            252          0          0         92       11.8      30.15       1.55
6:25am            252          0          0         91       11.9      30.15       1.55
6:30am            252          0          0         92       12.0      30.16       1.55
6:35am            262          1          1         92       12.1      30.16       1.55
6:40am            269          0          1         91       12.1      30.16       1.55
6:45am            269          0          1         91       11.8      30.17       1.55
6:50am            277          1          1         91       11.6      30.18       1.55
6:55am            257          0          1         91       11.4      30.18       1.55
7:00am            252          0          1         91       11.4      30.18       1.55
7:05am            252          0          1         91       11.3      30.18       1.55
7:10am            252          0          1         90       11.2      30.18       1.55
7:15am            252          0          1         91       11.1      30.18       1.55
7:20am            289          1          2         91       11.1      30.19       1.55
7:25am            275          1          2         90       11.0      30.19       1.55
7:30am            257          0          2         90       10.7      30.19       1.55
7:35am            266          1          3         90       10.6      30.19       1.55
7:40am            284          3          3         91       10.8      30.19       1.55
7:45am            256          1          4         90       10.7      30.20       1.55
7:50am            283          1          4         90       10.7      30.19       1.55
7:55am            267          1          4         91       10.9      30.19       1.55
8:00am            261          0          4         91       11.3      30.19       1.55
8:05am            230          0          1         90       11.3      30.19       1.55
8:10am            230          0          1         91       11.5      30.20       1.55
8:15am            230          0          1         91       11.8      30.19       1.55
8:20am            230          0          1         92       12.6      30.20       1.55
8:25am            230          0          1         92       13.6      30.20       1.55
8:30am            231          0          1         92       14.7      30.20       1.55
8:35am            273          2          3         89       15.1      30.20       1.55
8:40am            278          0          3         89       15.2      30.21       1.55
8:45am            250          3          4         88       15.5      30.21       1.55
8:50am            272          1          4         88       16.0      30.21       1.55
8:55am            266          0          4         88       16.7      30.22       1.55
9:00am            266          0          4         87       17.5      30.22       1.55
9:05am            255          1          1         86       18.2      30.22       1.55
9:10am            212          0          1         85       18.9      30.22       1.55
9:15am            276          0          1         83       19.5      30.22       1.55
9:20am            223          0          1         83       20.5      30.22       1.55
9:25am            280          1          1         81       21.3      30.22       1.55
9:30am            271          1          2         79       21.5      30.22       1.55
9:35am            270          1          2         80       21.9      30.23       1.55
9:40am            299          1          3         79       22.5      30.23       1.55
9:45am            281          1          3         78       22.8      30.22       1.55
9:50am            283          0          3         77       23.2      30.23       1.55
9:55am            266          2          3         76       23.7      30.23       1.55
10:00am           295          1          3         75       24.0      30.23       1.55
10:05am           278          1          2         75       24.4      30.23       1.55
10:10am           259          0          2         74       25.0      30.24       1.55
10:15am           274          2          3         73       25.5      30.23       1.55
10:20am           282          3          3         72       25.8      30.24       1.55
10:25am           275          2          4         71       25.9      30.24       1.55
10:30am           286          2          4         72       26.3      30.24       1.55
10:35am           270          2          3         71       26.7      30.23       1.55
10:40am           256          0          3         70       27.1      30.23       1.55
10:45am           274          0          4         69       27.6      30.23       1.55
10:50am           236          0          5         69       28.0      30.23       1.55
10:55am           264          1          5         68       28.6      30.23       1.55
11:00am           258          1          5         67       29.1      30.23       1.55
11:05am           211          1          4         65       29.4      30.23       1.55
11:10am           226          2          4         65       30.0      30.23       1.55
11:15am           264          4          5         65       30.1      30.23       1.55
11:20am           281          1          5         64       30.3      30.22       1.55
11:25am           214          0          5         64       30.6      30.22       1.55
11:30am           252          0          5         63       31.3      30.22       1.55
11:35am           224          0          7         63       31.2      30.22       1.55
11:40am            86          3          7         63       31.0      30.22       1.55
11:45am            99          0          7         65       30.5      30.22       1.55
11:50am            92          0          7         64       30.8      30.22       1.55
11:55am            85          0          7         65       31.2      30.22       1.55
12:00pm           136          1          7         63       32.1      30.22       1.55
12:05pm           224          2          3         61       32.2      30.21       1.55
12:10pm           278          2          4         60       32.2      30.21       1.55
12:15pm           248          0          4         61       32.4      30.22       1.55
12:20pm           207          0          4         59       33.0      30.21       1.55
12:25pm           254          1          4         58       33.4      30.21       1.55
12:30pm           108          2          4         60       33.1      30.21       1.55
12:35pm            84          4          5         60       32.0      30.21       1.55
12:40pm            97          1          5         63       31.4      30.20       1.55
12:45pm           146          0          5         63       32.0      30.20       1.55
12:50pm            70          3          5         61       32.4      30.20       1.55
12:55pm            84          0          5         62       32.3      30.20       1.55
1:00pm             89          0          5         62       32.6      30.20       1.55
1:05pm            171          0          1         59       33.5      30.20       1.55
1:10pm             68          1          3         57       33.9      30.20       1.55
1:15pm            105          0          4         60       33.2      30.20       1.55
1:20pm            271          3          6         57       33.4      30.20       1.55
1:25pm            281          3          6         56       33.7      30.20       1.55
1:30pm            303          1          6         56       33.8      30.20       1.55
1:35pm            262          1          4         56       33.9      30.20       1.55
1:40pm            245          0          4         57       34.0      30.20       1.55
1:45pm            297          0          4         53       34.5      30.20       1.55
1:50pm            278          1          4         54       34.4      30.20       1.55
1:55pm            258          1          4         55       34.9      30.20       1.55
2:00pm            271          0          4         54       35.7      30.20       1.55
2:05pm            222          0          4         53       35.7      30.20       1.55
2:10pm            323          0          4         53       35.6      30.20       1.55
2:15pm            266          1          4         55       35.6      30.20       1.55
2:20pm            246          0          4         54       35.5      30.20       1.55
2:25pm            158          0          4         54       35.6      30.20       1.55
2:30pm            281          0          4         55       35.9      30.20       1.55
2:35pm            242          0          4         54       35.4      30.20       1.55
2:40pm            267          0          4         53       35.3      30.20       1.55
2:45pm            238          1          4         53       35.7      30.20       1.55
2:50pm            262          0          4         53       35.3      30.21       1.55
2:55pm            280          2          4         53       35.5      30.20       1.55
3:00pm            277          1          4         53       35.1      30.20       1.55
3:05pm            290          0          2         54       34.6      30.20       1.55
3:10pm            271          1          2         54       34.4      30.20       1.55
3:15pm            150          1          2         55       34.4      30.20       1.55
3:20pm            113          2          2         56       33.9      30.20       1.55
3:25pm            104          1          2         59       33.3      30.20       1.55
3:30pm             97          1          2         59       32.8      30.20       1.55
3:35pm            110          0          2         60       32.6      30.20       1.55
3:40pm            110          0          2         61       32.5      30.20       1.55
3:45pm            110          0          2         62       32.3      30.20       1.55
3:50pm            110          0          2         62       32.1      30.20       1.55
3:55pm            110          0          2         62       32.0      30.20       1.55
4:00pm            110          0          2         65       31.4      30.20       1.55
4:05pm            110          0          0         64       31.0      30.20       1.55
4:10pm            110          0          0         66       30.8      30.20       1.55
4:15pm            110          0          0         68       30.5      30.21       1.55
4:20pm            110          0          0         69       30.0      30.21       1.55
4:25pm            110          0          0         70       29.7      30.21       1.55
4:30pm            110          0          0         72       29.4      30.21       1.55
4:35pm            110          0          1         72       28.9      30.21       1.55
4:40pm            110          0          1         71       28.6      30.21       1.55
4:45pm            110          0          1         71       28.5      30.21       1.55
4:50pm            110          0          1         73       28.1      30.21       1.55
4:55pm            110          0          1         74       27.9      30.21       1.55
5:00pm             93          1          1         74       27.7      30.21       1.55
5:05pm             89          1          2         72       27.7      30.20       1.55
5:10pm             89          0          2         73       27.6      30.21       1.55
5:15pm             89          0          2         73       27.5      30.21       1.55
5:20pm             79          1          2         73       27.5      30.21       1.55
5:25pm             79          3          3         73       27.4      30.21       1.55
5:30pm             85          2          3         71       28.1      30.21       1.55
5:35pm             93          1          2         70       28.1      30.21       1.55
5:40pm            114          0          2         69       28.4      30.21       1.55
5:45pm            105          0          2         71       28.0      30.21       1.55
5:50pm            103          2          4         69       28.4      30.21       1.55
5:55pm            122          0          4         69       28.6      30.21       1.55
6:00pm            120          0          4         69       28.5      30.21       1.55
6:05pm            181          0          2         69       28.7      30.21       1.55
6:10pm            143          0          2         68       28.7      30.21       1.55
6:15pm             96          1          2         67       28.7      30.21       1.55
6:20pm            117          1          2         67       29.0      30.20       1.55
6:25pm            114          1          3         68       29.0      30.20       1.55
6:30pm             77          0          3         67       29.0      30.20       1.55
6:35pm            120          1          3         66       29.1      30.20       1.55
6:40pm             96          3          4         65       29.3      30.20       1.55
6:45pm             97          2          4         65       29.3      30.21       1.55
6:50pm             59          3          6         65       29.4      30.21       1.55
6:55pm            152          1          6         65       29.3      30.21       1.55
7:00pm             95          1          6         65       29.2      30.21       1.55
7:05pm             93          4          5         66       29.2      30.21       1.55
7:10pm            115          2          6         65       29.2      30.21       1.55
7:15pm            131          2          6         66       29.0      30.21       1.55
7:20pm            129          1          6         66       29.0      30.21       1.55
7:25pm            113          2          8         66       28.8      30.20       1.55
7:30pm            161          1          8         66       28.9      30.20       1.55
7:35pm            148          2          6         66       29.0      30.20       1.55
7:40pm             93          0          6         66       29.0      30.20       1.55
7:45pm             33          0          6         66       29.0      30.20       1.55
7:50pm            233          0          6         65       29.0      30.20       1.55
7:55pm             86          2          6         65       29.1      30.19       1.55
8:00pm             94          4          6         65       29.3      30.19       1.55
8:05pm            105          2          4         66       29.4      30.19       1.55
8:10pm            182          2          4         65       29.4      30.20       1.55
8:15pm            168          0          4         64       29.5      30.20       1.55
8:20pm            238          3          4         64       29.5      30.21       1.55
8:25pm            210          0          4         64       29.4      30.21       1.55
8:30pm            135          0          4         65       29.4      30.21       1.55
8:35pm             93          1          3         65       29.2      30.21       1.55
8:40pm            117          0          3         66       29.0      30.21       1.55
8:45pm            132          1          3         67       28.6      30.21       1.55
8:50pm            105          1          3         67       28.3      30.21       1.55
8:55pm             96          2          3         68       28.1      30.20       1.55
9:00pm            103          1          3         68       27.9      30.20       1.55
9:05pm            103          1          4         69       27.8      30.20       1.55
9:10pm            138          0          4         70       27.5      30.20       1.55
9:15pm            138          0          4         70       27.1      30.20       1.55
9:20pm            139          0          4         72       26.6      30.20       1.55
9:25pm             82          0          4         72       26.4      30.20       1.55
9:30pm             82          0          4         72       26.3      30.21       1.55
9:35pm             82          0          0         73       26.0      30.21       1.55
9:40pm             82          0          0         75       25.5      30.21       1.55
9:45pm             82          0          1         77       24.7      30.20       1.55
9:50pm            122          0          1         78       24.2      30.19       1.55
9:55pm            125          0          4         78       24.8      30.19       1.55
10:00pm            86          1          4         78       24.5      30.19       1.55
10:05pm            71          2          2         78       25.0      30.18       1.55
10:10pm           100          0          3         76       25.0      30.18       1.55
10:15pm           101          0          3         78       24.5      30.19       1.55
10:20pm            86          0          3         78       24.5      30.18       1.55
10:25pm            86          0          3         79       23.9      30.18       1.55
10:30pm            86          0          3         80       23.3      30.18       1.55
10:35pm            86          0          0         81       23.0      30.18       1.55
10:40pm            77          0          0         80       23.3      30.19       1.55
10:45pm           113          0          2         79       23.4      30.18       1.55
10:50pm           113          0          2         80       23.0      30.18       1.55
10:55pm           113          0          2         82       22.5      30.18       1.55
11:00pm            95          0          2         84       22.3      30.18       1.55
11:05pm           113          0          1         84       21.9      30.18       1.55
11:10pm           147          0          1         84       22.1      30.18       1.55
11:15pm           147          0          1         84       21.9      30.17       1.55
11:20pm           147          0          1         84       21.7      30.17       1.55
11:25pm           146          0          1         85       21.6      30.17       1.55
11:30pm           110          0          1         85       21.4      30.16       1.55
11:35pm            70          0          3         85       21.5      30.16       1.55
11:40pm           122          0          3         85       21.7      30.16       1.55
11:45pm            87          0          3         84       21.7      30.15       1.55
11:50pm           111          0          3         83       22.1      30.15       1.55
11:55pm            77          0          3         82       22.7      30.15       1.55
