1/29/16
Time         Wind Dir   Wind Spd  Wind Gust   Humidity       Temp  Raw Barom   Tot Rain
                    °        mph        mph          %         °F         in         in
12:00am           274          2          8         70       32.5      29.60       1.61
12:05am           291          3          9         69       32.5      29.60       1.61
12:10am           247          1          9         69       32.4      29.60       1.61
12:15am           242          1          9         70       32.3      29.59       1.61
12:20am           253          0          9         70       32.2      29.59       1.61
12:25am           278          0          9         70       32.0      29.59       1.61
12:30am           257          3          9         71       31.8      29.58       1.61
12:35am           255          0          3         71       31.8      29.58       1.61
12:40am           255          1          3         71       31.6      29.58       1.61
12:45am           305          0          3         73       31.5      29.58       1.61
12:50am           259          1          3         73       31.3      29.59       1.61
12:55am           263          3          4         73       31.2      29.59       1.61
1:00am            264          2          7         72       31.2      29.60       1.61
1:05am            273          3          6         71       31.2      29.59       1.61
1:10am            283          3          6         71       31.4      29.59       1.61
1:15am            286          4          6         70       31.4      29.58       1.61
1:20am            229          0          6         70       31.5      29.57       1.61
1:25am            283          2          6         70       31.5      29.58       1.61
1:30am            252          1          6         69       31.5      29.57       1.61
1:35am            246          0          3         70       31.4      29.56       1.61
1:40am            285          1          3         71       31.3      29.56       1.61
1:45am            280          3          3         72       31.1      29.55       1.61
1:50am            267          1          3         72       31.0      29.55       1.61
1:55am            262          0          3         74       30.7      29.55       1.61
2:00am            265          1          3         74       30.4      29.55       1.61
2:05am            286          0          2         75       30.3      29.54       1.61
2:10am            281          0          2         75       30.2      29.54       1.61
2:15am            281          0          2         75       29.9      29.54       1.61
2:20am            281          0          2         76       29.5      29.54       1.61
2:25am            281          0          2         77       29.1      29.54       1.61
2:30am            281          0          2         78       28.7      29.53       1.61
2:35am            281          0          0         79       28.3      29.54       1.61
2:40am            281          0          0         79       28.1      29.53       1.61
2:45am            281          0          0         80       28.1      29.53       1.61
2:50am            281          0          0         80       28.2      29.53       1.61
2:55am            281          0          0         81       28.1      29.52       1.61
3:00am            281          0          0         81       27.9      29.52       1.61
3:05am            281          0          0         81       27.7      29.51       1.61
3:10am            281          0          0         82       27.4      29.51       1.61
3:15am            281          0          0         83       27.2      29.51       1.61
3:20am            281          0          0         83       27.3      29.50       1.61
3:25am            281          0          0         83       27.2      29.50       1.61
3:30am            281          0          0         83       27.1      29.50       1.61
3:35am            281          0          0         84       27.2      29.50       1.61
3:40am            281          0          1         82       27.4      29.50       1.61
3:45am            281          0          1         83       27.6      29.49       1.61
3:50am            281          0          1         84       27.3      29.50       1.61
3:55am            281          0          1         84       27.0      29.50       1.61
4:00am            281          0          1         84       26.9      29.50       1.61
4:05am            281          0          0         84       26.9      29.49       1.61
4:10am            281          0          0         85       26.8      29.50       1.61
4:15am            281          0          0         84       26.7      29.50       1.61
4:20am            281          0          0         84       26.7      29.49       1.61
4:25am            281          0          0         85       26.8      29.49       1.61
4:30am             75          0          2         86       26.8      29.49       1.61
4:35am             90          1          2         83       27.4      29.50       1.61
4:40am             94          3          4         82       27.9      29.50       1.61
4:45am             95          0          4         83       28.1      29.49       1.61
4:50am             64          0          4         82       28.2      29.49       1.61
4:55am             49          1          4         83       28.2      29.48       1.61
5:00am             92          3          4         83       28.2      29.48       1.61
5:05am             94          2          4         83       28.2      29.48       1.61
5:10am             97          2          5         84       28.1      29.48       1.61
5:15am             98          3          6         84       28.2      29.48       1.61
5:20am             84          4          9         84       28.3      29.48       1.61
5:25am             70          6          9         84       28.3      29.48       1.61
5:30am             58          2          9         84       28.3      29.47       1.61
5:35am             79          2          4         85       28.1      29.47       1.61
5:40am             58          1          4         85       28.0      29.47       1.61
5:45am             80          3          6         86       27.9      29.46       1.61
5:50am             65          3          6         86       27.8      29.46       1.61
5:55am             49          3          6         87       27.7      29.46       1.61
6:00am             77          1          6         87       27.7      29.45       1.61
6:05am             91          2          4         87       27.6      29.45       1.61
6:10am             76          2          4         87       27.5      29.45       1.61
6:15am             82          1          4         87       27.5      29.44       1.61
6:20am             81          0          4         87       27.5      29.44       1.61
6:25am            310          0          4         88       27.4      29.45       1.61
6:30am            309          0          4         88       27.3      29.45       1.61
6:35am            310          0          0         88       27.1      29.46       1.61
6:40am            309          0          0         88       26.9      29.46       1.61
6:45am            310          0          0         88       26.6      29.46       1.61
6:50am            236          0          0         89       26.4      29.46       1.61
6:55am            236          0          0         89       26.3      29.47       1.61
7:00am            236          0          0         89       26.1      29.47       1.61
7:05am            236          0          0         90       26.0      29.46       1.61
7:10am             43          0          2         90       26.2      29.46       1.61
7:15am             86          1          2         90       26.5      29.45       1.61
7:20am            114          0          3         90       26.7      29.45       1.61
7:25am            115          0          3         89       26.4      29.45       1.61
7:30am            115          0          3         90       26.3      29.44       1.61
7:35am            114          0          0         90       26.1      29.44       1.61
7:40am            115          0          0         90       25.9      29.44       1.61
7:45am            115          0          0         90       25.7      29.44       1.61
7:50am            114          0          0         91       25.6      29.44       1.61
7:55am            114          0          0         91       25.6      29.43       1.61
8:00am            115          0          0         91       25.5      29.43       1.61
8:05am            114          0          0         91       25.5      29.43       1.61
8:10am            113          0          1         91       25.4      29.42       1.61
8:15am             86          2          3         92       25.7      29.42       1.61
8:20am             68          4          6         92       26.3      29.42       1.61
8:25am             75          2          6         91       26.5      29.42       1.61
8:30am             75          2          6         90       26.6      29.41       1.61
8:35am             70          1          4         90       26.7      29.41       1.61
8:40am             78          2          4         89       26.8      29.41       1.61
8:45am             76          1          4         89       26.9      29.41       1.61
8:50am             84          1          4         89       27.1      29.41       1.61
8:55am             94          0          4         88       27.5      29.41       1.61
9:00am             82          1          4         87       27.8      29.41       1.61
9:05am             82          2          3         87       28.0      29.41       1.61
9:10am            135          2          6         86       28.2      29.41       1.61
9:15am             97          2          6         85       28.5      29.41       1.61
9:20am             93          1          6         85       28.6      29.40       1.61
9:25am            106          2          6         85       28.8      29.40       1.61
9:30am            115          2          6         85       29.0      29.40       1.61
9:34am            162          1          6         85       29.2      29.39       1.61
9:40am             82          6          6         84       29.5      29.39       1.61
9:45am             86          1          6         84       29.7      29.39       1.61
9:50am             92          1          6         82       30.0      29.39       1.61
9:55am             82          1          6         82       30.0      29.39       1.61
10:00am            51          0          6         82       30.1      29.40       1.61
10:05am            68          1          2         82       30.4      29.40       1.61
10:10am            90          1          2         82       30.5      29.39       1.61
10:15am            78          1          2         81       30.8      29.39       1.61
10:20am            78          0          2         80       30.8      29.39       1.61
10:25am            88          0          2         80       30.9      29.39       1.61
10:30am            88          0          2         80       30.9      29.39       1.61
10:35am            88          0          1         80       31.1      29.39       1.61
10:40am            88          0          1         79       31.6      29.39       1.61
10:45am            88          0          1         77       32.2      29.39       1.61
10:50am           212          0          1         75       32.7      29.39       1.61
10:55am           212          0          1         74       33.0      29.39       1.61
11:00am           269          1          1         74       32.9      29.39       1.61
11:05am           252          0          1         73       32.9      29.39       1.61
11:10am           255          1          1         73       33.0      29.38       1.61
11:15am           259          0          1         73       32.9      29.38       1.61
11:20am           281          1          1         73       33.2      29.38       1.61
11:25am           254          0          2         73       33.4      29.38       1.61
11:30am           296          1          2         72       33.5      29.37       1.61
11:35am           234          0          3         71       33.5      29.37       1.61
11:40am           215          1          3         72       33.6      29.37       1.61
11:45am           283          2          3         71       33.5      29.36       1.61
11:50am           251          1          3         72       33.6      29.36       1.61
11:55am           229          0          3         70       33.8      29.36       1.61
12:00pm           278          1          3         70       33.9      29.35       1.61
12:05pm           271          0          1         70       34.0      29.35       1.61
12:10pm           203          0          2         68       34.3      29.35       1.61
12:15pm           278          2          3         65       34.3      29.35       1.61
12:20pm           270          0          3         65       34.4      29.35       1.61
12:25pm           245          0          3         65       34.5      29.35       1.61
12:30pm           249          0          4         64       34.8      29.35       1.61
12:35pm           277          1          6         64       34.8      29.35       1.61
12:40pm            76          0          6         64       34.9      29.34       1.61
12:45pm           239          0          6         63       35.1      29.34       1.61
12:50pm           250          1          6         65       34.9      29.34       1.61
12:55pm           259          5          6         65       34.8      29.34       1.61
1:00pm            283          2          6         66       34.6      29.34       1.61
1:05pm            281          3          4         67       34.5      29.34       1.61
1:10pm            249          0          4         68       34.6      29.34       1.61
1:15pm            243          2          4         67       34.8      29.34       1.61
1:20pm            281          2          5         67       34.8      29.34       1.61
1:25pm            233          0          5         68       34.9      29.34       1.61
1:30pm            283          0          5         66       35.0      29.34       1.61
1:35pm            285          0          2         66       34.9      29.34       1.61
1:40pm            290          3          3         68       34.8      29.34       1.61
1:45pm            239          2          5         69       34.5      29.34       1.61
1:50pm            267          0          5         70       34.3      29.34       1.61
1:55pm            251          0          5         71       34.4      29.34       1.61
2:00pm            257          1          5         71       34.3      29.34       1.61
2:05pm            268          1          3         71       34.3      29.34       1.61
2:10pm            237          0          3         71       34.4      29.34       1.61
2:15pm            359          0          3         70       34.5      29.35       1.61
2:20pm            359          1          3         69       34.4      29.35       1.61
2:25pm            255          0          5         69       34.3      29.35       1.61
2:30pm            170          0          5         70       34.4      29.35       1.61
2:35pm            222          2          5         70       34.3      29.35       1.61
2:40pm            296          3          6         70       34.2      29.35       1.61
2:45pm            212          1          8         70       34.2      29.36       1.61
2:50pm            160          0          8         69       34.2      29.36       1.61
2:55pm             98          0          8         70       34.1      29.36       1.61
3:00pm            273          1          8         71       34.0      29.36       1.61
3:05pm            271          4          8         72       33.7      29.36       1.61
3:10pm            248          3          8         73       33.7      29.36       1.61
3:15pm              7          0          8         75       33.6      29.37       1.61
3:20pm            255          2          8         76       33.4      29.37       1.61
3:25pm            245          1          8         77       33.2      29.37       1.61
3:30pm            282          1          8         78       33.1      29.37       1.61
3:35pm            282          3          6         79       32.9      29.37       1.61
3:40pm            215          0          7         80       32.7      29.38       1.61
3:45pm            288          0          7         80       32.6      29.38       1.61
3:50pm            243          1          7         82       32.3      29.38       1.61
3:55pm            285          4          8         83       32.1      29.39       1.61
4:00pm            301          4          8         84       31.8      29.39       1.61
4:05pm            274          5          9         85       31.6      29.39       1.61
4:10pm            273          3          9         86       31.5      29.40       1.61
4:15pm            314          3          9         87       31.4      29.40       1.61
4:20pm            260          1          9         88       31.3      29.40       1.61
4:25pm            291          4          9         88       31.1      29.40       1.61
4:30pm            277          2          9         89       31.0      29.41       1.61
4:35pm            304          3          6         89       30.9      29.41       1.61
4:40pm            277          5          6         90       30.9      29.41       1.61
4:45pm            269          1          6         90       30.8      29.41       1.61
4:50pm            259          2          6         90       30.8      29.41       1.61
4:55pm            273          2          6         91       30.8      29.42       1.61
5:00pm            288          2          6         91       30.8      29.42       1.61
5:05pm            271          2          5         91       30.8      29.42       1.61
5:10pm            275          1          5         91       30.8      29.42       1.61
5:15pm            240          1          5         92       30.7      29.43       1.61
5:20pm            278          4          7         92       30.7      29.43       1.61
5:25pm            274          2          7         92       30.7      29.43       1.61
5:30pm            253          1          7         92       30.7      29.43       1.61
5:35pm            252          1          5         92       30.7      29.44       1.61
5:40pm            248          1          5         92       30.8      29.44       1.61
5:45pm            237          1          5         92       30.8      29.44       1.61
5:50pm            299          1          5         92       30.8      29.44       1.61
5:55pm            250          1          5         91       30.9      29.45       1.61
6:00pm            287          0          5         91       30.9      29.45       1.61
6:05pm            257          1          4         91       31.0      29.46       1.61
6:10pm            259          0          5         91       31.0      29.46       1.61
6:15pm            280          0          5         91       31.0      29.46       1.61
6:20pm            255          2          5         90       31.0      29.46       1.61
6:25pm            254          0          5         89       31.1      29.47       1.61
6:30pm             70          0          5         87       31.3      29.47       1.61
6:35pm            285          1          8         86       31.4      29.47       1.61
6:40pm            306          6          9         85       31.6      29.47       1.61
6:45pm             84          1          9         85       31.7      29.47       1.61
6:50pm            291          2          9         84       31.7      29.48       1.61
6:55pm            271          2          9         84       31.8      29.48       1.61
7:00pm            258          3          9         84       31.9      29.48       1.61
7:05pm            192          0          7         84       32.0      29.49       1.61
7:09pm            238          2          9         83       32.0      29.49       1.61
7:15pm            246          1          9         83       32.1      29.49       1.61
7:20pm            255          2          9         83       32.1      29.49       1.61
7:25pm            341          2          9         83       32.2      29.50       1.61
7:30pm            297          2          9         83       32.2      29.50       1.61
7:35pm             45          0          6         83       32.2      29.50       1.61
7:40pm            329          3          6         83       32.2      29.50       1.61
7:45pm            235          0          6         83       32.2      29.51       1.61
7:50pm             41          3          6         83       32.2      29.51       1.61
7:55pm            156          0          6         83       32.2      29.51       1.61
8:00pm            117          1          6         83       32.2      29.52       1.61
8:05pm            144          0          4         83       32.2      29.51       1.61
8:10pm            252          0          5         83       32.2      29.52       1.61
8:15pm            115          0          5         83       32.2      29.52       1.61
8:20pm            290          0          5         83       32.1      29.53       1.61
8:25pm            274          4          6         84       32.0      29.53       1.61
8:30pm             68          1          6         84       32.0      29.53       1.61
8:35pm            256          1          2         84       32.0      29.53       1.61
8:40pm            279          0          8         85       31.9      29.54       1.61
8:45pm            321          1          8         85       31.8      29.54       1.61
8:50pm            214          4          9         85       31.7      29.54       1.61
8:55pm             42          0          9         86       31.7      29.54       1.61
9:00pm            169          0          9         85       31.7      29.54       1.61
9:05pm             25          5          7         85       31.8      29.55       1.61
9:10pm            257          8         10         84       31.9      29.55       1.61
9:15pm             32          2         11         83       32.0      29.55       1.61
9:20pm            264          0         11         83       32.0      29.55       1.61
9:25pm            221          7         11         83       32.0      29.56       1.61
9:30pm             75          1         11         83       32.1      29.56       1.61
9:35pm            146          2          3         83       32.0      29.56       1.61
9:40pm             56          0          7         83       32.0      29.57       1.61
9:45pm            290          3          7         83       32.0      29.57       1.61
9:50pm            126          1          7         83       31.9      29.57       1.61
9:55pm            210          2          7         81       31.9      29.57       1.61
10:00pm             6          4         11         81       31.8      29.57       1.61
10:05pm            54          2          5         80       31.8      29.58       1.61
10:10pm            91          0          8         80       31.7      29.58       1.61
10:15pm           311          4          8         80       31.6      29.59       1.61
10:20pm            60          3          8         79       31.6      29.59       1.61
10:25pm           251          3          8         79       31.7      29.59       1.61
10:30pm           140          0          8         79       31.8      29.60       1.61
10:35pm           188          0          3         79       31.7      29.60       1.61
10:40pm           258          0          3         80       31.7      29.60       1.61
10:45pm            30          0          4         80       31.6      29.60       1.61
10:50pm           265          8          8         80       31.7      29.61       1.61
10:55pm           265          0          8         80       31.7      29.61       1.61
11:00pm           267          1          8         80       31.7      29.62       1.61
11:05pm           232          3          5         81       31.6      29.62       1.61
11:10pm           213          3          8         81       31.6      29.62       1.61
11:15pm            55          2          8         81       31.6      29.63       1.61
11:20pm            71          2         10         80       31.5      29.63       1.61
11:25pm           223          0         11         80       31.4      29.63       1.61
11:30pm           238          4         11         80       31.4      29.63       1.61
11:35pm           309          1          6         80       31.2      29.64       1.61
11:40pm           250          3          6         80       31.2      29.64       1.61
11:45pm           108          3          6         81       31.0      29.64       1.61
11:50pm           286          5          6         81       31.0      29.65       1.61
11:55pm           315          2         11         81       30.9      29.65       1.61
