1/14/16
Time         Wind Dir   Wind Spd  Wind Gust   Humidity       Temp  Raw Barom   Tot Rain
                    °        mph        mph          %         °F         in         in
12:00am           244          0          4         70       10.0      29.82       1.48
12:05am           244          0          0         71        9.8      29.82       1.48
12:10am           274          0          2         71        9.7      29.82       1.48
12:15am           274          0          2         71        9.7      29.82       1.48
12:20am           259          0          2         71        9.5      29.82       1.48
12:25am           259          0          2         72        9.3      29.82       1.48
12:30am           259          0          2         73        9.2      29.82       1.48
12:35am           275          1          2         73        9.4      29.82       1.48
12:40am           278          0          3         72        9.8      29.82       1.48
12:45am           244          0          3         73        9.9      29.82       1.48
12:50am           243          0          3         73        9.8      29.81       1.48
12:55am           234          0          3         74        9.8      29.81       1.48
1:00am            253          0          3         73        9.7      29.81       1.48
1:05am            233          0          1         74        9.5      29.81       1.48
1:10am            233          0          1         74        9.4      29.81       1.48
1:15am            240          0          1         74        9.3      29.81       1.48
1:20am            229          0          1         75        9.2      29.81       1.48
1:25am            245          0          1         75        9.0      29.81       1.48
1:30am            231          0          1         75        9.0      29.81       1.48
1:35am            255          0          1         75        8.8      29.81       1.48
1:40am            207          0          1         76        8.7      29.81       1.48
1:45am            210          0          1         77        8.6      29.81       1.48
1:50am            248          1          2         77        8.6      29.81       1.48
1:55am            248          0          2         77        8.7      29.81       1.48
2:00am            243          0          2         77        8.7      29.81       1.48
2:05am            243          0          1         77        8.7      29.82       1.48
2:10am            243          0          1         78        8.7      29.82       1.48
2:15am            243          0          1         78        8.6      29.82       1.48
2:20am            243          0          1         78        8.7      29.82       1.48
2:25am            243          0          1         78        8.7      29.82       1.48
2:30am            243          0          1         78        8.7      29.82       1.48
2:35am            228          0          1         77        8.8      29.82       1.48
2:40am            228          0          1         78        8.9      29.82       1.48
2:45am            228          0          1         78        8.9      29.81       1.48
2:50am            228          0          1         78        8.9      29.81       1.48
2:55am            229          0          1         77        8.9      29.81       1.48
3:00am            286          1          1         77        8.8      29.81       1.48
3:05am            286          0          0         77        8.8      29.81       1.48
3:10am            286          0          0         77        8.8      29.81       1.48
3:15am            286          0          0         77        8.8      29.81       1.48
3:20am            286          0          0         77        8.9      29.81       1.48
3:25am            286          0          0         78        9.0      29.80       1.48
3:30am            286          0          0         79        8.8      29.80       1.48
3:35am            286          0          0         79        8.7      29.80       1.48
3:40am            286          0          0         80        8.6      29.80       1.48
3:45am            286          0          0         80        8.3      29.80       1.48
3:50am            286          0          0         80        8.2      29.80       1.48
3:55am            286          0          0         79        8.1      29.80       1.48
4:00am            286          0          0         79        7.9      29.80       1.48
4:05am            286          0          0         81        7.7      29.80       1.48
4:10am            286          0          0         83        7.6      29.80       1.48
4:15am            286          0          0         83        7.6      29.80       1.48
4:20am            286          0          0         84        7.6      29.80       1.48
4:25am            286          0          0         83        7.5      29.80       1.48
4:30am            286          0          0         83        7.4      29.80       1.48
4:35am            286          0          0         84        7.4      29.80       1.48
4:40am            286          0          0         84        7.3      29.80       1.48
4:45am            286          0          0         85        7.3      29.79       1.48
4:50am            286          0          0         85        7.3      29.79       1.48
4:55am            286          0          0         85        7.3      29.79       1.48
5:00am            286          0          0         86        7.5      29.79       1.48
5:05am            258          0          1         86        7.7      29.79       1.48
5:10am            258          0          1         86        7.7      29.79       1.48
5:15am            258          0          1         86        7.8      29.79       1.48
5:20am            241          0          1         86        8.0      29.80       1.48
5:25am            274          0          1         86        8.1      29.80       1.48
5:30am            272          1          1         86        8.5      29.80       1.48
5:35am            266          0          1         86        8.6      29.80       1.48
5:40am            266          0          1         86        8.8      29.80       1.48
5:45am            266          0          1         86        8.9      29.80       1.48
5:50am            266          0          1         86        9.0      29.80       1.48
5:55am            259          0          1         86        9.3      29.80       1.48
6:00am            258          0          1         86        9.4      29.80       1.48
6:05am            266          0          1         86        9.5      29.80       1.48
6:10am            266          0          1         86        9.5      29.80       1.48
6:15am            266          0          1         86        9.5      29.80       1.48
6:20am            286          0          1         85        9.6      29.80       1.48
6:25am            286          0          1         85        9.6      29.80       1.48
6:30am            286          0          1         86        9.7      29.80       1.48
6:35am            261          0          2         86       10.1      29.81       1.48
6:40am            276          0          2         86       10.6      29.80       1.48
6:45am            261          0          2         85       11.1      29.81       1.48
6:50am            262          1          3         84       11.6      29.81       1.48
6:55am            281          0          3         83       11.8      29.81       1.48
7:00am            266          2          3         83       11.9      29.81       1.48
7:05am            264          1          2         83       11.9      29.81       1.48
7:10am            271          0          2         84       11.7      29.81       1.48
7:15am            266          1          3         84       11.7      29.82       1.48
7:20am            270          1          3         84       11.7      29.81       1.48
7:25am            254          1          3         84       11.7      29.81       1.48
7:30am            260          0          3         84       11.8      29.82       1.48
7:35am            269          1          1         84       11.9      29.82       1.48
7:40am            272          1          1         84       12.1      29.82       1.48
7:45am            272          0          1         84       12.2      29.82       1.48
7:50am            236          0          1         84       12.4      29.82       1.48
7:55am            268          1          2         84       12.4      29.82       1.48
8:00am            262          0          2         83       12.4      29.82       1.48
8:05am            265          1          1         83       12.5      29.82       1.48
8:10am            265          0          2         83       12.6      29.82       1.48
8:15am            271          1          2         83       12.8      29.82       1.48
8:20am            271          1          2         83       12.9      29.82       1.48
8:25am            274          1          3         82       13.1      29.82       1.48
8:30am            279          2          3         82       13.3      29.82       1.48
8:35am            263          2          3         82       13.5      29.82       1.48
8:40am            276          1          4         82       13.6      29.82       1.48
8:45am            266          3          4         81       13.8      29.82       1.48
8:50am            280          3          5         81       14.0      29.82       1.48
8:55am            276          4          7         80       14.3      29.82       1.48
9:00am            290          3          8         79       14.5      29.82       1.48
9:05am            265          2          5         79       14.8      29.82       1.48
9:10am            290          1          5         78       14.9      29.82       1.48
9:15am            283          3          5         78       15.1      29.83       1.48
9:20am            273          1          5         78       15.3      29.83       1.48
9:25am            270          4          6         77       15.4      29.83       1.48
9:30am            298          3          6         77       15.4      29.83       1.48
9:35am            281          1          6         77       15.5      29.83       1.48
9:40am            308          4          6         76       15.6      29.83       1.48
9:45am            271          4          6         76       16.0      29.82       1.48
9:50am            255          2          7         76       16.3      29.82       1.48
9:55am            268          2          7         76       16.8      29.82       1.48
10:00am           243          4          8         73       17.1      29.82       1.48
10:05am           280          2          5         73       17.7      29.82       1.48
10:10am           264          2          8         71       17.9      29.82       1.48
10:15am           246          1          8         69       18.3      29.82       1.48
10:20am           281          4          9         69       18.6      29.82       1.48
10:25am           223          2          9         69       19.1      29.82       1.48
10:30am           280          3         11         66       19.1      29.81       1.48
10:35am           287          6         11         66       19.0      29.81       1.48
10:40am           249          3         11         66       19.1      29.81       1.48
10:45am           209          2         11         65       19.3      29.80       1.48
10:50am           266          5         11         65       19.6      29.80       1.48
10:55am           259          4         11         65       19.9      29.80       1.48
11:00am           275          4         11         65       20.1      29.80       1.48
11:05am           267          6         10         64       20.3      29.80       1.48
11:10am           234          3         10         64       20.5      29.80       1.48
11:15am           252          8         12         63       20.3      29.80       1.48
11:20am           278          7         12         63       20.1      29.80       1.48
11:24am           292          4         12         65       20.6      29.80       1.48
11:30am           252          2         12         64       20.3      29.80       1.48
11:35am           261          5          9         65       19.7      29.80       1.48
11:40am           238          4         11         65       20.0      29.79       1.48
11:45am           257          4         13         65       19.8      29.79       1.48
11:50am           272          3         13         66       19.6      29.79       1.48
11:55am           257          2         13         66       19.6      29.79       1.48
12:00pm           271          4         16         66       19.8      29.79       1.48
12:05pm           264          7         17         66       19.7      29.79       1.48
12:10pm           280          6         17         66       19.8      29.79       1.48
12:15pm           278          4         17         67       19.8      29.79       1.48
12:20pm           276          4         17         67       19.8      29.79       1.48
12:25pm           288          4         17         66       20.5      29.78       1.48
12:30pm           233          2         17         65       21.1      29.78       1.48
12:35pm           231          3         12         65       20.9      29.78       1.48
12:40pm           287          5         12         64       21.8      29.78       1.48
12:45pm           240          4         12         63       22.2      29.77       1.48
12:50pm           270          4         12         62       22.5      29.77       1.48
12:55pm           269          6         12         61       22.5      29.77       1.48
1:00pm            268          4         12         61       22.1      29.77       1.48
1:05pm            264          2          8         62       22.2      29.77       1.48
1:10pm            262          5          8         61       22.7      29.77       1.48
1:15pm            160          3         10         59       23.6      29.77       1.48
1:20pm            276          4         13         58       23.9      29.77       1.48
1:25pm            309          5         13         58       24.2      29.76       1.48
1:30pm            280          3         13         57       24.2      29.76       1.48
1:35pm            269          3         11         57       24.2      29.76       1.48
1:40pm            257          7         14         57       24.2      29.76       1.48
1:45pm            262          8         17         58       23.8      29.76       1.48
1:50pm            245          4         17         58       23.9      29.76       1.48
1:55pm            274          6         17         58       23.9      29.76       1.48
2:00pm            259          3         17         58       23.9      29.76       1.48
2:05pm            262          5          9         59       24.1      29.77       1.48
2:10pm            266          3         11         58       24.0      29.77       1.48
2:15pm            269          3         12         58       23.9      29.77       1.48
2:19pm            273          1         12         59       23.7      29.77       1.48
2:25pm            252          4         12         60       23.6      29.78       1.48
2:30pm            264          8         12         60       23.5      29.78       1.48
2:35pm            283          4         11         60       23.4      29.78       1.48
2:40pm            264          8         12         61       23.5      29.78       1.48
2:45pm            273          3         12         61       22.9      29.79       1.48
2:50pm            278          3         12         62       22.5      29.79       1.48
2:55pm            245          4         12         63       22.8      29.79       1.48
3:00pm            233          4         12         63       23.1      29.79       1.48
3:05pm            288          5         10         61       23.1      29.79       1.48
3:10pm            251          3         11         63       22.9      29.79       1.48
3:15pm            256          3         11         63       22.6      29.79       1.48
3:20pm            285         10         12         63       22.5      29.80       1.48
3:25pm            263          4         12         64       22.5      29.80       1.48
3:30pm            276          4         12         64       22.3      29.80       1.48
3:35pm            228          1          5         65       22.2      29.81       1.48
3:40pm            286          2          5         65       22.1      29.81       1.48
3:45pm            273          5          8         65       21.9      29.81       1.48
3:50pm            241          3          8         66       21.6      29.81       1.48
3:55pm            279          2          8         67       21.4      29.81       1.48
4:00pm            252          3          8         68       21.2      29.81       1.48
4:05pm            212          6          9         68       21.0      29.81       1.48
4:10pm            254          4         10         69       21.0      29.81       1.48
4:15pm            286          4         10         69       20.7      29.81       1.48
4:20pm            292          3         10         69       20.7      29.81       1.48
4:25pm            264          0         10         69       20.5      29.82       1.48
4:30pm            255          1         10         70       20.4      29.82       1.48
4:35pm            227          1          4         70       20.2      29.82       1.48
4:40pm            244          0          4         70       20.1      29.82       1.48
4:45pm            283          0          4         71       19.9      29.83       1.48
4:50pm            285          2          4         71       19.7      29.83       1.48
4:55pm            270          1          4         72       19.6      29.83       1.48
5:00pm            280          2          4         72       19.4      29.84       1.48
5:05pm            261          1          2         72       19.3      29.84       1.48
5:10pm            247          0          2         73       19.1      29.84       1.48
5:15pm            253          0          3         73       19.0      29.85       1.48
5:20pm            274          0          3         73       19.0      29.85       1.48
5:25pm            274          0          3         73       18.9      29.85       1.48
5:30pm            255          0          3         74       18.7      29.85       1.48
5:35pm            266          0          2         74       18.5      29.85       1.48
5:40pm            272          1          2         75       18.3      29.85       1.48
5:45pm            267          0          2         75       18.2      29.85       1.48
5:50pm            268          0          2         76       18.2      29.85       1.48
5:55pm            266          0          2         77       18.1      29.85       1.48
6:00pm            260          0          2         78       17.8      29.85       1.48
6:05pm            259          0          1         78       17.4      29.85       1.48
6:10pm            276          0          1         78       17.1      29.86       1.48
6:15pm            276          0          1         80       16.8      29.86       1.48
6:20pm            276          0          1         81       16.7      29.87       1.48
6:25pm            276          0          1         81       16.6      29.87       1.48
6:30pm            276          0          1         81       16.5      29.87       1.48
6:35pm            276          0          0         81       16.4      29.88       1.48
6:40pm            276          0          0         81       16.3      29.88       1.48
6:45pm            247          0          1         82       16.2      29.88       1.48
6:50pm            247          0          1         82       16.0      29.88       1.48
6:55pm            247          0          1         81       15.7      29.88       1.48
7:00pm            247          0          1         81       15.4      29.89       1.48
7:05pm            247          0          0         81       14.9      29.89       1.48
7:10pm            247          0          0         84       14.6      29.89       1.48
7:15pm            247          0          0         84       14.5      29.89       1.48
7:20pm            247          0          0         85       14.4      29.89       1.48
7:25pm            247          0          0         85       14.3      29.89       1.48
7:30pm            247          0          0         86       14.3      29.89       1.48
7:35pm            247          0          0         86       14.3      29.89       1.48
7:40pm            247          0          0         85       14.1      29.89       1.48
7:45pm            247          0          0         86       14.3      29.89       1.48
7:50pm            247          0          1         86       14.5      29.89       1.48
7:55pm            247          0          1         86       14.5      29.90       1.48
8:00pm            247          0          1         86       14.2      29.89       1.48
8:05pm            247          0          0         86       13.9      29.90       1.48
8:10pm            247          0          0         87       13.9      29.90       1.48
8:15pm            247          0          0         86       14.0      29.90       1.48
8:20pm            247          0          0         87       13.8      29.90       1.48
8:25pm            247          0          1         87       13.8      29.90       1.48
8:30pm            247          0          1         88       14.1      29.90       1.48
8:35pm            247          0          0         88       14.3      29.90       1.48
8:40pm            247          0          0         88       14.3      29.90       1.48
8:45pm            247          0          1         87       14.3      29.90       1.48
8:50pm            247          0          1         87       14.4      29.90       1.48
8:55pm            267          0          1         87       14.4      29.90       1.48
9:00pm            274          0          1         87       14.5      29.90       1.48
9:05pm            274          0          1         87       14.7      29.90       1.48
9:10pm            268          0          1         87       14.7      29.90       1.48
9:15pm            280          1          2         87       14.2      29.90       1.48
9:20pm            274          0          2         88       13.9      29.90       1.48
9:25pm            274          0          2         89       13.7      29.90       1.48
9:30pm            274          0          2         89       13.7      29.91       1.48
9:35pm            274          1          1         89       13.7      29.91       1.48
9:40pm            274          0          1         90       14.0      29.91       1.48
9:45pm            274          0          1         89       14.4      29.91       1.48
9:50pm            285          0          1         89       14.7      29.92       1.48
9:55pm            285          0          1         88       14.9      29.91       1.48
10:00pm           285          0          1         88       14.9      29.91       1.48
10:05pm           285          0          0         87       15.0      29.92       1.48
10:10pm           285          0          0         88       14.9      29.92       1.48
10:15pm           285          0          0         87       14.9      29.92       1.48
10:20pm           285          0          0         87       14.8      29.93       1.48
10:25pm           285          0          0         87       14.7      29.93       1.48
10:30pm           255          0          1         88       14.7      29.93       1.48
10:35pm           271          0          1         89       14.5      29.93       1.48
10:40pm           271          0          1         89       14.4      29.93       1.48
10:45pm           259          0          1         89       14.3      29.94       1.48
10:50pm           276          1          1         90       14.1      29.93       1.48
10:55pm           276          1          1         90       14.1      29.93       1.48
11:00pm           276          0          1         89       14.1      29.93       1.48
11:05pm           272          0          0         89       14.3      29.93       1.48
11:10pm           275          1          1         89       14.4      29.93       1.48
11:15pm           278          0          1         89       14.0      29.93       1.48
11:20pm           278          0          1         90       13.6      29.92       1.48
11:25pm           270          0          1         90       13.4      29.92       1.48
11:30pm           270          0          1         90       13.4      29.92       1.48
11:35pm           280          0          1         91       13.7      29.92       1.48
11:40pm           281          0          1         90       13.6      29.92       1.48
11:45pm           283          0          1         91       13.6      29.91       1.48
11:50pm           283          0          1         90       14.0      29.91       1.48
11:55pm           283          0          1         90       14.0      29.91       1.48
