1/6/16
Time         Wind Dir   Wind Spd  Wind Gust   Humidity       Temp  Raw Barom   Tot Rain
                    °        mph        mph          %         °F         in         in
12:00am           286          0          6         72       10.0      30.53       0.00
12:05am           255          1          3         75        9.5      30.52       0.00
12:10am           267          1          3         77        9.1      30.52       0.00
12:15am           249          0          3         77        8.7      30.52       0.00
12:20am           285          1          3         79        8.3      30.51       0.00
12:25am           245          1          3         81        7.9      30.52       0.00
12:30am           256          0          3         82        7.8      30.52       0.00
12:35am           256          1          1         82        7.9      30.51       0.00
12:40am           274          0          1         82        7.8      30.51       0.00
12:45am           297          0          2         82        7.7      30.51       0.00
12:50am           276          0          2         83        7.4      30.51       0.00
12:55am           251          0          2         84        7.1      30.51       0.00
1:00am            278          1          2         85        6.8      30.51       0.00
1:05am            269          1          1         86        6.6      30.51       0.00
1:10am            265          2          3         87        6.4      30.51       0.00
1:15am            288          3          3         86        6.7      30.51       0.00
1:20am            270          2          3         84        7.1      30.50       0.00
1:25am            256          1          4         82        7.5      30.50       0.00
1:30am            131          0          4         80        7.9      30.50       0.00
1:35am            259          1          2         81        8.0      30.50       0.00
1:40am            266          1          3         82        7.6      30.50       0.00
1:45am            270          1          3         82        7.5      30.49       0.00
1:50am            260          0          3         82        7.4      30.49       0.00
1:55am            244          0          3         83        7.3      30.49       0.00
2:00am            257          0          3         83        7.2      30.49       0.00
2:05am            249          0          2         82        7.2      30.49       0.00
2:10am            259          0          2         83        6.9      30.49       0.00
2:15am            255          1          2         83        6.7      30.49       0.00
2:20am            273          1          2         84        6.7      30.49       0.00
2:25am            264          0          2         84        6.6      30.49       0.00
2:30am            271          0          2         85        6.3      30.49       0.00
2:35am            271          0          0         85        6.1      30.49       0.00
2:40am            238          0          1         85        5.8      30.49       0.00
2:45am            261          0          1         86        5.7      30.49       0.00
2:50am            281          0          1         87        5.7      30.49       0.00
2:55am            270          2          2         87        5.6      30.49       0.00
3:00am            266          2          2         88        5.5      30.49       0.00
3:05am            280          2          3         88        5.7      30.49       0.00
3:10am            260          0          3         87        6.1      30.49       0.00
3:15am            243          0          3         86        5.9      30.49       0.00
3:20am            277          0          3         87        5.7      30.49       0.00
3:25am            252          0          3         87        5.9      30.49       0.00
3:30am            220          0          3         86        5.9      30.49       0.00
3:35am            248          0          2         84        6.2      30.49       0.00
3:40am            273          1          2         84        6.5      30.48       0.00
3:45am            264          1          3         84        6.4      30.48       0.00
3:50am            270          1          3         84        6.4      30.48       0.00
3:55am            274          2          3         85        6.3      30.48       0.00
4:00am            269          3          3         86        6.1      30.48       0.00
4:05am            281          0          3         86        6.1      30.48       0.00
4:10am            279          1          3         83        6.4      30.48       0.00
4:15am            263          1          3         82        6.9      30.48       0.00
4:20am            266          2          3         82        7.0      30.47       0.00
4:25am            265          2          4         82        7.4      30.47       0.00
4:30am            284          3          4         81        7.6      30.47       0.00
4:35am            271          0          3         83        7.0      30.47       0.00
4:40am            281          2          3         84        6.8      30.47       0.00
4:45am            282          2          4         82        6.9      30.47       0.00
4:50am            268          2          4         82        6.9      30.47       0.00
4:55am            256          2          4         83        6.8      30.47       0.00
5:00am            270          2          4         81        7.2      30.47       0.00
5:05am            266          1          4         80        7.5      30.47       0.00
5:10am            273          2          4         81        7.3      30.47       0.00
5:15am            269          1          4         82        6.9      30.47       0.00
5:20am            253          0          4         84        6.6      30.47       0.00
5:25am            269          0          4         84        6.6      30.47       0.00
5:30am            272          1          4         84        6.9      30.47       0.00
5:35am            244          1          3         82        7.0      30.47       0.00
5:40am            257          0          3         83        6.8      30.47       0.00
5:45am            291          2          3         83        6.8      30.47       0.00
5:50am            261          1          3         83        7.0      30.47       0.00
5:55am            274          2          3         83        6.9      30.47       0.00
6:00am            271          0          3         82        7.0      30.47       0.00
6:05am            264          0          2         82        7.0      30.47       0.00
6:10am            259          0          2         82        6.7      30.47       0.00
6:15am            259          0          2         82        6.5      30.47       0.00
6:20am            259          0          2         81        6.4      30.47       0.00
6:25am            259          0          2         81        6.3      30.47       0.00
6:30am            259          0          2         81        6.3      30.46       0.00
6:35am            271          0          0         84        6.4      30.47       0.00
6:40am            277          0          1         85        6.4      30.47       0.00
6:45am            265          0          2         86        6.1      30.46       0.00
6:50am            277          2          2         87        5.9      30.46       0.00
6:55am            286          2          3         87        5.9      30.46       0.00
7:00am            281          2          3         87        5.8      30.46       0.00
7:05am            266          1          3         85        6.2      30.46       0.00
7:10am            176          0          3         79        7.8      30.46       0.00
7:15am            278          2          3         80        8.0      30.46       0.00
7:20am            266          1          3         82        7.0      30.46       0.00
7:25am            238          0          3         85        6.2      30.46       0.00
7:30am            243          0          3         86        5.9      30.45       0.00
7:35am            259          1          2         86        6.1      30.45       0.00
7:40am            254          2          2         84        6.7      30.45       0.00
7:45am            274          1          3         84        7.0      30.45       0.00
7:50am            278          2          3         84        7.2      30.45       0.00
7:55am            230          1          3         84        7.0      30.46       0.00
8:00am            268          0          3         85        6.7      30.46       0.00
8:05am            261          0          2         86        6.6      30.46       0.00
8:10am            239          0          2         86        6.5      30.46       0.00
8:15am            255          0          2         85        6.7      30.46       0.00
8:20am            238          0          2         85        7.1      30.46       0.00
8:25am            223          0          2         83        7.8      30.46       0.00
8:30am            269          0          2         80        8.8      30.46       0.00
8:35am            267          0          1         78        9.9      30.46       0.00
8:40am            248          0          1         78       10.9      30.46       0.00
8:45am            262          0          1         74       11.9      30.46       0.00
8:50am            254          0          1         73       12.7      30.46       0.00
8:55am            270          0          1         72       13.6      30.46       0.00
9:00am            243          0          2         71       14.5      30.46       0.00
9:05am            254          0          2         69       15.5      30.46       0.00
9:10am            236          1          2         66       16.4      30.46       0.00
9:15am            221          1          3         64       17.3      30.46       0.00
9:20am            246          0          3         63       18.1      30.46       0.00
9:25am            248          0          3         62       18.9      30.46       0.00
9:30am            252          1          3         57       19.6      30.46       0.00
9:35am            248          0          2         54       20.4      30.46       0.00
9:40am            266          1          3         50       21.3      30.46       0.00
9:45am            285          2          6         47       21.7      30.46       0.00
9:50am            289          2          6         45       21.7      30.46       0.00
9:55am            282          2          6         46       22.1      30.46       0.00
10:00am           285          4          6         43       22.7      30.46       0.00
10:05am           278          3          6         43       23.2      30.46       0.00
10:10am           299          4          6         41       23.6      30.45       0.00
10:15am           278          2          6         41       24.0      30.45       0.00
10:20am           281          3          8         40       24.5      30.45       0.00
10:25am           267          5          8         40       24.7      30.45       0.00
10:30am           286          6          8         39       25.2      30.45       0.00
10:35am           278          2          7         38       25.7      30.45       0.00
10:40am           272          3          7         37       26.2      30.45       0.00
10:45am           266          2          7         37       26.7      30.44       0.00
10:50am           258          4          7         34       27.4      30.44       0.00
10:55am           272          2          7         34       27.9      30.44       0.00
11:00am           213          3          9         32       28.2      30.44       0.00
11:05am           239          3          6         34       28.6      30.44       0.00
11:10am           230          7          7         32       28.9      30.43       0.00
11:15am           292          6          7         32       29.0      30.43       0.00
11:20am           283          3          8         32       29.4      30.43       0.00
11:25am           255          4          8         31       30.0      30.42       0.00
11:30am           266          1          8         32       30.4      30.42       0.00
11:35am           252          3          6         30       30.6      30.41       0.00
11:40am           274          2          7         30       30.9      30.41       0.00
11:45am           260          3          7         32       31.2      30.40       0.00
11:50am           262          3          9         29       31.3      30.40       0.00
11:55am           262          2          9         30       31.3      30.40       0.00
12:00pm           265          3          9         31       31.3      30.40       0.00
12:05pm           271          3          5         31       31.5      30.39       0.00
12:10pm           260          1          7         31       31.5      30.39       0.00
12:15pm           271          4          7         31       31.8      30.39       0.00
12:20pm           248          2          7         29       32.4      30.39       0.00
12:25pm           280          8          8         28       33.0      30.39       0.00
12:30pm           274          3          8         27       33.4      30.38       0.00
12:35pm           238          2          6         27       33.9      30.38       0.00
12:40pm           255          3          8         26       34.3      30.38       0.00
12:45pm           219          2          9         25       34.6      30.38       0.00
12:50pm           256          6          9         24       34.9      30.37       0.00
12:55pm           270          6          9         24       35.2      30.37       0.00
1:00pm            256          6          9         23       35.4      30.37       0.00
1:05pm            268          8         10         23       35.4      30.37       0.00
1:10pm            233          4         10         23       35.7      30.37       0.00
1:15pm            268          3         11         23       36.2      30.37       0.00
1:20pm            272          1         11         22       36.6      30.36       0.00
1:25pm            283          5         11         22       36.8      30.36       0.00
1:30pm            265          2         11         22       36.8      30.36       0.00
1:35pm            260          1          6         24       37.0      30.35       0.00
1:40pm            265          1          6         22       37.0      30.35       0.00
1:45pm            264          2          6         23       37.3      30.35       0.00
1:50pm            285          4          8         22       37.4      30.35       0.00
1:55pm            267          1          8         23       37.6      30.35       0.00
2:00pm            260          6          8         23       37.9      30.35       0.00
2:05pm            261          2          5         22       38.1      30.35       0.00
2:10pm            311          4          8         24       38.3      30.35       0.00
2:15pm            258          4          8         24       38.3      30.35       0.00
2:20pm            273          3         10         21       38.3      30.35       0.00
2:25pm            271          3         10         21       38.3      30.34       0.00
2:30pm            238          2         10         22       38.3      30.34       0.00
2:35pm            271          4         10         21       38.2      30.34       0.00
2:40pm            270          3         10         22       37.7      30.34       0.00
2:45pm            262          5         10         21       37.5      30.34       0.00
2:50pm            287          5         10         21       37.5      30.34       0.00
2:55pm            276          2         10         22       37.4      30.34       0.00
3:00pm            259          3         10         22       37.3      30.34       0.00
3:05pm            257          4          7         21       37.3      30.34       0.00
3:10pm            266          3          7         21       37.2      30.33       0.00
3:15pm            257          1          7         21       37.4      30.33       0.00
3:20pm            266          1          7         21       37.4      30.33       0.00
3:25pm            264          4          7         21       37.4      30.34       0.00
3:30pm            226          0          7         23       37.5      30.34       0.00
3:35pm            264          2          3         24       37.3      30.33       0.00
3:40pm            268          1          3         24       36.8      30.33       0.00
3:45pm            245          1          3         24       36.2      30.33       0.00
3:50pm            255          1          4         26       35.8      30.33       0.00
3:55pm            263          1          4         21       35.7      30.33       0.00
4:00pm            273          3          6         21       35.7      30.33       0.00
4:05pm            276          2          5         22       35.7      30.33       0.00
4:10pm            255          1          5         23       35.5      30.33       0.00
4:15pm            268          0          5         23       35.0      30.33       0.00
4:20pm            267          0          5         28       34.5      30.33       0.00
4:25pm            267          0          5         29       33.5      30.33       0.00
4:30pm            270          1          5         32       32.3      30.33       0.00
5:00pm             45          0          1         43       28.8      30.33       0.00
5:30pm             90          0          1         51       26.8      30.33       0.00
6:00pm             90          0          1         50       25.4      30.32       0.00
6:30pm             90          0          1         59       25.0      30.33       0.00
7:00pm            270          0          2         53       23.9      30.34       0.00
7:30pm            270          1          6         42       26.8      30.33       0.00
8:00pm            315          0          1         52       24.2      30.33       0.00
8:30pm            315          0          1         50       24.2      30.33       0.00
9:00pm            270          0          1         52       22.2      30.33       0.00
9:30pm            270          0          0         54       21.7      30.32       0.00
10:00pm           292          0          1         60       20.9      30.32       0.00
10:30pm           270          0          1         60       21.0      30.33       0.00
11:00pm           270          0          1         68       19.5      30.33       0.00
11:30pm           270          0          1         63       19.3      30.32       0.00
