1/22/16
Time         Wind Dir   Wind Spd  Wind Gust   Humidity       Temp  Raw Barom   Tot Rain
                    °        mph        mph          %         °F         in         in
12:00am           214          3         20         70       13.2      30.12       1.55
12:05am           274          1          5         70       13.1      30.12       1.55
12:10am           293          3          7         70       13.0      30.12       1.55
12:15am           333          0          7         70       12.9      30.12       1.55
12:20am            38          1         14         70       13.1      30.12       1.55
12:25am            11          2         14         70       13.2      30.12       1.55
12:30am            90          1         14         70       13.0      30.12       1.55
12:35am           271          3          6         70       12.9      30.13       1.55
12:40am           120          3         14         70       12.9      30.13       1.55
12:45am            89          0         14         71       12.9      30.12       1.55
12:50am           165          0         14         70       13.0      30.13       1.55
12:55am           256          2         14         70       12.9      30.12       1.55
1:00am            258          4         14         70       13.0      30.13       1.55
1:05am            302          2         10         70       13.1      30.12       1.55
1:10am            235          4         10         70       13.0      30.13       1.55
1:15am            111          1         10         70       13.2      30.12       1.55
1:20am            269          1         10         70       13.0      30.13       1.55
1:25am            169          1         10         70       13.0      30.12       1.55
1:30am            252          1         10         70       13.0      30.13       1.55
1:35am            277          4          7         70       13.0      30.13       1.55
1:40am            264          1          7         71       13.0      30.13       1.55
1:45am            234          3          8         71       12.9      30.13       1.55
1:50am            269          0          9         71       12.9      30.14       1.55
1:55am            235          3          9         71       12.9      30.14       1.55
2:00am            293          2          9         70       13.0      30.14       1.55
2:05am            269          0         10         70       13.0      30.14       1.55
2:10am            276          5         13         70       13.0      30.13       1.55
2:15am             75          2         13         70       13.0      30.14       1.55
2:20am            106          0         13         70       12.9      30.14       1.55
2:25am            231          4         13         70       12.9      30.14       1.55
2:30am            246          2         13         70       12.8      30.14       1.55
2:35am             85          0          3         70       12.6      30.14       1.55
2:40am             34          1         16         70       12.7      30.14       1.55
2:45am            260          0         16         70       12.7      30.14       1.55
2:50am            295         10         16         71       12.6      30.14       1.55
2:55am             24          0         16         71       12.7      30.14       1.55
3:00am            236          2         16         71       12.6      30.14       1.55
3:05am            140          0          8         71       12.6      30.15       1.55
3:10am            272          3          8         71       12.6      30.16       1.55
3:15am            285          4          8         71       12.6      30.16       1.55
3:20am            226          1          8         71       12.6      30.16       1.55
3:25am            252          1          8         71       12.6      30.17       1.55
3:30am            230          1          8         71       12.5      30.17       1.55
3:35am            169          0          5         70       12.6      30.17       1.55
3:40am            115          0          5         70       12.5      30.16       1.55
3:45am            278          0          6         70       12.5      30.16       1.55
3:50am            288          1          9         70       12.6      30.16       1.55
3:55am            252          2         12         71       12.7      30.16       1.55
4:00am            224          2         12         71       12.8      30.16       1.55
4:05am            236          2          6         71       12.8      30.16       1.55
4:10am            276          2         12         70       12.9      30.16       1.55
4:15am            276          1         12         70       13.2      30.16       1.55
4:20am             60          1         12         70       13.1      30.16       1.55
4:25am            230          8         12         70       13.2      30.15       1.55
4:30am             44          3         12         69       13.3      30.15       1.55
4:35am             34          0          4         69       13.3      30.14       1.55
4:40am            258          0          5         70       13.1      30.15       1.55
4:45am            226          4          6         71       12.9      30.15       1.55
4:50am            255          1          6         71       13.0      30.15       1.55
4:55am            253          6          7         71       13.0      30.16       1.55
5:00am            264          5          9         71       12.9      30.16       1.55
5:05am             55          1          5         71       12.8      30.15       1.55
5:10am            277          4          6         71       12.9      30.15       1.55
5:15am            167          0          6         71       12.8      30.15       1.55
5:20am             81          0          6         71       12.7      30.15       1.55
5:25am            257          0          6         71       12.7      30.16       1.55
5:30am             37          0          6         71       12.6      30.16       1.55
5:35am            266          0         13         71       12.8      30.16       1.55
5:40am            257          0         13         71       12.9      30.16       1.55
5:45am             65          1         13         71       12.7      30.16       1.55
5:50am            201          0         13         71       12.4      30.16       1.55
5:55am            276          0         13         71       12.7      30.15       1.55
6:00am            266          6         13         71       12.7      30.15       1.55
6:05am             56          0          6         70       12.9      30.16       1.55
6:10am            296          1          8         70       13.0      30.16       1.55
6:15am            349          0          8         70       13.0      30.16       1.55
6:20am            240          1          8         69       13.0      30.16       1.55
6:25am             61          1          9         70       12.9      30.16       1.55
6:30am            163          0          9         70       12.8      30.15       1.55
6:35am            190          1          2         70       12.6      30.15       1.55
6:40am             43          1          2         70       12.6      30.16       1.55
6:45am            184          0          3         70       12.5      30.15       1.55
6:50am             49          3          4         70       12.5      30.15       1.55
6:55am            346          0          4         70       12.7      30.15       1.55
7:00am            235          0          4         70       12.5      30.16       1.55
7:05am              8          0          1         70       12.3      30.17       1.55
7:10am            152          0          1         71       12.2      30.16       1.55
7:15am            287          1          1         71       12.1      30.16       1.55
7:20am             94          0          4         72       12.0      30.17       1.55
7:25am            209          0          7         71       12.4      30.18       1.55
7:30am             77          0          7         70       12.7      30.18       1.55
7:35am            273          2          6         69       12.9      30.18       1.55
7:40am              8          1          8         69       13.1      30.18       1.55
7:45am            141          0          8         69       13.1      30.17       1.55
7:50am             33          0          8         69       13.1      30.17       1.55
7:55am            117          0          8         69       13.2      30.17       1.55
8:00am            136          0          8         69       13.3      30.18       1.55
8:05am              9          1          8         68       13.4      30.18       1.55
8:10am             58          2          8         68       13.6      30.18       1.55
8:15am            249          0          8         68       13.7      30.19       1.55
8:20am            234          0          8         68       14.1      30.19       1.55
8:25am            245          0          8         67       14.9      30.20       1.55
8:30am            263          6          8         66       15.6      30.20       1.55
8:35am            248          1          7         66       15.9      30.21       1.55
8:40am            219          1          7         65       16.3      30.21       1.55
8:45am            273          6          7         63       16.8      30.21       1.55
8:50am            269          3          8         63       17.1      30.21       1.55
8:55am            231          0          8         62       17.5      30.22       1.55
9:00am            250          2          8         61       17.9      30.22       1.55
9:05am            271          2          6         61       18.0      30.23       1.55
9:10am            268          1          6         61       18.3      30.23       1.55
9:15am            252          1          6         60       18.5      30.23       1.55
9:20am            265          0          9         59       18.7      30.24       1.55
9:25am            314          0          9         59       18.9      30.23       1.55
9:30am            203          0          9         59       19.3      30.24       1.55
9:35am            273          0          5         57       19.6      30.23       1.55
9:40am            242          2          8         57       19.6      30.23       1.55
9:45am            309          0          8         57       19.9      30.23       1.55
9:50am            200          1         13         57       20.3      30.23       1.55
9:55am            285          0         13         57       20.2      30.23       1.55
10:00am            38          1         13         57       20.5      30.23       1.55
10:05am           274          3         10         56       20.5      30.23       1.55
10:10am           146          1         10         56       20.8      30.23       1.55
10:15am           109          2         10         56       21.3      30.23       1.55
10:20am           302          2         10         55       21.0      30.23       1.55
10:25am           173          2         10         56       21.0      30.23       1.55
10:30am           198          1         12         55       21.1      30.23       1.55
10:35am           265          7          8         55       21.1      30.23       1.55
10:40am           255          6         11         54       21.1      30.23       1.55
10:45am            10          2         11         56       21.4      30.23       1.55
10:50am           275          1         11         54       22.2      30.23       1.55
10:55am            60          0         11         53       22.6      30.22       1.55
11:00am           298          1         11         52       22.5      30.22       1.55
11:05am           129          2         11         53       22.4      30.22       1.55
11:10am           197          1         11         53       22.4      30.22       1.55
11:15am            74          1         14         53       22.3      30.21       1.55
11:20am           231          3         14         54       22.5      30.21       1.55
11:25am           113          4         14         52       23.3      30.20       1.55
11:30am           269          1         14         53       23.5      30.20       1.55
11:35am           295          4          7         52       23.8      30.20       1.55
11:40am           221          0         10         51       23.7      30.19       1.55
11:45am           118          2         11         52       24.1      30.20       1.55
11:50am           163          2         11         50       24.4      30.20       1.55
11:55am           161          0         12         49       24.0      30.20       1.55
12:00pm           278          4         12         50       23.9      30.20       1.55
12:05pm           155          1          8         52       23.9      30.19       1.55
12:10pm           130          3          8         49       24.3      30.19       1.55
12:15pm            32          3          9         50       24.3      30.19       1.55
12:20pm           225          2          9         50       24.4      30.18       1.55
12:25pm            86          4          9         50       25.0      30.18       1.55
12:30pm           134          5          9         50       25.1      30.18       1.55
12:34pm           137          1          7         49       24.7      30.18       1.55
12:40pm           293          4          8         50       24.8      30.18       1.55
12:45pm           279          5         11         50       24.8      30.17       1.55
12:50pm            64          3         11         49       24.8      30.17       1.55
12:55pm           108          0         11         49       25.3      30.17       1.55
1:00pm            268          1         11         48       25.8      30.17       1.55
1:05pm            257          6          6         48       26.2      30.17       1.55
1:10pm            128          1          7         49       26.6      30.17       1.55
1:15pm            154          0          7         47       26.5      30.17       1.55
1:20pm             88          1          7         48       26.6      30.17       1.55
1:25pm            185          1          7         45       26.6      30.16       1.55
1:30pm            275          2          7         46       26.0      30.16       1.55
1:35pm            321          4          7         47       25.8      30.16       1.55
1:40pm            242          3          7         47       25.9      30.16       1.55
1:45pm            198          2          7         47       26.1      30.17       1.55
1:50pm            124          2         10         47       26.0      30.17       1.55
1:55pm             46          1         10         47       25.9      30.17       1.55
2:00pm            266          9         10         47       26.1      30.18       1.55
2:05pm            276          1          9         48       25.9      30.18       1.55
2:10pm             13          0          9         48       26.1      30.17       1.55
2:15pm            261          7          9         48       26.2      30.16       1.55
2:20pm            283          3          9         49       25.7      30.16       1.55
2:25pm             75          2          9         48       25.6      30.15       1.55
2:30pm            153          0          9         49       25.3      30.15       1.55
2:35pm            279          1          2         50       25.4      30.15       1.55
2:40pm            119          1          4         50       25.3      30.15       1.55
2:45pm             49          0          4         50       25.4      30.15       1.55
2:50pm            244          1          4         49       25.3      30.15       1.55
2:55pm            262          0          4         49       25.1      30.15       1.55
3:00pm            136          1          4         50       25.0      30.15       1.55
3:05pm            107          1          6         50       24.7      30.15       1.55
3:10pm            293          0          7         51       24.5      30.14       1.55
3:15pm            272          0          7         51       24.2      30.14       1.55
3:20pm            136          5          7         50       24.0      30.14       1.55
3:25pm             23          6          7         51       23.8      30.14       1.55
3:30pm            157          0          8         51       23.5      30.15       1.55
3:35pm             56          2          8         50       23.4      30.15       1.55
3:40pm            352          1          8         49       23.2      30.15       1.55
3:45pm            255          0          8         50       23.0      30.14       1.55
3:50pm            356          3          8         52       22.8      30.15       1.55
3:55pm              9          0          8         52       22.6      30.15       1.55
4:00pm             96          0          8         52       22.5      30.15       1.55
4:05pm            139          1          4         52       22.5      30.15       1.55
4:10pm            204          0          4         52       22.3      30.15       1.55
4:15pm            129          0          4         53       22.2      30.15       1.55
4:20pm             75          0          4         53       22.1      30.15       1.55
4:25pm            342          0          4         54       22.0      30.15       1.55
4:30pm            208          0          4         54       21.8      30.16       1.55
4:35pm            255          0          5         53       21.8      30.16       1.55
4:40pm             30          0          5         54       21.7      30.16       1.55
4:45pm            261          1          5         55       21.6      30.16       1.55
4:50pm            282          0          5         55       21.4      30.16       1.55
4:55pm            302          0          5         55       21.3      30.16       1.55
5:00pm            141          0          5         55       21.2      30.17       1.55
5:05pm            321          0          4         56       21.0      30.17       1.55
5:10pm            352          0          4         55       20.9      30.17       1.55
5:15pm            171          0          4         56       20.9      30.17       1.55
5:20pm            349          0          4         56       20.8      30.16       1.55
5:25pm             87          2          4         57       20.6      30.17       1.55
5:30pm            134          0          4         56       20.5      30.17       1.55
5:35pm            134          0          0         58       20.4      30.17       1.55
5:40pm             73          0          1         57       20.1      30.16       1.55
5:45pm             73          0          1         57       20.0      30.16       1.55
5:50pm            299          0          1         57       19.9      30.16       1.55
5:55pm            171          0          1         58       19.8      30.17       1.55
6:00pm            337          0          3         57       19.8      30.17       1.55
6:05pm            277          0          1         59       19.8      30.17       1.55
6:10pm            169          0          1         59       19.5      30.18       1.55
6:15pm            169          0          1         60       19.2      30.18       1.55
6:20pm            169          0          1         61       19.1      30.19       1.55
6:25pm            169          0          1         61       18.8      30.19       1.55
6:30pm            169          0          1         62       18.6      30.19       1.55
6:35pm            213          0          1         64       18.3      30.19       1.55
6:40pm            224          0          1         63       18.2      30.19       1.55
6:45pm            224          0          1         63       18.1      30.18       1.55
6:50pm            301          0          1         63       17.9      30.18       1.55
6:55pm             53          0          1         63       17.8      30.18       1.55
7:00pm            238          0          1         63       17.6      30.18       1.55
7:05pm            227          0          1         64       17.5      30.18       1.55
7:10pm            227          0          1         65       17.3      30.18       1.55
7:15pm            227          0          1         65       17.0      30.19       1.55
7:20pm            227          0          1         66       16.7      30.19       1.55
7:25pm            227          0          1         67       16.3      30.19       1.55
7:30pm            227          0          1         68       15.9      30.19       1.55
7:35pm            228          0          1         67       15.9      30.19       1.55
7:40pm            228          0          1         67       15.9      30.19       1.55
7:45pm            228          0          1         67       15.8      30.18       1.55
7:50pm            228          0          1         68       15.6      30.18       1.55
7:55pm            228          0          1         68       15.4      30.18       1.55
8:00pm            228          0          1         68       15.3      30.18       1.55
8:05pm            278          0          1         68       15.4      30.18       1.55
8:10pm            278          0          1         72       15.5      30.18       1.55
8:15pm            278          0          1         72       15.0      30.18       1.55
8:20pm            278          0          1         70       14.7      30.18       1.55
8:25pm            278          0          1         70       14.7      30.18       1.55
8:30pm            278          0          1         71       14.6      30.18       1.55
8:35pm            278          0          0         70       14.5      30.18       1.55
8:40pm            278          0          1         70       14.5      30.18       1.55
8:45pm            278          0          1         72       14.6      30.18       1.55
8:50pm            296          0          1         75       14.5      30.18       1.55
8:55pm            296          0          1         76       14.4      30.18       1.55
9:00pm            296          0          1         73       14.2      30.18       1.55
9:05pm            264          0          1         72       14.3      30.17       1.55
9:10pm            287          1          1         72       14.7      30.18       1.55
9:15pm            307          0          1         70       14.9      30.17       1.55
9:20pm            307          0          1         71       14.9      30.17       1.55
9:25pm            278          0          1         71       14.6      30.17       1.55
9:30pm            278          0          1         70       14.6      30.17       1.55
9:35pm            347          0          1         71       14.6      30.17       1.55
9:40pm            323          0          1         71       14.6      30.17       1.55
9:45pm            323          0          1         72       14.5      30.16       1.55
9:50pm            268          0          1         71       14.5      30.16       1.55
9:55pm            268          0          1         73       14.3      30.16       1.55
10:00pm           236          0          3         73       14.3      30.16       1.55
10:05pm           236          0          0         72       14.0      30.17       1.55
10:10pm           236          0          1         72       13.9      30.16       1.55
10:15pm           236          0          1         73       13.8      30.16       1.55
10:20pm           233          1          1         74       13.4      30.17       1.55
10:25pm           267          0          1         74       13.2      30.17       1.55
10:30pm           254          0          1         74       13.2      30.17       1.55
10:35pm           254          0          0         74       13.0      30.18       1.55
10:40pm           254          0          0         75       12.7      30.18       1.55
10:45pm           254          0          0         75       12.5      30.18       1.55
10:50pm           259          0          0         76       12.2      30.18       1.55
10:55pm           259          0          0         76       12.1      30.17       1.55
11:00pm           259          0          0         76       11.8      30.17       1.55
11:05pm           259          0          0         77       11.6      30.16       1.55
11:10pm           255          0          1         78       11.4      30.17       1.55
11:15pm           255          0          1         77       11.4      30.16       1.55
11:20pm           255          0          1         78       11.1      30.17       1.55
11:25pm           255          0          1         78       11.2      30.17       1.55
11:30pm           271          0          1         80       11.3      30.17       1.55
11:35pm           285          0          1         80       10.6      30.17       1.55
11:40pm           285          0          1         81       10.2      30.17       1.55
11:45pm           268          0          1         82       10.2      30.17       1.55
11:50pm           268          0          1         83       10.3      30.17       1.55
11:55pm           268          0          1         84       10.0      30.17       1.55
