2/9/16
Time         Wind Dir   Wind Spd  Wind Gust   Humidity       Temp  Raw Barom   Tot Rain
                    °        mph        mph          %         °F         in         in
12:00am           100          0          1         90       18.4      29.74       2.67
12:05am           100          0          1         90       18.3      29.74       2.67
12:10am            94          0          1         90       18.4      29.74       2.67
12:15am            94          0          1         90       18.3      29.74       2.67
12:20am            94          0          1         90       18.4      29.74       2.67
12:25am           113          0          1         90       18.4      29.74       2.67
12:30am           113          0          1         90       18.3      29.74       2.67
12:35am           117          0          1         90       18.3      29.74       2.67
12:40am            95          0          2         89       18.3      29.74       2.67
12:45am           125          0          2         89       18.3      29.73       2.67
12:50am            89          1          2         89       18.3      29.73       2.67
12:55am           114          0          2         90       18.2      29.73       2.67
1:00am             70          1          3         89       18.1      29.73       2.67
1:05am             79          3          3         89       18.1      29.73       2.67
1:10am             85          3          6         88       17.9      29.73       2.67
1:15am             94          5          6         88       17.8      29.73       2.67
1:20am             89          3          6         88       17.7      29.73       2.67
1:25am             77          4          6         88       17.6      29.73       2.67
1:30am             69          2          6         88       17.5      29.73       2.67
1:35am             75          1          5         88       17.5      29.73       2.67
1:40am             75          4          6         88       17.4      29.72       2.67
1:45am             75          5          6         89       17.4      29.72       2.67
1:50am             63          3          6         89       17.3      29.72       2.67
1:55am             81          3          6         89       17.3      29.72       2.67
2:00am             73          3          6         89       17.3      29.72       2.67
2:05am             96          3          5         89       17.2      29.72       2.67
2:10am             68          1          5         89       17.2      29.72       2.67
2:15am             73          4          5         89       17.2      29.72       2.67
2:20am             89          1          5         89       17.2      29.72       2.67
2:25am             79          1          5         89       17.1      29.72       2.67
2:30am             85          1          5         89       17.1      29.72       2.67
2:35am             86          1          4         89       17.1      29.72       2.67
2:40am             86          1          4         89       17.1      29.72       2.67
2:45am            133          0          4         89       17.1      29.72       2.67
2:50am            133          0          4         89       17.1      29.72       2.67
2:55am            133          0          4         89       17.0      29.72       2.67
3:00am             60          1          4         89       17.0      29.71       2.67
3:05am             71          1          4         89       17.1      29.71       2.67
3:10am             76          1          4         88       17.1      29.71       2.67
3:15am             68          2          4         87       17.1      29.71       2.67
3:20am             74          2          4         87       17.0      29.71       2.67
3:25am             73          4          8         87       17.0      29.70       2.67
3:30am             84          1          8         87       16.9      29.70       2.67
3:35am             84          1          4         87       16.9      29.71       2.67
3:40am            129          0          5         87       16.9      29.70       2.67
3:45am             84          2          5         87       16.9      29.70       2.67
3:50am             77          3          5         87       16.8      29.70       2.67
3:55am            115          0          5         87       16.8      29.70       2.67
4:00am             83          1          5         88       16.7      29.70       2.67
4:05am             72          1          2         88       16.7      29.70       2.67
4:10am             86          0          2         88       16.6      29.70       2.67
4:15am             85          1          2         88       16.6      29.70       2.67
4:20am             87          1          2         88       16.5      29.70       2.67
4:25am             99          1          2         88       16.3      29.70       2.67
4:30am             80          1          2         88       15.8      29.69       2.67
4:35am            129          0          3         89       15.7      29.69       2.67
4:40am             90          0          3         89       15.7      29.69       2.67
4:45am             64          2          3         89       15.7      29.69       2.67
4:50am             75          3          3         90       15.7      29.69       2.67
4:55am             72          4          5         90       15.8      29.69       2.67
5:00am             82          3          5         90       15.7      29.69       2.67
5:05am             41          1          4         90       15.7      29.69       2.67
5:10am            102          0          4         90       15.8      29.69       2.67
5:15am             81          1          4         90       15.8      29.69       2.67
5:20am            129          0          4         90       15.7      29.69       2.67
5:25am             81          0          4         90       15.6      29.69       2.67
5:30am            139          0          4         89       15.6      29.69       2.67
5:35am            139          0          0         89       15.4      29.69       2.67
5:40am            139          0          1         89       15.1      29.69       2.67
5:45am             74          0          1         90       15.1      29.69       2.67
5:50am             91          1          1         90       15.2      29.69       2.67
5:55am             96          1          4         90       15.3      29.69       2.67
6:00am             75          4          4         89       15.3      29.69       2.67
6:05am             77          2          4         89       15.3      29.68       2.67
6:10am             74          0          4         89       15.3      29.68       2.67
6:15am            125          0          4         89       15.4      29.68       2.67
6:20am            125          0          4         89       15.2      29.68       2.67
6:25am             76          2          4         90       15.3      29.68       2.67
6:30am             77          4          4         89       15.5      29.68       2.67
6:35am             77          0          4         89       15.5      29.68       2.67
6:40am             85          1          4         89       15.6      29.68       2.67
6:45am             70          1          4         89       15.5      29.67       2.67
6:50am             82          1          4         89       15.4      29.67       2.67
6:55am             68          2          4         89       15.4      29.67       2.67
7:00am             66          2          4         89       15.4      29.66       2.67
7:05am             59          3          4         89       15.4      29.66       2.67
7:10am             77          4          4         89       15.4      29.66       2.67
7:15am             67          2          5         89       15.4      29.65       2.67
7:20am             78          4          5         89       15.4      29.65       2.67
7:25am             91          5          5         89       15.4      29.65       2.67
7:30am             89          2          6         89       15.5      29.65       2.67
7:35am             73          3          4         89       15.6      29.65       2.67
7:40am             89          1          4         89       15.6      29.65       2.67
7:45am             96          0          4         89       15.6      29.65       2.67
7:50am             89          0          4         89       15.6      29.65       2.67
7:55am            103          0          4         89       15.6      29.65       2.67
8:00am            103          0          4         89       15.7      29.66       2.67
8:05am            194          0          1         89       15.9      29.66       2.67
8:10am            219          0          1         89       16.0      29.66       2.67
8:15am            127          0          1         88       16.0      29.65       2.67
8:20am             51          0          1         88       16.1      29.65       2.67
8:25am             79          1          1         88       16.5      29.65       2.67
8:30am             79          0          1         87       16.7      29.67       2.67
8:35am            122          0          1         87       17.2      29.68       2.67
8:40am            288          1          3         86       18.1      29.69       2.67
8:45am            179          0          4         84       19.0      29.69       2.67
8:50am            120          1          7         80       19.0      29.69       2.67
8:55am            119          5          8         81       18.4      29.69       2.67
9:00am             71          6         10         81       18.1      29.69       2.67
9:05am            115          2          6         82       18.2      29.69       2.67
9:10am            129          2          6         80       18.1      29.68       2.67
9:15am            130          3          9         81       18.1      29.68       2.67
9:20am            105          1          9         81       18.1      29.68       2.67
9:25am            108          4          9         81       18.1      29.68       2.67
9:30am             56          4          9         82       18.2      29.68       2.67
9:35am            135          1          7         82       18.2      29.68       2.67
9:40am            117          5          8         83       18.2      29.68       2.67
9:45am             75          4          8         83       18.1      29.68       2.67
9:50am            128          0          8         83       17.9      29.67       2.67
9:55am            168          0          8         83       18.3      29.67       2.67
10:00am           109          4          8         83       18.7      29.67       2.67
10:05am           166          1          5         82       18.8      29.68       2.67
10:10am           140          4          5         81       19.0      29.68       2.67
10:15am            70          3          6         82       18.6      29.68       2.67
10:20am            92          1          6         83       18.4      29.67       2.67
10:25am           138          1          6         83       18.5      29.67       2.67
10:30am           100          2          6         83       18.5      29.67       2.67
10:35am            71          3          5         83       18.4      29.67       2.67
10:40am            75          4          5         83       18.3      29.67       2.67
10:45am            82          2          5         83       18.3      29.67       2.67
10:50am            98          1          5         84       18.4      29.66       2.67
10:55am            83          0          5         83       18.4      29.66       2.67
11:00am            65          2          5         83       18.4      29.66       2.67
11:05am            94          2          3         84       18.4      29.66       2.67
11:10am           104          1          3         85       18.5      29.65       2.67
11:15am            98          1          3         85       18.8      29.65       2.67
11:20am           103          2          3         85       19.0      29.65       2.67
11:25am            75          1          3         83       19.1      29.65       2.67
11:30am           105          2          4         83       19.3      29.64       2.67
11:35am            83          1          3         83       19.6      29.63       2.67
11:40am            99          3          3         82       19.9      29.63       2.67
11:45am           116          0          3         82       20.1      29.62       2.67
11:50am            82          1          3         82       20.4      29.62       2.67
11:55am            70          1          3         81       20.6      29.61       2.67
12:00pm           102          1          4         80       21.1      29.61       2.67
12:05pm           109          1          3         79       21.6      29.60       2.67
12:10pm           114          2          4         78       21.6      29.60       2.67
12:15pm            98          2          4         77       21.9      29.59       2.67
12:20pm           104          1          4         76       22.1      29.59       2.67
12:25pm            94          2          4         75       22.6      29.59       2.67
12:30pm           321          0          4         73       23.4      29.58       2.67
12:35pm            95          4          4         71       24.0      29.58       2.67
12:40pm            88          3          5         71       23.0      29.57       2.67
12:45pm           153          3          5         70       22.7      29.57       2.67
12:50pm           122          2          5         71       23.2      29.57       2.67
12:55pm           101          1          5         71       23.2      29.57       2.67
1:00pm            104          2          5         71       23.1      29.57       2.67
1:05pm             91          5          6         71       22.7      29.57       2.67
1:10pm            113          2          6         73       21.9      29.56       2.67
1:15pm             71          5          6         73       21.9      29.56       2.67
1:20pm            101          2          6         73       22.3      29.56       2.67
1:25pm             67          3          6         72       22.2      29.55       2.67
1:30pm            110          3          6         73       22.9      29.55       2.67
1:35pm            109          2          4         71       23.9      29.54       2.67
1:40pm            153          0          4         70       24.4      29.54       2.67
1:45pm            136          0          4         70       24.8      29.55       2.67
1:50pm             71          3          7         70       24.3      29.55       2.67
1:55pm             84          2          7         72       23.5      29.55       2.67
2:00pm             76          2          7         73       23.1      29.55       2.67
2:05pm             82          1          3         73       22.8      29.55       2.67
2:10pm            226          1          3         74       23.0      29.55       2.67
2:15pm            174          0          3         73       23.5      29.55       2.67
2:20pm            240          0          3         72       23.8      29.55       2.67
2:25pm            135          0          3         72       24.2      29.55       2.67
2:30pm             92          2          3         70       24.3      29.55       2.67
2:35pm            226          0          3         71       24.1      29.55       2.67
2:40pm            123          0          3         72       24.6      29.55       2.67
2:45pm             86          2          3         70       24.5      29.55       2.67
2:50pm             80          1          3         71       24.3      29.55       2.67
2:55pm             79          1          3         71       24.1      29.55       2.67
3:00pm             81          2          3         71       23.8      29.55       2.67
3:05pm             85          2          3         72       23.7      29.55       2.67
3:10pm             98          1          3         72       23.5      29.55       2.67
3:15pm             92          1          3         73       23.5      29.55       2.67
3:20pm            123          2          3         73       23.5      29.55       2.67
3:25pm             82          0          3         72       23.7      29.55       2.67
3:30pm             84          0          3         72       23.7      29.55       2.67
3:35pm             86          1          2         72       23.6      29.55       2.67
3:40pm             99          1          2         72       23.6      29.55       2.67
3:45pm             92          1          2         72       23.5      29.55       2.67
3:49pm             35          0          3         73       23.9      29.55       2.67
3:55pm             96          2          4         73       23.7      29.55       2.67
4:00pm            187          1          4         74       23.7      29.55       2.67
4:05pm            180          1          2         73       23.9      29.55       2.67
4:10pm            302          0          2         73       23.8      29.55       2.67
4:15pm             30          1          2         73       23.8      29.55       2.67
4:20pm             89          0          2         74       23.8      29.55       2.67
4:25pm            279          0          2         73       23.7      29.55       2.67
4:30pm            279          0          2         73       23.6      29.55       2.67
4:35pm            263          0          1         73       23.6      29.55       2.67
4:39pm            272          0          1         74       23.5      29.55       2.67
4:45pm            134          0          2         75       23.3      29.55       2.67
4:49pm            134          0          2         74       23.1      29.55       2.67
4:55pm            221          0          2         75       23.0      29.55       2.67
5:00pm            257          0          2         75       23.0      29.55       2.67
5:04pm            257          0          0         76       22.9      29.55       2.67
5:10pm            257          0          0         76       22.7      29.55       2.67
5:15pm            257          0          1         79       22.3      29.55       2.67
5:20pm            257          0          1         80       21.9      29.55       2.67
5:25pm            257          0          1         81       21.8      29.55       2.67
5:30pm            257          0          1         82       21.7      29.55       2.67
5:35pm            257          0          1         83       21.6      29.56       2.67
5:40pm            257          0          1         83       21.6      29.56       2.67
5:45pm            257          0          1         84       21.6      29.57       2.67
5:50pm            257          0          1         83       21.8      29.57       2.67
5:55pm            238          1          1         82       21.8      29.56       2.67
6:00pm            236          1          1         81       21.7      29.57       2.67
6:05pm            214          0          1         81       21.6      29.57       2.67
6:10pm            214          0          1         82       21.1      29.57       2.67
6:15pm            214          0          1         83       20.9      29.57       2.67
6:20pm            214          0          1         83       20.9      29.57       2.67
6:24pm            214          0          1         83       20.9      29.57       2.67
6:30pm            214          0          1         84       20.8      29.57       2.67
6:35pm            214          0          0         84       20.5      29.57       2.67
6:40pm            214          0          0         85       20.1      29.57       2.67
6:45pm            214          0          0         85       19.8      29.56       2.67
6:50pm            214          0          0         86       19.6      29.56       2.67
6:55pm            214          0          0         87       19.5      29.57       2.67
7:00pm            214          0          0         87       19.4      29.57       2.67
7:05pm            214          0          0         88       19.2      29.57       2.67
7:10pm            214          0          0         88       18.9      29.57       2.67
7:15pm            214          0          0         88       18.6      29.57       2.67
7:20pm            214          0          0         88       18.5      29.57       2.67
7:25pm             95          1          2         89       18.5      29.57       2.67
7:30pm             94          0          2         90       18.6      29.57       2.67
7:35pm             94          0          0         90       18.8      29.57       2.67
7:40pm            103          0          1         90       18.8      29.57       2.67
7:45pm            103          0          1         89       18.6      29.57       2.67
7:50pm            103          0          1         89       18.5      29.57       2.67
7:55pm            103          0          1         89       18.5      29.57       2.67
8:00pm            103          0          1         89       18.2      29.56       2.67
8:05pm            103          0          1         89       18.2      29.56       2.67
8:10pm            103          0          1         89       18.1      29.56       2.67
8:15pm            103          0          1         90       18.0      29.56       2.67
8:20pm            103          0          1         90       18.0      29.56       2.67
8:25pm            103          0          1         90       18.0      29.56       2.67
8:30pm            103          0          1         90       18.0      29.56       2.67
8:35pm            103          0          0         90       17.9      29.56       2.67
8:40pm            103          0          0         90       17.7      29.56       2.67
8:45pm            103          0          0         90       17.5      29.56       2.67
8:50pm            103          0          0         90       17.4      29.56       2.67
8:55pm            103          0          0         90       17.3      29.56       2.67
9:00pm            103          0          1         90       17.1      29.56       2.67
9:05pm            103          0          0         90       16.9      29.56       2.67
9:10pm            103          0          1         91       16.9      29.56       2.67
9:15pm            103          0          1         91       16.9      29.56       2.67
9:20pm            103          0          1         90       16.7      29.56       2.67
9:25pm            103          0          1         90       16.4      29.56       2.67
9:30pm            103          0          1         90       16.0      29.56       2.67
9:35pm            103          0          0         90       15.7      29.56       2.67
9:40pm            103          0          0         91       15.7      29.56       2.67
9:45pm            103          0          0         92       15.8      29.56       2.67
9:50pm            103          0          1         92       16.0      29.57       2.67
9:55pm            102          0          1         92       15.9      29.57       2.67
10:00pm           103          0          1         91       15.5      29.56       2.67
10:05pm           103          0          0         91       15.4      29.56       2.67
10:10pm           103          0          0         92       15.6      29.56       2.67
10:15pm           103          0          0         93       16.2      29.56       2.67
10:20pm           103          0          0         93       16.6      29.56       2.67
10:25pm           103          0          0         93       16.9      29.55       2.67
10:30pm           103          0          0         94       17.5      29.56       2.67
10:35pm           103          0          0         93       17.8      29.56       2.67
10:40pm           103          0          0         93       18.0      29.55       2.67
10:45pm           103          1          1         92       18.1      29.55       2.67
10:50pm           103          0          1         92       18.2      29.56       2.67
10:55pm           102          0          1         92       18.3      29.56       2.67
11:00pm           103          0          1         92       18.3      29.56       2.67
11:05pm           103          1          1         92       18.3      29.56       2.67
11:10pm           103          0          1         92       18.4      29.56       2.67
11:15pm           103          0          1         92       18.5      29.56       2.67
11:20pm           103          0          1         91       18.4      29.56       2.67
11:25pm           102          0          1         91       18.5      29.55       2.67
11:30pm           103          0          1         91       18.6      29.55       2.67
11:35pm           103          0          1         91       18.7      29.55       2.67
11:40pm           103          0          1         91       18.8      29.55       2.67
11:45pm           103          0          1         91       18.8      29.55       2.67
11:50pm           103          0          1         90       18.8      29.55       2.67
11:55pm           103          0          1         91       18.8      29.55       2.67
