3/11/16
Time         Wind Dir   Wind Spd  Wind Gust   Humidity       Temp  Raw Barom   Tot Rain
                    °        mph        mph          %         °F         in         in
12:00am           285          0          0         97       46.7      29.77       5.77
12:05am           285          0          0         95       45.6      29.77       5.77
12:10am           285          0          0         96       45.2      29.77       5.77
12:15am           285          0          0         97       45.9      29.77       5.77
12:20am           285          0          0         97       46.3      29.77       5.77
12:25am           285          0          0         97       46.5      29.77       5.77
12:30am           285          0          0         97       46.7      29.77       5.77
12:35am           285          0          0         97       46.5      29.77       5.77
12:40am           285          0          0         97       46.8      29.78       5.78
12:44am           285          0          1         93       45.0      29.78       5.78
12:50am           285          0          1         94       43.3      29.78       5.78
12:55am           285          0          1         96       43.5      29.78       5.78
1:00am            285          0          1         97       44.2      29.78       5.78
1:05am            264          1          1         97       45.4      29.79       5.78
1:10am            251          1          2         98       45.9      29.79       5.78
1:15am            269          1          2         98       46.2      29.79       5.79
1:20am            274          1          2         98       46.4      29.79       5.79
1:25am            269          0          2         97       46.5      29.79       5.79
1:30am            265          0          2         97       46.5      29.79       5.79
1:35am            265          0          1         97       46.4      29.78       5.79
1:40am            265          0          1         97       46.3      29.78       5.80
1:45am            264          0          1         97       46.3      29.78       5.80
1:50am            265          0          1         97       46.1      29.78       5.80
1:55am            264          0          1         97       46.0      29.78       5.80
2:00am            265          0          1         97       46.1      29.78       5.81
2:05am            265          0          0         97       45.9      29.78       5.82
2:10am            216          0          1         97       46.3      29.78       5.85
2:15am            216          0          1         97       46.1      29.78       5.86
2:20am            248          0          1         97       46.0      29.78       5.86
2:25am            277          1          1         97       46.2      29.78       5.86
2:30am            255          0          2         98       47.0      29.78       5.86
2:35am            257          0          2         98       47.2      29.78       5.86
2:40am            264          2          2         98       47.1      29.78       5.86
2:45am            263          1          3         97       47.1      29.79       5.86
2:50am            259          1          3         97       47.2      29.79       5.86
2:55am            269          1          3         97       47.1      29.78       5.87
3:00am            259          0          4         97       47.2      29.78       5.87
3:05am            276          2          2         97       47.4      29.78       5.87
3:10am            285          1          5         98       47.5      29.77       5.88
3:15am            240          1          5         98       47.7      29.77       5.88
3:20am            264          1          5         98       47.6      29.77       5.88
3:25am            274          0          5         98       47.7      29.77       5.88
3:30am            274          0          5         97       47.4      29.77       5.88
3:35am            274          0          1         97       47.2      29.78       5.88
3:40am            240          1          1         97       46.9      29.78       5.88
3:45am            255          1          1         97       46.9      29.78       5.88
3:50am            236          0          2         97       46.9      29.78       5.88
3:55am            264          0          2         97       46.9      29.78       5.88
4:00am            264          0          2         97       47.0      29.78       5.88
4:05am            262          0          1         98       47.2      29.78       5.88
4:10am            288          1          1         97       47.1      29.79       5.88
4:15am            253          0          1         98       47.1      29.78       5.88
4:20am            227          0          1         97       47.0      29.78       5.88
4:25am            227          0          1         97       46.9      29.78       5.88
4:30am            227          0          1         97       46.9      29.78       5.88
4:35am            227          0          0         97       46.8      29.78       5.88
4:40am            227          0          0         97       46.7      29.78       5.88
4:45am            227          0          0         97       46.7      29.79       5.88
4:50am            226          1          1         97       46.6      29.79       5.88
4:55am            264          0          1         97       46.5      29.80       5.88
5:00am             89          0          1         97       46.4      29.80       5.88
5:05am            157          0          1         97       46.3      29.81       5.88
5:09am              1          0          1         98       46.7      29.81       5.88
5:15am            214          0          2         98       47.0      29.81       5.88
5:20am            193          0          2         98       47.0      29.81       5.88
5:25am            129          1          3         98       47.0      29.82       5.88
5:30am            246          0          3         98       46.9      29.82       5.88
5:35am            155          0          1         98       46.8      29.83       5.88
5:40am            204          0          1         97       46.7      29.83       5.88
5:45am             82          0          6         97       46.7      29.83       5.88
5:50am            186          0          6         97       46.7      29.83       5.88
5:55am            119          0          6         97       46.6      29.83       5.88
6:00am             98          1          6         97       46.6      29.84       5.88
6:05am             23          0          4         97       46.5      29.86       5.89
6:10am             47          0          4         97       46.4      29.85       5.89
6:15am            296          3          4         97       46.1      29.85       5.89
6:20am            131          1          5         97       45.9      29.85       5.89
6:25am             93          0          5         97       45.7      29.87       5.89
6:30am            158          2          5         97       45.6      29.88       5.89
6:35am            123          0          4         97       45.5      29.88       5.89
6:40am            335          3          5         97       45.3      29.89       5.89
6:45am            127          0          5         96       45.0      29.89       5.89
6:50am            115          1          5         96       44.8      29.89       5.89
6:55am            177          2          5         96       44.6      29.89       5.89
7:00am             83          1          7         96       44.3      29.90       5.89
7:05am             70          0          8         96       44.2      29.90       5.89
7:10am            173          1          8         95       43.9      29.90       5.89
7:15am            146          0          8         95       43.7      29.90       5.89
7:20am            150          1          8         95       43.5      29.90       5.89
7:25am            108          2          8         95       43.2      29.91       5.89
7:30am            303          0          8         95       43.1      29.91       5.89
7:35am            229          2          4         95       42.9      29.92       5.89
7:40am             62          1         10         94       42.7      29.92       5.89
7:45am            245          3         10         93       42.5      29.93       5.89
7:50am            121          4         10         92       42.3      29.93       5.89
7:55am            300          0         10         91       42.0      29.94       5.89
8:00am             87          0         10         90       41.9      29.95       5.89
8:05am             24          2          5         90       41.7      29.96       5.89
8:10am             91          1         10         89       41.5      29.97       5.89
8:15am             82          0         10         90       41.4      29.97       5.89
8:20am            334          0         10         89       41.3      29.98       5.89
8:25am            291          3         11         89       41.1      29.98       5.89
8:30am            291          1         11         89       41.0      29.98       5.89
8:35am            271          0          6         89       40.9      29.99       5.89
8:40am            266          2          7         89       40.8      29.98       5.89
8:45am             95          0          7         90       40.7      29.98       5.89
8:50am            211          1          9         90       40.7      29.98       5.89
8:55am            245          4         10         90       40.6      29.99       5.89
9:00am            271          2         10         91       40.6      29.99       5.89
9:05am            278          3          6         91       40.7      30.00       5.89
9:10am            288          2         11         90       40.4      30.00       5.89
9:15am             80          0         11         90       40.4      30.00       5.89
9:20am            221          0         13         89       40.3      30.00       5.89
9:25am            112          3         13         90       40.2      30.00       5.89
9:30am             75          3         13         89       40.2      30.00       5.89
9:35am            150          1         11         88       40.2      30.01       5.89
9:40am            113          1         11         88       40.3      30.00       5.89
9:45am             60          1         11         87       40.3      30.00       5.89
9:50am             76          2         11         87       40.6      30.00       5.89
9:55am            240          1         11         85       40.6      30.00       5.89
10:00am           233          1         11         85       40.7      30.01       5.89
10:05am           266          3         13         82       41.1      30.01       5.89
10:10am           264          3         13         81       41.6      30.01       5.89
10:15am           184          0         13         80       41.6      30.01       5.89
10:20am           252          6         13         79       41.6      30.02       5.89
10:25am           266          3         13         80       42.0      30.02       5.89
10:30am           248          3         13         76       42.4      30.02       5.89
10:35am           133          1         12         76       42.1      30.01       5.89
10:40am           336          4         15         75       42.4      30.02       5.89
10:45am            42          2         15         77       42.7      30.02       5.89
10:50am           111          6         15         75       43.1      30.02       5.89
10:55am           105          3         15         73       43.3      30.02       5.89
11:00am           223          3         15         72       43.5      30.02       5.89
11:05am            40          9          9         74       44.0      30.02       5.89
11:10am           203          2          9         73       44.2      30.03       5.89
11:15am           200          1         10         72       44.6      30.02       5.89
11:20am           312          1         10         72       44.3      30.03       5.89
11:25am           160          1         10         73       44.5      30.03       5.89
11:30am           283          2         10         70       44.9      30.03       5.89
11:35am           248          2          9         70       45.0      30.03       5.89
11:40am           253          7         10         70       45.6      30.04       5.89
11:45am            84          1         10         67       45.7      30.03       5.89
11:50am           233          1         10         70       46.0      30.04       5.89
11:55am           263          3         10         67       46.3      30.04       5.89
12:00pm           271          8         10         66       46.0      30.03       5.89
12:05pm           227          6          8         66       46.2      30.04       5.89
12:10pm           171          3          8         65       47.0      30.04       5.89
12:15pm           273          4          8         64       46.9      30.03       5.89
12:20pm           213          4          8         64       47.2      30.03       5.89
12:25pm           286          9          9         62       47.1      30.03       5.89
12:30pm           119          1         11         61       47.0      30.03       5.89
12:35pm           324          2         11         61       47.1      30.03       5.89
12:40pm           207          3         11         62       47.3      30.03       5.89
12:45pm           270          3         11         59       47.6      30.02       5.89
12:50pm            86          3         14         59       47.4      30.03       5.89
12:55pm           260          4         14         57       47.8      30.03       5.89
1:00pm            224          1         14         59       47.9      30.03       5.89
1:05pm            256          2          7         58       48.3      30.02       5.89
1:10pm            281          4          7         60       48.7      30.03       5.89
1:15pm            285          7         13         56       48.9      30.03       5.89
1:20pm             18          2         13         55       48.2      30.03       5.89
1:25pm            250          3         13         55       48.7      30.03       5.89
1:30pm            264          7         13         53       48.9      30.03       5.89
1:35pm            122          2          7         54       49.3      30.04       5.89
1:40pm            105          2          7         54       49.3      30.04       5.89
1:45pm            243          2          7         54       49.8      30.04       5.89
1:50pm            111          3          7         54       49.8      30.03       5.89
1:55pm            290          3          7         53       50.4      30.04       5.89
2:00pm             26          2         12         50       50.1      30.05       5.89
2:05pm            281          6          8         52       49.8      30.04       5.89
2:10pm            287          4         10         52       50.1      30.05       5.89
2:15pm             39          4         13         52       50.4      30.05       5.89
2:20pm            311          4         13         52       50.6      30.05       5.89
2:25pm            280          3         13         50       50.7      30.06       5.89
2:30pm            176          0         15         50       50.5      30.06       5.89
2:35pm            196          5         10         51       50.5      30.06       5.89
2:40pm            213          2         10         51       50.5      30.06       5.89
2:45pm             11          4         12         51       50.7      30.06       5.89
2:50pm            298          2         12         52       50.6      30.07       5.89
2:55pm            107          0         12         51       50.7      30.07       5.89
3:00pm             84          3         12         51       50.8      30.07       5.89
3:05pm            106          2         14         49       51.0      30.08       5.89
3:10pm             52          1         14         50       50.8      30.08       5.89
3:15pm            268          4         14         49       50.8      30.08       5.89
3:20pm            273          5         14         46       50.9      30.08       5.89
3:25pm            171          2         15         45       50.7      30.08       5.89
3:30pm             67          6         15         46       50.8      30.08       5.89
3:35pm            238          2          6         46       51.0      30.08       5.89
3:40pm            210          2         11         46       51.1      30.08       5.89
3:45pm            286          5         11         46       50.8      30.09       5.89
3:50pm            248          1         13         46       50.4      30.09       5.89
3:55pm            105          1         13         46       50.5      30.09       5.89
4:00pm            288          6         13         45       50.5      30.09       5.89
4:05pm            240          6         10         47       50.3      30.09       5.89
4:10pm            194          2         10         47       50.2      30.09       5.89
4:15pm            268          1         10         46       50.3      30.10       5.89
4:20pm            216          4         10         45       50.3      30.10       5.89
4:25pm            101          0         10         45       50.3      30.10       5.89
4:30pm            276          3         10         46       50.3      30.09       5.89
4:35pm             30          2         12         45       49.6      30.10       5.89
4:40pm            293          2         13         45       49.2      30.11       5.89
4:45pm            193          2         13         46       48.7      30.11       5.89
4:50pm             53          2         13         46       48.7      30.12       5.89
4:55pm              8          1         13         45       48.2      30.12       5.89
5:00pm            262          6         13         46       47.9      30.13       5.89
5:05pm            275          8         11         46       47.6      30.13       5.89
5:10pm            224          1         11         47       47.2      30.13       5.89
5:15pm            266          2         14         47       46.7      30.13       5.89
5:20pm            274          3         14         48       46.3      30.14       5.89
5:25pm            240          1         14         48       45.9      30.15       5.89
5:30pm            342          1         14         49       45.6      30.14       5.89
5:35pm            200          0          9         51       45.0      30.15       5.89
5:40pm            115          0          9         53       44.3      30.15       5.89
5:45pm            150          0          9         54       43.6      30.15       5.89
5:50pm            238          5          9         56       43.0      30.16       5.89
5:55pm            214          1          9         54       42.5      30.16       5.89
6:00pm             46          2          9         54       42.2      30.16       5.89
6:05pm             63          2          4         53       41.8      30.16       5.89
6:10pm             95          0         11         55       41.6      30.17       5.89
6:15pm             86          0         11         56       41.2      30.16       5.89
6:20pm            154          0         11         57       40.9      30.17       5.89
6:25pm            242          0         11         59       40.6      30.17       5.89
6:30pm             86          0         11         60       40.3      30.17       5.89
6:35pm            207          1          1         60       40.0      30.17       5.89
6:40pm            120          1          4         60       39.8      30.18       5.89
6:45pm             97          0          4         61       39.7      30.18       5.89
6:50pm            119          0          4         61       39.5      30.19       5.89
6:55pm            219          1          4         62       39.2      30.19       5.89
7:00pm            113          1          4         62       39.1      30.20       5.89
7:05pm            198          0          3         62       38.8      30.21       5.89
7:10pm            239          0          4         62       38.7      30.21       5.89
7:15pm            280          1          4         63       38.3      30.22       5.89
7:20pm             84          3          4         64       38.0      30.22       5.89
7:25pm             79          0          6         64       37.6      30.22       5.89
7:30pm            143          0          6         64       37.3      30.22       5.89
7:35pm            270          1          5         65       37.1      30.23       5.89
7:40pm             75          0          5         65       36.9      30.24       5.89
7:45pm             43          0          5         66       36.7      30.24       5.89
7:50pm             80          0          5         66       36.5      30.23       5.89
7:55pm            109          1          5         67       36.3      30.24       5.89
8:00pm             79          0          5         68       36.1      30.24       5.89
8:05pm            277          0          4         69       35.8      30.24       5.89
8:10pm             82          0          4         69       35.6      30.25       5.89
8:15pm            274          1          4         70       35.3      30.25       5.89
8:20pm             89          1          5         70       35.2      30.25       5.89
8:25pm             59          0          5         71       35.0      30.26       5.89
8:30pm            257          6          6         71       34.8      30.25       5.89
8:35pm            345          0          6         72       34.7      30.25       5.89
8:40pm            345          0          6         72       34.5      30.25       5.89
8:45pm            345          0          6         73       34.1      30.26       5.89
8:50pm             32          0          6         74       33.7      30.25       5.89
8:55pm            233          0          6         75       33.5      30.26       5.89
9:00pm            233          0          6         75       33.3      30.26       5.89
9:05pm            233          0          1         76       33.0      30.26       5.89
9:10pm            233          0          1         76       32.8      30.26       5.89
9:15pm            160          0          1         76       32.8      30.26       5.89
9:20pm            160          0          1         76       32.6      30.26       5.89
9:25pm            160          0          1         77       32.4      30.26       5.89
9:30pm            160          0          1         78       32.1      30.26       5.89
9:35pm            160          0          0         78       32.0      30.27       5.89
9:40pm             54          0          3         79       32.2      30.27       5.89
9:45pm             54          0          3         79       32.2      30.27       5.89
9:50pm             54          0          3         79       32.1      30.27       5.89
9:55pm             56          0          3         80       31.9      30.26       5.89
10:00pm            55          0          3         80       31.7      30.26       5.89
10:05pm            55          0          0         81       31.3      30.27       5.89
10:10pm            55          0          0         82       31.0      30.27       5.89
10:15pm            55          0          1         82       30.4      30.27       5.89
10:20pm            55          0          1         83       29.9      30.28       5.89
10:25pm            55          0          1         84       29.6      30.28       5.89
10:30pm            55          0          1         85       29.4      30.28       5.89
10:35pm            55          0          0         85       29.2      30.28       5.89
10:40pm            55          0          1         85       29.1      30.28       5.89
10:45pm            55          0          1         86       29.0      30.28       5.89
10:50pm           299          0          1         86       28.9      30.28       5.89
10:55pm           299          0          1         86       28.9      30.28       5.89
11:00pm           299          0          1         86       28.9      30.27       5.89
11:05pm           299          0          0         87       28.9      30.27       5.89
11:10pm           299          0          0         87       28.9      30.27       5.89
11:15pm           299          0          0         87       28.8      30.27       5.89
11:20pm           299          0          1         88       28.7      30.27       5.89
11:25pm           290          0          1         88       28.7      30.27       5.89
11:30pm           285          2          2         88       28.5      30.27       5.89
11:35pm           276          1          2         89       28.2      30.27       5.89
11:40pm           269          0          2         89       28.0      30.27       5.89
11:45pm           268          0          2         89       27.7      30.27       5.89
11:50pm           272          0          2         90       27.7      30.27       5.89
11:55pm           271          0          2         90       27.5      30.27       5.89
