3/27/16
Time         Wind Dir   Wind Spd  Wind Gust   Humidity       Temp  Raw Barom   Tot Rain
                    °        mph        mph          %         °F         in         in
12:00am            79          5         10         88       32.7      30.36       6.71
12:05am            71          5         10         89       32.6      30.36       6.71
12:10am            65          3         10         89       32.4      30.36       6.71
12:15am            95          6         10         89       32.3      30.36       6.71
12:20am           103          5         10         89       32.2      30.36       6.71
12:25am            98          3         10         90       32.1      30.35       6.71
12:30am            75          5         10         90       32.1      30.36       6.71
12:35am            70          1          7         90       32.0      30.36       6.71
12:40am            87          4          9         90       32.0      30.36       6.71
12:45am            75          6          9         90       31.9      30.36       6.71
12:50am           136          3          9         90       31.9      30.36       6.71
12:55am            82          5          9         90       31.9      30.36       6.71
1:00am             89          3          9         90       31.9      30.35       6.71
1:05am             78          3          9         90       31.8      30.35       6.71
1:10am             69          8          9         91       31.7      30.35       6.71
1:15am             81          8          9         91       31.6      30.35       6.71
1:20am             57          2          9         91       31.5      30.35       6.71
1:25am            108          3          9         91       31.4      30.35       6.71
1:30am             72          2          9         91       31.4      30.35       6.71
1:35am             85          1          7         91       31.4      30.36       6.71
1:40am             83          2          7         91       31.4      30.36       6.71
1:45am             89          2          7         91       31.3      30.36       6.71
1:50am            103          0          7         92       31.3      30.35       6.71
1:55am             68          2          7         91       31.2      30.35       6.71
2:00am            108          2          7         92       31.2      30.35       6.71
2:05am             95          2          4         92       31.1      30.35       6.71
2:10am             84          2          6         92       31.1      30.35       6.71
2:15am             89          2          6         92       31.1      30.35       6.71
2:20am             83          5          7         92       31.0      30.35       6.71
2:25am            108          2          7         92       31.0      30.35       6.71
2:30am             82          4          7         92       31.0      30.35       6.71
2:35am             48          4          5         92       31.0      30.35       6.71
2:40am             88          2          6         92       31.0      30.35       6.71
2:45am             75          4          6         92       31.0      30.35       6.71
2:50am             81          2          6         92       30.9      30.35       6.71
2:55am            105          1          6         92       30.9      30.34       6.71
3:00am            104          1          6         92       30.8      30.34       6.71
3:05am             94          2          5         92       30.7      30.34       6.71
3:10am             58          1          5         93       30.7      30.35       6.71
3:15am             78          3          5         93       30.7      30.34       6.71
3:20am            141          2          5         93       30.7      30.34       6.71
3:25am            139          2          5         93       30.6      30.34       6.71
3:30am            112          1          5         93       30.7      30.34       6.71
3:35am             79          2          2         93       30.7      30.34       6.71
3:40am             72          3          3         93       30.7      30.34       6.71
3:45am            100          4          6         93       30.7      30.33       6.71
3:50am            108          2          6         93       30.7      30.33       6.71
3:55am             93          2          6         93       30.7      30.34       6.71
4:00am            103          1          6         93       30.8      30.34       6.71
4:05am             76          2          5         93       30.8      30.33       6.71
4:10am            109          1          5         93       30.8      30.33       6.71
4:15am             98          2          5         93       30.8      30.33       6.71
4:20am            100          1          5         93       30.9      30.34       6.71
4:25am             80          1          5         93       30.9      30.34       6.71
4:30am            105          0          5         93       30.9      30.34       6.71
4:35am             84          1          2         93       31.0      30.34       6.71
4:40am            124          0          2         93       31.1      30.34       6.71
4:45am             94          0          2         93       31.1      30.34       6.71
4:50am             95          0          2         93       31.1      30.34       6.71
4:55am             95          0          2         93       31.1      30.34       6.71
5:00am            160          0          2         93       31.2      30.34       6.71
5:05am            160          0          0         93       31.2      30.34       6.71
5:10am             96          1          3         93       31.2      30.34       6.71
5:15am            113          1          3         93       31.3      30.34       6.71
5:20am            112          1          3         93       31.3      30.34       6.71
5:25am            112          2          3         93       31.2      30.34       6.71
5:30am             86          2          3         93       31.2      30.34       6.71
5:35am            144          1          3         93       31.2      30.34       6.71
5:40am            142          1          3         93       31.2      30.34       6.71
5:45am            100          0          5         93       31.1      30.34       6.71
5:50am            122          2          5         93       31.1      30.34       6.71
5:55am             96          1          5         93       31.1      30.34       6.71
6:00am            110          3          5         93       31.2      30.34       6.71
6:05am             97          1          3         93       31.2      30.34       6.71
6:10am            103          3          4         93       31.3      30.35       6.71
6:15am            130          2          4         93       31.3      30.35       6.71
6:20am            121          0          4         93       31.3      30.35       6.71
6:25am            117          1          4         93       31.3      30.35       6.71
6:30am            132          1          4         93       31.3      30.35       6.71
6:35am            155          1          2         93       31.3      30.35       6.71
6:40am            123          0          2         93       31.3      30.35       6.71
6:45am            212          1          2         93       31.3      30.36       6.71
6:50am            144          1          3         93       31.4      30.36       6.71
6:55am             99          1          3         93       31.3      30.35       6.71
7:00am            124          0          3         93       31.3      30.35       6.71
7:05am            101          1          4         93       31.3      30.35       6.71
7:10am            144          1          4         94       31.3      30.35       6.71
7:15am            105          2          4         94       31.3      30.35       6.71
7:20am             69          0          4         94       31.3      30.35       6.71
7:25am            122          0          4         94       31.3      30.35       6.71
7:30am            142          1          4         94       31.3      30.35       6.71
7:35am             84          0          2         94       31.4      30.35       6.71
7:40am            123          0          2         94       31.5      30.35       6.71
7:45am            113          1          3         94       31.6      30.35       6.71
7:50am            136          1          3         94       31.6      30.35       6.71
7:55am            105          2          3         94       31.7      30.34       6.71
8:00am            111          2          3         94       31.8      30.34       6.71
8:05am            219          2          3         94       31.9      30.34       6.71
8:10am            114          0          3         94       31.9      30.35       6.71
8:15am            139          0          3         94       32.0      30.34       6.71
8:20am            202          2          3         94       32.1      30.35       6.71
8:25am            179          0          3         94       32.2      30.35       6.71
8:30am            113          0          3         94       32.3      30.35       6.71
8:35am            129          1          3         93       32.3      30.34       6.71
8:40am            226          1          3         93       32.2      30.34       6.71
8:45am            115          2          3         93       32.3      30.35       6.71
8:50am             98          0          3         93       32.5      30.35       6.71
8:55am            135          2          3         93       32.6      30.35       6.71
9:00am            105          3          3         93       32.7      30.35       6.71
9:05am             91          5          6         93       32.6      30.35       6.71
9:10am            103          3          8         93       32.5      30.34       6.71
9:15am            110          4          8         93       32.4      30.34       6.71
9:20am            105          2          8         93       32.3      30.34       6.71
9:25am             89          3          8         93       32.3      30.35       6.71
9:30am            172          0          8         93       32.5      30.35       6.71
9:35am            209          2          2         93       32.8      30.35       6.71
9:40am            113          3          3         92       32.9      30.35       6.71
9:45am            119          2          3         92       33.0      30.35       6.71
9:50am            140          3          5         92       33.1      30.35       6.71
9:55am            129          1          5         92       33.1      30.35       6.71
10:00am            86          0          5         92       33.2      30.35       6.71
10:05am           117          0          3         92       33.3      30.35       6.71
10:10am           146          1          5         91       33.5      30.35       6.71
10:15am           115          0          5         92       33.7      30.35       6.71
10:20am           125          1          5         91       33.9      30.35       6.71
10:25am           226          0          5         91       34.0      30.35       6.71
10:30am            68          2          5         90       34.3      30.35       6.71
10:35am           116          1          4         91       34.4      30.35       6.71
10:40am           104          2          4         90       34.6      30.35       6.71
10:45am            80          0          4         90       34.7      30.35       6.71
10:50am           105          3          4         90       34.8      30.34       6.71
10:55am           123          2          4         90       34.9      30.34       6.71
11:00am            88          2          4         89       35.0      30.34       6.71
11:05am            75          2          2         89       35.3      30.34       6.71
11:10am            79          3          6         88       35.2      30.34       6.71
11:15am            92          3          6         89       35.1      30.34       6.71
11:20am            81          3          6         89       35.1      30.34       6.71
11:25am            98          2          6         89       35.2      30.34       6.71
11:30am           124          3          6         89       35.6      30.34       6.71
11:35am            86          3          5         88       35.8      30.34       6.71
11:40am            72          5          7         88       35.7      30.34       6.71
11:45am            75          3          7         88       35.7      30.34       6.71
11:50am            78          1          7         88       35.7      30.33       6.71
11:55am           118          2          7         88       36.1      30.33       6.71
12:00pm            95          4          7         87       36.6      30.33       6.71
12:05pm            71          2          5         86       36.7      30.33       6.71
12:10pm            91          2          5         86       36.9      30.33       6.71
12:15pm            94          2          5         85       37.3      30.33       6.71
12:20pm            77          5          7         84       37.6      30.32       6.71
12:25pm            74          4          7         84       37.6      30.32       6.71
12:30pm            79          4          8         84       38.2      30.31       6.71
12:35pm            81          5          9         83       38.2      30.31       6.71
12:40pm            76          5         11         83       38.3      30.30       6.71
12:45pm            89          3         13         83       38.5      30.30       6.71
12:50pm            79          6         13         83       39.1      30.29       6.71
12:55pm            94          3         13         82       39.2      30.29       6.71
1:00pm             64          4         13         81       40.0      30.29       6.71
1:05pm             78          8          8         79       40.4      30.30       6.71
1:10pm             82          5         10         80       40.2      30.29       6.71
1:15pm             86          4         10         78       41.2      30.29       6.71
1:20pm             79          4         10         77       41.8      30.29       6.71
1:25pm             71          6         10         77       41.9      30.28       6.71
1:30pm            105          2         10         77       42.1      30.28       6.71
1:35pm             79          4          8         75       42.5      30.28       6.71
1:40pm             96          3          8         76       42.9      30.28       6.71
1:45pm            115          5          8         74       42.9      30.28       6.71
1:50pm             96          3          8         73       43.2      30.27       6.71
1:55pm             71          4          8         73       43.3      30.27       6.71
2:00pm             81          4          8         73       42.9      30.26       6.71
2:05pm             84          4          7         73       43.4      30.26       6.71
2:10pm             72          6         10         73       43.7      30.26       6.71
2:15pm             89          2         10         72       44.2      30.25       6.71
2:20pm            101          4         10         72       44.4      30.25       6.71
2:25pm             75          6         12         70       44.8      30.24       6.71
2:30pm             68          7         12         70       44.7      30.24       6.71
2:35pm             68          7          8         70       45.1      30.24       6.71
2:40pm             81          8         10         69       45.7      30.24       6.71
2:45pm             98          8         10         68       46.0      30.23       6.71
2:50pm             99         13         13         67       45.9      30.23       6.71
2:55pm             98          9         13         67       46.3      30.22       6.71
3:00pm            111         10         13         67       46.2      30.22       6.71
3:05pm             94          9         13         66       46.3      30.22       6.71
3:10pm             85          6         13         66       46.8      30.22       6.71
3:15pm            105          6         13         66       47.1      30.21       6.71
3:20pm            124          5         13         65       47.6      30.21       6.71
3:25pm            131          3         13         64       47.6      30.21       6.71
3:30pm             86          8         13         64       47.6      30.21       6.71
3:35pm             82          5          9         64       47.6      30.21       6.71
3:40pm            117          6          9         65       47.7      30.21       6.71
3:45pm            102          6          9         63       47.8      30.20       6.71
3:50pm            120          1          9         64       48.2      30.20       6.71
3:55pm            131          3          9         62       48.7      30.20       6.71
4:00pm             78          5          9         62       48.9      30.19       6.71
4:05pm             88          7         11         62       48.9      30.19       6.71
4:10pm            124          2         11         62       48.8      30.19       6.71
4:15pm             95          2         11         62       49.1      30.18       6.71
4:20pm            129          6         11         61       49.1      30.18       6.71
4:25pm            111          6         11         61       49.2      30.18       6.71
4:30pm             82          2         12         61       49.1      30.18       6.71
4:35pm            124          6         10         61       49.3      30.17       6.71
4:40pm            114          2         11         61       49.0      30.18       6.71
4:45pm            130          4         11         61       49.1      30.18       6.71
4:50pm             92          3         11         61       48.9      30.18       6.71
4:55pm             84         10         12         61       49.2      30.17       6.71
4:59pm              2          4         12         61       49.1      30.17       6.71
5:05pm             63          7         12         61       48.9      30.17       6.71
5:10pm            140          4         12         61       48.7      30.17       6.71
5:15pm             94          4         12         62       48.6      30.17       6.71
5:20pm            298          2         12         62       48.4      30.17       6.71
5:25pm             70          9         12         61       48.2      30.17       6.71
5:30pm            173          6         12         62       47.9      30.17       6.71
5:35pm            115          1          9         62       47.9      30.18       6.71
5:40pm             84          4          9         63       47.9      30.18       6.71
5:45pm             71          6          9         62       47.7      30.18       6.71
5:50pm             65          6         12         63       47.6      30.18       6.71
5:55pm            139          3         12         63       47.4      30.18       6.71
6:00pm            100          8         13         63       47.3      30.18       6.71
6:05pm             77          7         13         64       46.9      30.18       6.71
6:10pm             79          7         13         64       46.7      30.18       6.71
6:15pm             97          3         15         65       46.8      30.18       6.71
6:20pm            151          2         15         65       46.7      30.18       6.71
6:25pm             98          4         15         65       46.5      30.18       6.71
6:30pm             63          5         15         66       46.3      30.18       6.71
6:35pm            214          0          7         66       46.0      30.18       6.71
6:40pm            132          3          8         67       45.7      30.18       6.71
6:45pm             91          1          8         67       45.5      30.18       6.71
6:50pm             84          7          8         67       45.3      30.18       6.71
6:55pm            132          3          8         68       45.1      30.18       6.71
7:00pm            155          2          8         68       44.8      30.18       6.71
7:05pm            101          4          9         69       44.6      30.18       6.71
7:10pm            146          2          9         69       44.4      30.18       6.71
7:15pm             94          2          9         70       44.2      30.18       6.71
7:20pm            102          1          9         70       44.0      30.18       6.71
7:25pm            104          4          9         70       43.8      30.18       6.71
7:30pm             86          1          9         71       43.7      30.18       6.71
7:35pm             56          1          8         71       43.5      30.18       6.71
7:40pm             83          5          8         71       43.4      30.19       6.71
7:45pm            104          6          9         72       43.2      30.19       6.71
7:50pm             82          6          9         72       43.1      30.19       6.71
7:55pm            117          0          9         72       42.8      30.19       6.71
8:00pm            113          3          9         73       42.5      30.19       6.71
8:05pm             65          1          5         73       42.4      30.19       6.71
8:10pm            108          0          5         73       42.2      30.19       6.71
8:15pm            111          1          5         74       42.1      30.19       6.71
8:20pm            148          0          5         75       41.7      30.19       6.71
8:25pm             89          2          5         76       41.3      30.19       6.71
8:30pm             70          6          6         76       40.8      30.18       6.71
8:35pm            106          1          7         77       40.9      30.18       6.71
8:40pm             80          1          7         78       40.4      30.18       6.71
8:45pm             73          3          7         79       40.0      30.18       6.71
8:50pm             68          4          7         78       40.4      30.18       6.71
8:55pm             84          4          7         78       40.6      30.18       6.71
9:00pm             77          5          7         79       40.3      30.17       6.71
9:05pm             88          4          7         78       40.4      30.17       6.71
9:10pm             90          8          9         77       40.6      30.17       6.71
9:15pm            136          1          9         77       40.6      30.16       6.71
9:20pm            110          1         10         77       40.5      30.16       6.71
9:25pm             90          6         10         77       40.4      30.16       6.71
9:30pm            131          6         13         77       40.0      30.16       6.71
9:35pm            121          1         14         78       39.5      30.16       6.71
9:40pm             93          8         16         78       39.1      30.16       6.71
9:45pm             91         13         17         79       38.7      30.15       6.71
9:50pm             68          6         17         79       38.2      30.16       6.71
9:55pm            102          7         17         80       37.9      30.16       6.71
10:00pm            85          8         17         81       37.6      30.15       6.71
10:05pm           112          4         10         81       37.4      30.15       6.71
10:10pm            57          4         14         82       37.2      30.15       6.71
10:15pm           112          6         14         82       37.0      30.15       6.71
10:19pm            68         12         15         82       36.8      30.15       6.71
10:25pm            94          5         15         83       36.6      30.15       6.71
10:30pm            75          8         15         83       36.4      30.14       6.71
10:35pm            94         10         11         83       36.3      30.14       6.71
10:40pm            65          6         11         83       36.2      30.14       6.71
10:45pm            84          7         11         84       36.0      30.14       6.71
10:50pm            95          4         11         84       35.9      30.14       6.71
10:55pm            75          8         11         84       35.7      30.13       6.71
11:00pm            72          7         11         85       35.5      30.13       6.71
11:05pm            89          1          9         85       35.2      30.13       6.71
11:10pm           113          3         11         85       35.0      30.13       6.71
11:15pm           101          6         13         86       34.8      30.13       6.71
11:20pm           110          4         13         86       34.7      30.13       6.71
11:25pm            68          7         13         86       34.6      30.13       6.71
11:30pm           146          2         13         87       34.5      30.12       6.71
11:35pm            73          6          8         87       34.4      30.13       6.71
11:40pm           110          5          8         87       34.4      30.13       6.71
11:45pm           101          3         10         87       34.3      30.12       6.71
11:50pm           120          3         10         87       34.2      30.13       6.71
11:55pm            61          5         12         88       34.1      30.12       6.71
