4/27/16
Time         Wind Dir   Wind Spd  Wind Gust   Humidity       Temp  Raw Barom   Tot Rain
                    °        mph        mph          %         °F         in         in
12:00am           265          0          1         95       32.5      29.82       9.78
12:05am           265          0          1         95       32.5      29.82       9.78
12:10am           265          0          1         95       32.3      29.82       9.78
12:15am           265          0          1         95       32.1      29.82       9.78
12:20am           265          0          1         95       31.8      29.82       9.78
12:25am           265          0          1         95       31.6      29.82       9.78
12:30am           265          0          1         95       31.5      29.82       9.78
12:35am           265          0          0         95       31.3      29.82       9.78
12:40am           265          0          0         95       31.1      29.82       9.78
12:45am           265          0          0         95       30.9      29.82       9.78
12:50am           265          0          1         95       30.6      29.82       9.78
12:55am           265          0          1         95       30.4      29.82       9.78
1:00am            270          0          1         95       30.4      29.82       9.78
1:05am            270          0          0         95       30.2      29.82       9.78
1:10am            269          0          1         95       30.1      29.82       9.78
1:15am            267          0          1         95       30.0      29.82       9.78
1:20am            267          0          1         96       30.1      29.82       9.78
1:25am            268          0          1         96       30.1      29.82       9.78
1:30am            268          0          1         96       30.1      29.82       9.78
1:35am            268          0          1         96       30.0      29.82       9.78
1:39am            268          0          1         96       30.0      29.82       9.78
1:45am            268          0          1         96       29.8      29.82       9.78
1:50am            268          0          1         96       29.8      29.82       9.78
1:55am            268          0          1         96       29.7      29.82       9.78
2:00am            242          0          1         96       29.8      29.81       9.78
2:05am            242          0          0         96       29.7      29.81       9.78
2:10am            255          0          1         96       29.7      29.82       9.78
2:15am            255          0          1         96       29.5      29.82       9.78
2:20am            255          0          1         96       29.6      29.82       9.78
2:25am            245          0          1         96       29.6      29.82       9.78
2:30am            281          0          1         96       29.6      29.82       9.78
2:35am            265          0          1         96       29.8      29.82       9.78
2:40am            268          0          1         96       30.1      29.82       9.78
2:45am            250          0          2         97       30.5      29.82       9.78
2:50am            264          1          3         97       30.8      29.83       9.78
2:55am            253          1          3         97       31.0      29.83       9.78
3:00am            240          1          3         97       31.0      29.83       9.78
3:05am            255          1          3         97       31.0      29.83       9.78
3:10am            270          2          3         97       31.1      29.83       9.78
3:15am            242          0          4         96       31.1      29.83       9.78
3:20am            259          2          4         96       31.1      29.84       9.78
3:25am            277          1          4         96       31.1      29.84       9.78
3:30am            262          1          4         96       31.1      29.84       9.78
3:35am            255          0          3         96       31.1      29.84       9.78
3:40am            276          0          3         96       31.1      29.84       9.78
3:45am            267          0          3         96       31.1      29.84       9.78
3:50am            257          0          3         96       31.0      29.84       9.78
3:55am            269          0          3         96       31.0      29.84       9.78
4:00am            248          2          3         96       30.9      29.84       9.78
4:05am            286          0          2         96       30.8      29.85       9.78
4:10am            257          0          3         96       30.8      29.85       9.78
4:15am            270          0          3         96       30.8      29.85       9.78
4:20am            274          1          3         96       30.8      29.85       9.78
4:25am            285          1          3         96       30.7      29.85       9.78
4:30am            280          1          3         96       30.6      29.85       9.78
4:35am            246          0          1         96       30.6      29.85       9.78
4:40am            268          1          1         96       30.5      29.85       9.78
4:45am            272          1          2         96       30.3      29.85       9.78
4:50am            254          0          2         96       30.1      29.85       9.78
4:55am            244          0          2         96       30.0      29.85       9.78
5:00am            254          1          2         96       29.8      29.85       9.78
5:05am            269          0          2         96       29.7      29.85       9.78
5:10am            267          0          2         96       29.6      29.85       9.78
5:15am            267          0          2         96       29.4      29.85       9.78
5:20am            267          0          2         96       29.3      29.86       9.78
5:25am            277          2          2         96       29.2      29.85       9.78
5:30am            271          0          2         96       29.0      29.86       9.78
5:35am            278          0          2         96       29.1      29.86       9.78
5:40am            274          1          3         96       29.0      29.86       9.78
5:45am            260          1          3         97       29.0      29.86       9.78
5:50am            278          1          3         97       29.0      29.86       9.78
5:55am            261          0          3         97       29.0      29.86       9.78
6:00am            259          0          3         97       29.0      29.86       9.78
6:05am            273          1          2         97       28.9      29.86       9.78
6:10am            267          1          2         97       28.9      29.86       9.78
6:15am            268          0          2         97       29.0      29.86       9.78
6:20am            274          0          2         97       29.0      29.86       9.78
6:25am            266          2          2         97       29.0      29.86       9.78
6:30am            271          1          2         97       29.0      29.87       9.78
6:35am            258          0          2         97       29.3      29.87       9.78
6:40am            255          1          2         96       29.7      29.86       9.78
6:45am            276          1          2         96       30.1      29.87       9.78
6:50am            252          1          2         96       30.3      29.87       9.78
6:55am            267          1          3         96       30.4      29.86       9.78
7:00am            261          1          3         95       30.4      29.86       9.78
7:05am            265          2          3         95       30.5      29.86       9.78
7:10am            269          1          4         95       30.6      29.86       9.78
7:15am            261          2          5         96       30.8      29.86       9.78
7:20am            285          0          5         96       31.0      29.86       9.78
7:25am            281          2          5         96       31.4      29.86       9.78
7:30am            248          2          5         96       31.7      29.86       9.78
7:35am            286          0          3         96       32.1      29.87       9.78
7:40am            263          2          3         95       32.4      29.87       9.78
7:45am            265          1          4         95       32.7      29.87       9.78
7:50am            264          2          4         95       32.9      29.87       9.78
7:55am            259          2          6         94       32.8      29.88       9.78
8:00am            284          2          6         94       33.2      29.88       9.78
8:05am            259          3          5         93       33.4      29.88       9.78
8:10am            271          4          7         93       33.5      29.88       9.78
8:15am            259          1          7         92       33.9      29.88       9.78
8:20am            291          4          7         91       34.4      29.89       9.78
8:25am            267          0          7         90       34.8      29.88       9.78
8:30am            283          2          7         89       35.3      29.88       9.78
8:35am            273          1          6         85       35.5      29.88       9.78
8:40am            241          2          6         83       36.0      29.89       9.78
8:45am            293          3          8         81       36.3      29.89       9.78
8:50am            250          2          8         79       36.6      29.89       9.78
8:55am            244          5          8         76       36.8      29.88       9.78
9:00am            270          4          8         75       37.2      29.88       9.78
9:05am            215          1          5         76       37.6      29.88       9.78
9:10am            281          1          6         72       37.9      29.88       9.78
9:15am            267          2          6         72       38.4      29.88       9.78
9:20am            239          2          9         67       38.9      29.88       9.79
9:25am            245          0          9         65       39.3      29.88       9.79
9:30am            267          2          9         60       39.7      29.88       9.79
9:35am            264          2          9         61       39.9      29.88       9.79
9:40am            272          2          9         54       40.2      29.88       9.79
9:45am            271          5          9         57       40.6      29.88       9.79
9:50am            274          2          9         55       41.2      29.87       9.79
9:55am            276          1          9         55       41.2      29.87       9.79
10:00am           281          2          9         54       41.6      29.87       9.79
10:05am           257          5          9         55       41.8      29.88       9.79
10:10am           279          2          9         49       41.7      29.87       9.79
10:15am           268          6          9         51       41.9      29.87       9.79
10:20am           278          1          9         50       42.2      29.87       9.80
10:25am           216          5          9         49       42.4      29.87       9.80
10:30am           285          3          9         52       42.2      29.87       9.80
10:35am           263          3          5         52       42.6      29.87       9.80
10:40am           259          3          6         53       42.5      29.87       9.80
10:45am           249          2          9         54       42.9      29.87       9.80
10:50am           286          3          9         57       43.2      29.87       9.80
10:55am           248          0          9         51       43.2      29.87       9.80
11:00am           281          4          9         54       43.2      29.86       9.80
11:05am           273          6         13         53       43.6      29.86       9.80
11:10am           271          9         13         53       43.2      29.86       9.80
11:15am           243          3         13         55       43.5      29.85       9.80
11:20am           277          9         13         54       44.0      29.85       9.80
11:25am           252          7         13         52       44.1      29.85       9.80
11:30am           252          8         13         51       44.6      29.85       9.80
11:35am           260          5         10         51       44.4      29.85       9.80
11:40am           282          0         10         52       44.9      29.85       9.80
11:45am           212          0         10         53       45.2      29.85       9.80
11:50am           272          5         10         49       45.8      29.84       9.80
11:55am           217          1         11         45       45.8      29.84       9.80
12:00pm           188          1         13         46       46.4      29.84       9.80
12:05pm           272          7         12         42       46.4      29.84       9.80
12:10pm           248          1         12         44       47.1      29.83       9.80
12:15pm           223          3         12         41       47.5      29.83       9.80
12:20pm           128          3         12         42       47.5      29.83       9.80
12:25pm           283          5         12         36       47.7      29.83       9.80
12:30pm           271          7         12         39       47.9      29.83       9.80
12:35pm           250          6         10         39       48.4      29.83       9.80
12:40pm           280          5         15         37       48.1      29.83       9.80
12:45pm           291          3         15         35       49.0      29.83       9.80
12:50pm           232          4         15         37       49.3      29.82       9.80
12:55pm           270          7         15         39       49.1      29.82       9.80
1:00pm            262          3         15         37       48.9      29.82       9.80
1:05pm            134          1         12         34       49.6      29.82       9.80
1:10pm            258          4         12         33       50.1      29.82       9.80
1:15pm            205          2         12         35       50.0      29.82       9.80
1:20pm            269         13         13         34       49.7      29.82       9.80
1:25pm            238          6         15         34       49.3      29.82       9.80
1:30pm            270          4         15         36       50.2      29.82       9.80
1:35pm            274          3          7         36       50.5      29.82       9.80
1:40pm            268          5          9         33       50.6      29.82       9.80
1:45pm            210          6         12         32       50.6      29.82       9.80
1:50pm            299          8         14         34       50.4      29.82       9.80
1:55pm            245          3         14         34       50.5      29.81       9.80
2:00pm            234          1         14         34       51.2      29.81       9.80
2:05pm            247          6         11         32       50.8      29.81       9.80
2:10pm            211          5         12         32       50.4      29.81       9.80
2:15pm            155          2         12         30       51.2      29.81       9.80
2:20pm            272          1         12         31       50.8      29.81       9.80
2:25pm             34          5         12         32       50.5      29.80       9.80
2:30pm            236          2         12         33       51.0      29.81       9.80
2:35pm            268          4         12         32       50.6      29.80       9.80
2:40pm            251          7         12         34       51.0      29.80       9.80
2:45pm            278          2         12         32       50.9      29.79       9.80
2:50pm            283          5         12         33       51.3      29.79       9.80
2:55pm            286          3         12         32       51.8      29.78       9.80
3:00pm            276         10         13         31       51.9      29.79       9.80
3:05pm            221          4         12         32       51.9      29.78       9.80
3:10pm            199          1         12         31       51.6      29.79       9.80
3:15pm            224          7         12         31       51.4      29.78       9.80
3:20pm            310          3         13         32       51.4      29.78       9.80
3:25pm            273          9         13         31       51.3      29.78       9.80
3:30pm            216          0         14         32       51.6      29.77       9.80
3:35pm            272          8         12         31       52.4      29.77       9.80
3:40pm            269          3         13         33       52.5      29.77       9.80
3:45pm            271          4         13         33       52.9      29.77       9.80
3:50pm            264          4         16         31       52.8      29.77       9.80
3:55pm            272         10         16         32       53.1      29.77       9.80
4:00pm            278          8         16         32       52.7      29.77       9.80
4:05pm            311          3         15         32       52.8      29.77       9.80
4:10pm            165          2         15         33       53.2      29.76       9.80
4:15pm            273          9         15         32       53.1      29.76       9.80
4:20pm            260          6         15         31       53.1      29.76       9.80
4:25pm            233          7         15         34       53.3      29.76       9.80
4:30pm            283          1         15         33       53.4      29.76       9.80
4:35pm            259          3          9         33       54.0      29.76       9.80
4:40pm            295          2         10         31       54.3      29.75       9.80
4:45pm            219          0         10         32       54.3      29.75       9.80
4:50pm            267          8         13         31       54.6      29.75       9.80
4:55pm            207          1         14         30       54.4      29.75       9.80
5:00pm            276          7         14         31       54.1      29.75       9.80
5:05pm            280          6         12         32       54.3      29.75       9.80
5:10pm            268          0         13         32       54.4      29.75       9.80
5:15pm            267          2         13         32       54.6      29.75       9.80
5:20pm            247          6         13         32       54.9      29.75       9.80
5:25pm            240          8         13         32       54.7      29.75       9.80
5:30pm            248          5         13         32       54.4      29.75       9.80
5:35pm            248          7         13         32       54.3      29.75       9.80
5:40pm            277          8         13         32       54.2      29.75       9.80
5:45pm            287          4         13         33       54.1      29.75       9.80
5:50pm            286          5         13         33       54.6      29.75       9.80
5:55pm            268          0         13         33       54.3      29.75       9.80
6:00pm            245          1         13         33       53.5      29.75       9.80
6:05pm            293          0          6         34       53.4      29.75       9.80
6:10pm            267          0          6         35       53.2      29.74       9.80
6:15pm            204          1          7         36       52.8      29.74       9.80
6:20pm            274          1          7         37       52.5      29.74       9.80
6:25pm            249          0          7         38       52.3      29.74       9.80
6:30pm            283          9         11         39       52.6      29.74       9.80
6:35pm            207          6         11         38       52.8      29.74       9.80
6:40pm            254          6         14         37       52.5      29.74       9.80
6:45pm            233          2         14         39       52.1      29.74       9.80
6:50pm            242          5         14         39       51.9      29.74       9.80
6:55pm            259          2         14         39       51.9      29.74       9.80
7:00pm            276          2         14         39       51.8      29.74       9.80
7:05pm            252          2          6         39       51.7      29.74       9.80
7:10pm            265          2         10         39       51.6      29.74       9.80
7:15pm            267          1         10         41       51.4      29.74       9.80
7:20pm            245          1         10         41       51.2      29.74       9.80
7:25pm            301          0         10         41       51.0      29.74       9.80
7:30pm            252          2         10         41       50.6      29.74       9.80
7:35pm            295          7          7         41       50.2      29.74       9.80
7:40pm            259          0          7         41       50.0      29.74       9.80
7:45pm            257          1          7         43       49.5      29.74       9.80
7:50pm            271          2          7         43       49.1      29.74       9.80
7:55pm            253          1          7         44       48.7      29.74       9.80
8:00pm            267          1          7         43       48.4      29.74       9.80
8:05pm            269          0          2         44       48.1      29.75       9.80
8:10pm            112          0          2         46       47.5      29.75       9.80
8:15pm            221          1          2         44       47.2      29.76       9.80
8:20pm            222          0          2         47       47.0      29.76       9.80
8:25pm             92          0          2         45       46.5      29.77       9.80
8:30pm            219          0          2         43       46.3      29.77       9.80
8:35pm            164          0          2         40       46.3      29.77       9.80
8:40pm            116          0          4         38       46.2      29.78       9.80
8:45pm            100          0          4         37       46.1      29.78       9.80
8:50pm            110          0          4         38       45.9      29.79       9.80
8:55pm            105          0          4         36       45.6      29.79       9.80
9:00pm            108          0          4         36       45.4      29.79       9.80
9:05pm            237          0          4         35       45.1      29.80       9.80
9:10pm            349          0          4         35       45.0      29.80       9.80
9:15pm             31          0          5         34       44.9      29.81       9.80
9:20pm            108          0          7         34       44.9      29.81       9.80
9:25pm             43          2          7         35       44.6      29.82       9.80
9:30pm            268          4          7         33       44.4      29.81       9.80
9:35pm             44          1          5         34       44.1      29.82       9.80
9:40pm            101          0          5         35       43.9      29.82       9.80
9:45pm             41          0          5         33       43.7      29.82       9.80
9:50pm              7          0          5         34       43.5      29.82       9.80
9:55pm            218          1         10         34       43.2      29.83       9.80
10:00pm           115          0         10         33       42.9      29.83       9.80
10:05pm            49          1          2         35       42.5      29.83       9.80
10:10pm            86          0          5         35       42.1      29.84       9.80
10:15pm            84          0          5         35       41.7      29.84       9.80
10:20pm            27          0          6         36       41.4      29.84       9.80
10:25pm           212          0          6         36       41.0      29.85       9.80
10:30pm           359          0          6         37       40.6      29.84       9.80
10:35pm            60          0          1         38       40.2      29.85       9.80
10:40pm            60          0          1         38       39.8      29.85       9.80
10:45pm            41          1          5         38       39.5      29.85       9.80
10:50pm           109          0          5         39       39.2      29.85       9.80
10:55pm           335          0          5         40       38.9      29.85       9.80
11:00pm           354          0          5         40       38.5      29.86       9.80
11:05pm            83          0          2         39       38.4      29.86       9.80
11:10pm           144          0          2         40       38.2      29.86       9.80
11:15pm           164          0          2         40       37.9      29.86       9.80
11:20pm            77          0          2         41       37.6      29.86       9.80
11:25pm           209          0          2         41       37.4      29.86       9.80
11:30pm            72          0          2         41       37.2      29.86       9.80
11:35pm            86          0          4         42       37.1      29.86       9.80
11:40pm           215          0          4         41       36.8      29.86       9.80
11:45pm            13          0          4         42       36.6      29.86       9.80
11:50pm           226          0          4         43       36.4      29.86       9.80
11:55pm           104          0          4         44       36.1      29.86       9.80
