4/13/16
Time         Wind Dir   Wind Spd  Wind Gust   Humidity       Temp  Raw Barom   Tot Rain
                    °        mph        mph          %         °F         in         in
12:00am           249          0          5         77       33.0      30.18       9.33
12:05am           348          0          1         78       32.9      30.18       9.33
12:10am             5          0          1         78       33.0      30.18       9.33
12:15am             6          0          1         78       33.0      30.18       9.33
12:20am            34          0          1         78       33.0      30.18       9.33
12:25am            34          0          1         77       33.1      30.19       9.33
12:30am            23          0          1         77       33.3      30.19       9.33
12:35am           278          0          1         79       32.8      30.19       9.33
12:40am           283          1          1         80       32.3      30.19       9.33
12:45am           283          0          1         81       31.6      30.19       9.33
12:50am           283          0          1         82       31.2      30.19       9.33
12:55am           283          0          1         83       31.0      30.19       9.33
1:00am            231          0          1         84       30.7      30.20       9.33
1:05am            222          0          1         85       30.3      30.20       9.33
1:10am            262          0          1         86       30.0      30.20       9.33
1:15am            262          0          1         86       29.8      30.20       9.33
1:20am            237          0          1         87       29.7      30.21       9.33
1:25am            223          0          1         87       29.6      30.21       9.33
1:30am            295          1          2         87       29.7      30.21       9.33
1:35am            238          1          3         87       29.7      30.21       9.33
1:40am            228          0          3         87       29.6      30.21       9.33
1:45am            227          0          3         87       29.4      30.21       9.33
1:50am            228          0          3         88       29.3      30.21       9.33
1:55am            228          0          3         88       29.4      30.22       9.33
2:00am            228          0          3         87       29.3      30.21       9.33
2:05am            228          0          1         87       29.4      30.21       9.33
2:10am            228          0          1         87       29.5      30.21       9.33
2:15am            227          0          1         87       29.5      30.21       9.33
2:20am            228          0          1         87       29.5      30.22       9.33
2:25am            228          0          1         87       29.8      30.22       9.33
2:30am            228          0          1         86       30.5      30.22       9.33
2:35am            228          0          1         86       30.8      30.22       9.33
2:40am            228          0          1         86       30.8      30.22       9.33
2:45am            228          1          1         86       31.0      30.22       9.33
2:50am            278          0          1         86       31.2      30.23       9.33
2:55am            247          0          1         86       31.0      30.23       9.33
3:00am            247          0          1         87       30.9      30.23       9.33
3:05am            247          0          0         87       30.9      30.24       9.33
3:10am            247          0          0         87       31.1      30.24       9.33
3:15am            247          0          0         86       31.3      30.24       9.33
3:20am            226          0          1         84       31.9      30.25       9.33
3:25am            141          0          1         83       32.3      30.25       9.33
3:30am             24          0          3         81       33.1      30.24       9.33
3:35am            270          1          2         80       33.3      30.25       9.33
3:40am            264          0          2         79       33.3      30.25       9.33
3:45am            278          1          3         79       33.2      30.25       9.33
3:50am            266          1          3         78       33.3      30.25       9.33
3:55am             18          0          3         78       33.2      30.26       9.33
4:00am             20          0          3         78       33.1      30.25       9.33
4:05am             22          0          1         78       33.1      30.25       9.33
4:10am            258          0          2         78       32.8      30.25       9.33
4:15am            258          0          2         79       32.6      30.25       9.33
4:20am             41          0          2         79       32.3      30.25       9.33
4:25am            266          0          2         79       32.2      30.26       9.33
4:30am             24          0          2         79       32.0      30.26       9.33
4:35am            302          0          1         79       32.1      30.26       9.33
4:40am            290          0          1         79       32.1      30.26       9.33
4:45am              2          0          2         78       32.1      30.26       9.33
4:50am              2          0          2         77       32.1      30.26       9.33
4:55am            275          0          2         79       31.9      30.27       9.33
5:00am            275          0          2         80       31.5      30.27       9.33
5:05am            150          0          0         81       31.1      30.27       9.33
5:10am            217          0          0         82       30.8      30.28       9.33
5:15am            217          0          0         83       30.4      30.28       9.33
5:20am            217          0          0         83       30.1      30.28       9.33
5:25am            250          0          1         84       29.9      30.28       9.33
5:30am            240          0          1         84       29.6      30.28       9.33
5:35am            302          0          3         84       29.4      30.28       9.33
5:40am            277          0          4         84       29.6      30.29       9.33
5:45am            115          2          4         82       29.8      30.29       9.33
5:50am            250          0          4         80       30.2      30.29       9.33
5:55am            102          0          4         78       30.4      30.30       9.33
6:00am            218          0          4         77       30.5      30.30       9.33
6:05am            129          0          1         75       30.7      30.30       9.33
6:10am            345          1          1         74       30.7      30.31       9.33
6:15am            304          0          1         74       30.8      30.31       9.33
6:20am             46          1          5         74       30.8      30.31       9.33
6:25am            271          0          5         74       30.7      30.32       9.33
6:30am            266          0          5         74       30.6      30.31       9.33
6:35am            250          0          1         75       30.3      30.32       9.33
6:40am            278          0          3         75       30.4      30.32       9.33
6:45am             29          0          3         74       30.6      30.32       9.33
6:50am             30          0          4         74       30.6      30.33       9.33
6:55am            113          0          4         74       30.8      30.33       9.33
7:00am            201          0          4         73       31.6      30.33       9.33
7:05am            283          0          3         70       32.1      30.33       9.33
7:10am            101          4          8         68       32.5      30.34       9.33
7:15am            257          0          8         68       33.1      30.34       9.33
7:20am            148          0          8         65       33.4      30.34       9.33
7:25am            217          1          8         65       33.8      30.34       9.33
7:30am            186          0          8         65       34.3      30.34       9.33
7:35am             66          0          4         63       34.7      30.34       9.33
7:40am            312          1          5         62       34.7      30.35       9.33
7:45am             89          0          9         62       34.7      30.35       9.33
7:50am            102          1          9         62       35.2      30.35       9.33
7:55am            295          2          9         61       35.4      30.35       9.33
8:00am             60          1          9         61       35.3      30.35       9.33
8:05am            134          1          4         61       35.5      30.35       9.33
8:10am            280          5          5         60       35.7      30.35       9.33
8:15am            255          0          6         61       35.7      30.35       9.33
8:20am            332          1          7         62       35.8      30.35       9.33
8:25am            274          3          7         60       36.4      30.35       9.33
8:30am             49          0         11         60       36.4      30.35       9.33
8:35am             54          0          9         58       36.3      30.35       9.33
8:40am            241          1          9         59       36.6      30.35       9.33
8:45am            280          5          9         58       36.7      30.36       9.33
8:50am             46          1         11         57       36.6      30.36       9.33
8:55am            343          1         11         59       36.9      30.36       9.33
9:00am            120          4         11         58       37.2      30.36       9.33
9:05am            335          0          9         57       37.4      30.36       9.33
9:10am            109          7          9         59       37.5      30.37       9.33
9:15am            307          2          9         57       37.4      30.37       9.33
9:20am             15          1          9         57       37.4      30.37       9.33
9:25am            249          0          9         58       37.6      30.37       9.33
9:30am            232          1          9         57       38.0      30.37       9.33
9:35am            231          0          6         55       38.0      30.37       9.33
9:40am            154          1          8         56       38.2      30.37       9.33
9:45am            243          0          8         55       38.1      30.37       9.33
9:50am            255          5          8         57       38.5      30.37       9.33
9:55am            283          3          8         55       38.3      30.37       9.33
10:00am           270          4          8         58       38.1      30.37       9.33
10:05am           338          1          7         55       38.1      30.37       9.33
10:10am            70          1          7         56       38.7      30.37       9.33
10:15am            77          1          7         56       39.5      30.37       9.33
10:20am           172          2          8         52       39.9      30.37       9.33
10:25am            73          0          8         53       39.7      30.36       9.33
10:30am           113          1          8         52       39.7      30.36       9.33
10:35am            16          1          8         52       40.0      30.36       9.33
10:40am            51          4         10         51       39.9      30.36       9.33
10:45am            91          4         10         50       39.6      30.36       9.33
10:50am           219          1         10         51       39.9      30.36       9.33
10:55am            89          7         10         50       40.4      30.36       9.33
10:59am            40          5         11         48       40.5      30.36       9.33
11:05am           151          4          6         47       40.7      30.36       9.33
11:10am            62          3          7         46       40.8      30.36       9.33
11:15am            61          1          7         46       41.1      30.36       9.33
11:20am           235          0          7         47       41.3      30.35       9.33
11:25am           258          3          8         45       41.6      30.36       9.33
11:30am            96          3          8         47       42.2      30.35       9.33
11:35am           234          2         11         43       42.2      30.35       9.33
11:40am           224          1         11         41       42.5      30.35       9.33
11:45am            97          6         11         43       42.1      30.35       9.33
11:50am           285          1         11         46       42.1      30.35       9.33
11:55am           241          2         11         40       42.5      30.35       9.33
12:00pm            40          1         11         44       42.6      30.35       9.33
12:05pm           264          0          4         44       43.0      30.34       9.33
12:10pm            46          2          7         42       43.6      30.34       9.33
12:15pm            51          4          7         44       43.3      30.34       9.33
12:20pm           136          3          8         46       43.2      30.34       9.33
12:25pm            76          2          8         42       44.0      30.34       9.33
12:30pm            71          4          8         42       44.0      30.33       9.33
12:35pm           103          4          5         44       43.4      30.33       9.33
12:40pm           235          1         13         45       43.6      30.33       9.33
12:45pm           171          1         13         42       43.9      30.33       9.33
12:50pm           110          2         13         42       44.1      30.32       9.33
12:55pm            77          1         13         41       43.9      30.32       9.33
1:00pm             94          8         13         42       44.0      30.31       9.33
1:05pm             96          7         10         40       44.3      30.31       9.33
1:10pm             74          5         10         41       44.1      30.31       9.33
1:15pm            100          7         10         42       44.0      30.31       9.33
1:20pm            139          1         10         42       44.6      30.31       9.33
1:25pm            192          2         10         42       45.5      30.31       9.33
1:30pm            109          7         10         40       45.4      30.31       9.33
1:35pm             69          5         18         38       45.1      30.31       9.33
1:40pm            252          0         18         44       45.2      30.31       9.33
1:45pm             53          0         18         38       45.8      30.31       9.33
1:50pm             53          5         18         38       46.4      30.31       9.33
1:55pm             25          3         18         40       45.5      30.31       9.33
2:00pm            124          1         18         41       46.1      30.30       9.33
2:05pm            105          4          6         40       46.4      30.31       9.33
2:10pm             83          4          8         38       46.0      30.30       9.33
2:15pm            330          3         10         38       45.7      30.30       9.33
2:20pm             70          3         10         40       46.0      30.30       9.33
2:25pm            124          3         10         40       46.1      30.30       9.33
2:30pm             88          1         10         38       46.5      30.30       9.33
2:35pm            103          6         10         39       46.7      30.29       9.33
2:40pm             98          0         10         39       46.8      30.30       9.33
2:45pm            269          5         10         35       47.8      30.29       9.33
2:50pm            321          2         10         37       47.8      30.29       9.33
2:55pm            138          2         10         38       48.4      30.29       9.33
3:00pm             50          2         10         36       48.7      30.29       9.33
3:05pm            273          7          7         35       48.7      30.29       9.33
3:10pm            195          0          9         36       48.5      30.28       9.33
3:15pm            118          1          9         34       48.3      30.28       9.33
3:20pm            266          0          9         35       48.4      30.28       9.33
3:25pm            112          2          9         34       48.7      30.28       9.33
3:30pm            268          3          9         34       48.6      30.27       9.33
3:35pm            164          0          6         35       48.8      30.27       9.33
3:40pm            109          4          6         35       48.9      30.27       9.33
3:45pm             96          4         14         36       47.9      30.27       9.33
3:50pm            137          0         14         36       47.6      30.27       9.33
3:54pm            129          5         14         34       47.8      30.27       9.33
4:00pm             18          4         14         34       47.6      30.27       9.33
4:05pm             96          4          7         35       48.2      30.27       9.33
4:10pm            102          4          8         34       47.9      30.26       9.33
4:15pm            114          5         11         33       47.4      30.26       9.33
4:20pm             75          4         12         37       47.1      30.26       9.33
4:25pm            108          4         12         35       47.2      30.26       9.33
4:30pm            130          1         12         35       47.3      30.26       9.33
4:35pm             92          7          7         34       47.5      30.26       9.33
4:40pm            134          3          9         34       47.6      30.26       9.33
4:45pm             81          3          9         35       47.6      30.26       9.33
4:50pm             74          0          9         35       47.8      30.27       9.33
4:55pm            239          0          9         33       48.4      30.26       9.33
5:00pm            109          1          9         34       48.8      30.27       9.33
5:05pm             77          2          5         33       48.7      30.26       9.33
5:10pm             86          2          5         33       48.9      30.27       9.33
5:15pm            165          0          5         33       48.7      30.26       9.33
5:20pm             99          4          5         33       48.4      30.26       9.33
5:25pm            167          1          5         34       48.3      30.27       9.33
5:30pm            124          3         10         34       47.8      30.27       9.33
5:35pm             79          4          7         36       47.4      30.26       9.33
5:40pm            102          3          7         35       47.2      30.27       9.33
5:45pm            128          0          8         35       47.1      30.27       9.33
5:50pm             69          3          8         36       47.1      30.27       9.33
5:55pm            101          4          8         36       46.9      30.27       9.33
6:00pm            105          0          8         34       46.7      30.28       9.33
6:05pm             62          4          4         34       46.6      30.28       9.33
6:10pm             96          5          8         37       46.3      30.28       9.33
6:15pm             97          1          8         37       45.9      30.28       9.33
6:20pm            127          2          8         37       45.7      30.28       9.33
6:25pm             41          0          8         37       45.5      30.28       9.33
6:30pm             81          1          8         39       45.4      30.29       9.33
6:35pm            340          0          3         38       45.2      30.29       9.33
6:40pm             68          0          3         39       45.1      30.29       9.33
6:45pm            207          0          3         37       45.0      30.29       9.33
6:50pm            350          0          3         38       44.9      30.29       9.33
6:55pm            202          0          3         39       44.7      30.29       9.33
7:00pm             31          0          3         39       44.5      30.29       9.33
7:05pm             29          0          0         40       44.3      30.29       9.33
7:10pm             29          0          1         41       44.1      30.30       9.33
7:15pm             89          1          3         41       43.8      30.30       9.33
7:20pm            146          0          3         42       43.7      30.30       9.33
7:25pm             83          0          3         42       43.6      30.30       9.33
7:30pm             83          0          3         42       43.4      30.30       9.33
7:35pm            360          0          3         43       43.2      30.30       9.33
7:40pm             33          0          3         43       43.1      30.30       9.33
7:45pm            244          0          3         43       42.9      30.31       9.33
7:50pm              5          0          3         43       42.7      30.31       9.33
7:55pm            293          0          3         44       42.6      30.31       9.33
8:00pm            231          0          3         45       42.3      30.31       9.33
8:05pm            231          0          1         44       42.1      30.31       9.33
8:10pm            293          0          1         46       41.9      30.31       9.33
8:15pm            293          1          1         49       41.7      30.32       9.33
8:20pm            283          0          1         50       41.4      30.32       9.33
8:25pm            283          0          1         50       41.1      30.32       9.33
8:30pm            274          1          1         50       40.7      30.32       9.33
8:35pm            270          0          2         52       40.4      30.32       9.33
8:40pm            295          0          2         49       40.4      30.32       9.33
8:45pm            264          0          2         53       40.4      30.32       9.33
8:50pm            268          0          2         53       40.2      30.32       9.33
8:55pm            288          0          2         53       39.9      30.32       9.33
9:00pm            288          0          2         55       39.6      30.32       9.33
9:05pm            173          1          1         50       39.6      30.32       9.33
9:10pm            195          0          1         49       39.6      30.32       9.33
9:15pm            235          0          1         50       39.6      30.32       9.33
9:20pm            281          0          1         49       39.7      30.32       9.33
9:25pm            283          0          1         49       39.7      30.32       9.33
9:30pm            277          0          2         50       39.6      30.32       9.33
9:35pm            290          1          1         49       39.6      30.31       9.33
9:39pm            120          0          1         49       39.5      30.31       9.33
9:45pm            120          0          1         49       39.1      30.31       9.33
9:50pm             43          0          2         49       39.1      30.31       9.33
9:55pm            293          1          2         52       39.0      30.31       9.33
10:00pm           282          0          2         56       38.8      30.31       9.33
10:05pm           282          0          1         57       38.3      30.31       9.33
10:10pm           283          0          1         57       37.7      30.31       9.33
10:15pm           283          0          1         57       37.2      30.31       9.33
10:20pm           283          0          1         58       36.8      30.31       9.33
10:25pm           282          0          1         58       36.4      30.31       9.33
10:30pm           242          0          1         59       36.0      30.31       9.33
10:35pm           242          0          0         60       35.9      30.31       9.33
10:40pm           242          0          0         61       35.7      30.31       9.33
10:45pm           287          1          1         62       35.6      30.31       9.33
10:50pm           282          1          1         63       35.7      30.31       9.33
10:55pm           276          0          2         65       35.8      30.31       9.33
11:00pm            59          0          2         59       35.6      30.31       9.33
11:05pm           276          0          1         58       35.9      30.31       9.33
11:10pm           269          0          1         56       36.3      30.31       9.33
11:15pm           123          1          1         54       36.4      30.31       9.33
11:20pm           167          0          1         55       36.5      30.31       9.33
11:25pm           167          0          1         56       36.3      30.31       9.33
11:30pm           167          0          1         59       36.2      30.31       9.33
11:35pm           218          0          1         58       36.3      30.31       9.33
11:40pm           357          0          1         58       36.4      30.31       9.33
11:45pm           357          0          1         59       36.3      30.31       9.33
11:50pm           357          0          1         61       36.0      30.31       9.33
11:55pm           357          0          1         60       35.7      30.31       9.33
