4/16/16
Time         Wind Dir   Wind Spd  Wind Gust   Humidity       Temp  Raw Barom   Tot Rain
                    °        mph        mph          %         °F         in         in
12:00am           210          0          1         62       37.1      30.41       9.33
12:05am           210          0          0         66       36.8      30.41       9.33
12:10am           210          0          0         67       36.6      30.41       9.33
12:15am           210          0          0         68       36.7      30.41       9.33
12:20am           210          0          0         67       36.5      30.42       9.33
12:25am           210          0          0         67       36.3      30.41       9.33
12:30am           165          0          0         72       36.2      30.41       9.33
12:35am           162          0          0         75       36.4      30.42       9.33
12:40am           160          0          0         77       36.3      30.42       9.33
12:45am           160          0          0         76       36.1      30.42       9.33
12:50am           160          0          0         76       35.7      30.42       9.33
12:55am           160          0          0         76       35.5      30.43       9.33
1:00am            160          0          0         76       35.3      30.43       9.33
1:05am            160          0          0         76       34.9      30.43       9.33
1:10am            160          0          0         76       34.4      30.43       9.33
1:15am            160          0          0         78       34.3      30.43       9.33
1:20am            129          0          1         80       34.5      30.42       9.33
1:25am            129          0          1         77       34.5      30.42       9.33
1:30am            107          0          1         78       34.7      30.42       9.33
1:35am             82          0          2         81       35.0      30.42       9.33
1:40am             96          0          2         81       35.0      30.42       9.33
1:45am             94          0          2         81       35.0      30.42       9.33
1:50am             94          0          2         81       34.8      30.42       9.33
1:55am             94          0          2         81       34.5      30.41       9.33
2:00am            105          0          2         82       34.7      30.41       9.33
2:05am             86          0          1         82       34.8      30.41       9.33
2:10am            108          0          1         81       34.7      30.42       9.33
2:15am            134          0          2         80       34.7      30.41       9.33
2:20am            123          0          2         80       34.5      30.42       9.33
2:25am            146          0          2         79       34.2      30.42       9.33
2:30am            148          0          2         80       33.9      30.42       9.33
2:35am            268          0          1         81       33.5      30.42       9.33
2:40am            268          0          1         81       33.3      30.42       9.33
2:45am            268          0          1         80       32.8      30.43       9.33
2:50am            268          0          1         81       32.3      30.43       9.33
2:55am            268          0          1         81       32.0      30.43       9.33
3:00am            268          0          1         81       31.8      30.43       9.33
3:05am            268          0          1         81       31.7      30.43       9.33
3:10am            268          0          1         80       31.3      30.43       9.33
3:15am            268          0          1         82       31.1      30.43       9.33
3:20am            268          0          1         82       30.6      30.43       9.33
3:25am            268          0          1         81       30.4      30.42       9.33
3:30am            268          0          1         81       30.2      30.42       9.33
3:35am            268          0          0         81       30.0      30.42       9.33
3:40am            268          0          0         83       30.1      30.42       9.33
3:45am            268          0          1         83       30.1      30.42       9.33
3:50am            268          0          1         83       30.1      30.42       9.33
3:55am            268          0          1         83       30.0      30.42       9.33
4:00am            268          0          1         83       30.0      30.43       9.33
4:05am            268          0          0         83       29.9      30.43       9.33
4:10am            268          0          1         84       29.7      30.43       9.33
4:15am            268          0          1         84       29.6      30.43       9.33
4:20am            260          0          1         84       29.4      30.43       9.33
4:25am            260          0          1         82       29.2      30.43       9.33
4:30am             63          0          1         81       29.1      30.43       9.33
4:35am             63          0          1         80       29.2      30.43       9.33
4:40am             63          0          1         80       29.3      30.43       9.33
4:45am             63          0          1         78       29.1      30.43       9.33
4:50am             41          0          1         78       29.1      30.43       9.33
4:55am            250          0          1         79       29.1      30.43       9.33
5:00am            250          0          1         79       29.0      30.43       9.33
5:05am            250          0          0         79       28.9      30.43       9.33
5:10am            250          0          0         79       28.7      30.43       9.33
5:15am            250          0          0         80       28.5      30.43       9.33
5:20am            250          0          1         81       28.4      30.43       9.33
5:25am            250          0          1         83       28.5      30.43       9.33
5:30am            250          0          1         83       28.3      30.43       9.33
5:35am            250          0          1         84       28.2      30.43       9.33
5:40am            250          0          1         85       28.2      30.43       9.33
5:45am            250          0          1         85       28.1      30.43       9.33
5:50am            250          0          1         85       28.1      30.43       9.33
5:55am            269          0          1         85       28.0      30.44       9.33
6:00am            269          0          1         86       27.9      30.44       9.33
6:05am            269          0          1         86       27.8      30.44       9.33
6:10am            269          0          1         86       27.7      30.44       9.33
6:15am            269          0          1         86       27.6      30.44       9.33
6:20am            269          0          1         86       27.7      30.45       9.33
6:25am            269          0          1         86       27.7      30.45       9.33
6:30am            272          0          1         87       27.8      30.45       9.33
6:35am            277          0          1         86       27.7      30.45       9.33
6:40am            277          0          1         85       27.7      30.46       9.33
6:45am            277          0          1         84       27.9      30.46       9.33
6:50am            277          0          1         84       28.5      30.46       9.33
6:55am            277          0          1         83       29.2      30.46       9.33
7:00am            276          0          1         83       29.9      30.47       9.33
7:05am            276          0          1         82       30.7      30.47       9.33
7:10am            276          0          1         79       31.3      30.47       9.33
7:15am            276          0          1         80       31.3      30.47       9.33
7:20am            276          0          1         78       31.3      30.47       9.33
7:25am            276          0          1         75       31.8      30.47       9.33
7:30am            273          0          1         74       32.5      30.48       9.33
7:35am            278          1          1         74       33.1      30.48       9.33
7:40am            276          1          1         75       33.3      30.48       9.33
7:44am            278          0          2         71       33.6      30.48       9.33
7:50am            206          0          2         71       34.6      30.48       9.33
7:55am            110          0          2         67       36.4      30.48       9.33
8:00am             90          2          3         58       37.9      30.48       9.33
8:04am             79          4          9         51       39.5      30.48       9.33
8:10am             97          3          9         48       40.7      30.47       9.33
8:15am             91          4         11         39       41.5      30.47       9.33
8:20am            128          4         11         40       42.1      30.48       9.33
8:25am             83          8         12         37       42.2      30.47       9.33
8:30am             83          7         12         36       42.4      30.47       9.33
8:35am             84         10         12         36       42.7      30.47       9.33
8:40am             96          4         12         37       42.9      30.47       9.33
8:45am            110          6         12         34       42.9      30.47       9.33
8:50am             71          3         12         35       43.3      30.48       9.33
8:55am             72          9         12         33       43.5      30.47       9.33
9:00am             68          6         13         34       43.7      30.47       9.33
9:04am            100          7         11         34       43.8      30.47       9.33
9:10am             59          7         13         33       43.8      30.47       9.33
9:15am             84          4         13         35       44.2      30.47       9.33
9:20am             83          7         14         33       44.2      30.47       9.33
9:25am             74          5         14         32       44.2      30.47       9.33
9:30am             82          4         14         33       44.4      30.47       9.33
9:35am             93          6         12         34       44.6      30.47       9.33
9:40am             94          6         12         35       44.7      30.47       9.33
9:45am             91          5         12         33       44.8      30.47       9.33
9:50am            105          9         12         31       44.9      30.47       9.33
9:55am             87          6         12         34       45.2      30.47       9.33
10:00am            77          5         12         32       45.5      30.47       9.33
10:04am            79          7         11         33       45.8      30.47       9.33
10:10am            71          7         11         29       46.1      30.47       9.33
10:15am            87          5         12         31       46.2      30.47       9.33
10:20am            64         10         12         32       46.5      30.47       9.33
10:25am            65          6         12         29       46.8      30.47       9.33
10:30am            70          8         12         28       47.2      30.47       9.33
10:35am            75          5         12         28       47.1      30.47       9.33
10:40am           103          4         12         28       47.1      30.46       9.33
10:45am           101          7         14         29       47.5      30.46       9.33
10:50am            87          7         15         25       47.7      30.46       9.33
10:55am            82          8         15         24       47.6      30.46       9.33
11:00am            65          7         15         24       47.8      30.46       9.33
11:05am            68         10         12         25       47.9      30.46       9.33
11:10am           129          6         12         25       48.2      30.46       9.33
11:15am           102          3         12         25       48.6      30.46       9.33
11:20am            70          5         12         24       48.9      30.46       9.33
11:25am            95          6         12         26       49.0      30.46       9.33
11:30am            72          4         12         24       49.1      30.46       9.33
11:35am            94          7          9         25       49.5      30.46       9.33
11:40am            72          8         10         25       49.9      30.45       9.33
11:45am            96         10         12         25       50.1      30.45       9.33
11:50am            73          4         12         28       50.3      30.45       9.33
11:55am            76          4         13         23       50.8      30.45       9.33
12:00pm            80          7         13         24       50.9      30.45       9.33
12:05pm            68          0          9         22       51.2      30.45       9.33
12:10pm            94          7         11         24       51.3      30.45       9.33
12:15pm            93          6         11         24       51.3      30.45       9.33
12:20pm            96          5         11         23       51.3      30.45       9.33
12:25pm           123          7         11         24       51.7      30.44       9.33
12:30pm            76          7         11         21       51.8      30.45       9.33
12:35pm            98          8         12         21       52.2      30.45       9.33
12:40pm            63          6         12         20       52.4      30.44       9.33
12:45pm            84          6         12         20       52.5      30.44       9.33
12:50pm            98          1         12         20       52.6      30.44       9.33
12:55pm            71          5         12         21       53.1      30.44       9.33
1:00pm             61          3         12         22       53.3      30.44       9.33
1:05pm             75          3          8         19       53.5      30.43       9.33
1:10pm            114         14         15         18       53.7      30.43       9.33
1:15pm             82         10         15         18       53.5      30.43       9.33
1:20pm             80          7         18         17       53.6      30.43       9.33
1:25pm             65          8         18         15       53.5      30.43       9.33
1:30pm             90         11         18         17       53.7      30.43       9.33
1:35pm             65         17         17         19       53.8      30.43       9.33
1:40pm             89          8         18         16       53.8      30.43       9.33
1:45pm             68          9         18         18       54.2      30.43       9.33
1:50pm             84          9         18         16       54.4      30.43       9.33
1:55pm             76         14         18         20       54.7      30.43       9.33
2:00pm             84          5         18         20       55.0      30.42       9.33
2:05pm            110          3         14         21       55.4      30.42       9.33
2:10pm             71          4         14         18       55.9      30.42       9.33
2:15pm             85          4         14         17       55.6      30.42       9.33
2:20pm             75          3         14         17       55.6      30.42       9.33
2:25pm             84          5         14         19       55.9      30.42       9.33
2:30pm             82          7         14         19       56.2      30.42       9.33
2:35pm             55          6         10         17       56.3      30.41       9.33
2:40pm             88          6         10         17       56.5      30.41       9.33
2:45pm             86          6         10         18       56.5      30.41       9.33
2:50pm            117          1         10         18       56.8      30.41       9.33
2:55pm            108          5         10         18       57.0      30.41       9.33
3:00pm            105          4         10         18       57.2      30.41       9.33
3:05pm             53          2          8         19       57.2      30.41       9.33
3:10pm             89          4          8         18       57.6      30.40       9.33
3:15pm             87          5          9         17       57.4      30.40       9.33
3:20pm            109          3          9         18       57.4      30.40       9.33
3:25pm             96          1          9         21       58.1      30.40       9.33
3:30pm             86          4          9         18       58.4      30.40       9.33
3:35pm            118          4          9         17       58.1      30.40       9.33
3:40pm            141          3          9         18       58.2      30.40       9.33
3:45pm             65          3          9         18       58.7      30.39       9.33
3:50pm            195          1          9         17       59.1      30.40       9.33
3:55pm            117          4          9         19       59.1      30.39       9.33
4:00pm            132          2          9         21       59.1      30.39       9.33
4:05pm            175          1          6         17       58.9      30.39       9.33
4:10pm            209          1          6         18       58.9      30.39       9.33
4:15pm             82          5          6         18       59.4      30.39       9.33
4:20pm             84          2          6         17       59.2      30.39       9.33
4:25pm            134          0         11         18       59.4      30.39       9.33
4:30pm            113          2         11         17       59.5      30.39       9.33
4:35pm             95          3          8         19       59.5      30.39       9.33
4:40pm             59          2          8         19       59.4      30.38       9.33
4:45pm             91          2          8         19       59.5      30.38       9.33
4:50pm             91          4          8         18       59.4      30.38       9.33
4:55pm            107          7         10         22       59.2      30.38       9.33
5:00pm             91          3         10         21       59.1      30.38       9.33
5:05pm             90          5          7         19       59.2      30.38       9.33
5:10pm            138          4          7         18       59.2      30.38       9.33
5:15pm             78          2          7         18       59.2      30.38       9.33
5:20pm             96          3          7         18       59.6      30.38       9.33
5:25pm             99          3          7         19       59.6      30.38       9.33
5:30pm            141          1          7         18       59.5      30.38       9.33
5:35pm            138          4          5         19       59.5      30.38       9.33
5:40pm            158          2          5         17       59.4      30.38       9.33
5:45pm            124          2          6         19       59.3      30.38       9.33
5:50pm            126          4          6         18       58.6      30.38       9.33
5:55pm            147          1          6         20       58.5      30.38       9.33
6:00pm            242          1          6         19       58.3      30.38       9.33
6:05pm            214          1          3         19       58.4      30.38       9.33
6:10pm            110          3          6         20       58.2      30.38       9.33
6:15pm             80          0          6         20       57.9      30.38       9.33
6:20pm            155          1          6         21       57.7      30.38       9.33
6:25pm            255          1          6         20       57.5      30.38       9.33
6:30pm            191          1          6         20       57.4      30.38       9.33
6:35pm            112          0          5         21       57.0      30.38       9.33
6:40pm             91          3          5         21       56.8      30.38       9.33
6:45pm             94          3          5         21       56.5      30.38       9.33
6:50pm             96          0          5         24       56.2      30.38       9.33
6:55pm             61          0          5         23       55.8      30.38       9.33
7:00pm            121          0          5         23       55.5      30.38       9.33
7:05pm            102          0          4         24       55.4      30.38       9.33
7:10pm            131          0          4         23       55.2      30.38       9.33
7:15pm            153          0          4         24       54.9      30.38       9.33
7:20pm            122          0          4         24       54.7      30.38       9.33
7:25pm            121          0          4         31       53.9      30.38       9.33
7:30pm            120          1          4         34       52.9      30.39       9.33
7:35pm            123          1          2         33       52.0      30.39       9.33
7:40pm            103          0          2         34       50.9      30.39       9.33
7:45pm            103          0          2         34       50.5      30.39       9.33
7:50pm            105          0          2         35       49.8      30.39       9.33
7:55pm            105          1          2         34       49.2      30.39       9.33
8:00pm            101          0          2         40       48.6      30.39       9.33
8:05pm             78          1          2         52       47.7      30.39       9.33
8:10pm             93          0          2         40       47.3      30.39       9.33
8:15pm             90          1          2         37       47.3      30.39       9.33
8:20pm             93          0          2         49       47.1      30.40       9.33
8:25pm             98          1          2         55       46.4      30.40       9.33
8:30pm             98          1          2         50       46.0      30.40       9.33
8:35pm             86          0          1         43       46.2      30.40       9.33
8:40pm             94          0          1         52       45.9      30.40       9.33
8:45pm             94          0          1         62       45.3      30.40       9.33
8:50pm             92          0          1         61       44.7      30.40       9.33
8:55pm             92          0          1         59       44.2      30.40       9.33
9:00pm            103          1          1         66       43.9      30.40       9.33
9:05pm             84          1          2         59       43.6      30.40       9.33
9:10pm             99          2          3         63       43.9      30.40       9.33
9:15pm            100          0          3         59       43.9      30.40       9.33
9:20pm             79          1          4         50       44.7      30.40       9.33
9:25pm            103          0          4         50       44.7      30.41       9.33
9:30pm             94          0          4         50       44.5      30.41       9.33
9:35pm            102          1          2         50       44.2      30.41       9.33
9:40pm            113          0          2         51       43.9      30.41       9.33
9:45pm             93          0          2         53       43.7      30.41       9.33
9:50pm            105          0          2         55       43.4      30.41       9.33
9:55pm            120          0          2         60       43.1      30.41       9.33
10:00pm            96          0          2         59       42.9      30.40       9.33
10:05pm            92          1          1         58       42.7      30.40       9.33
10:10pm           134          0          2         62       42.5      30.41       9.33
10:15pm           122          0          2         60       42.4      30.40       9.33
10:20pm            56          3          3         60       42.2      30.41       9.33
10:25pm            99          4          5         45       43.5      30.41       9.33
10:30pm            82          4          5         56       43.0      30.40       9.33
10:35pm            85          4          5         47       43.5      30.40       9.33
10:40pm            86          2          5         55       43.8      30.41       9.33
10:45pm            84          1          5         53       43.1      30.41       9.33
10:50pm           166          0          5         58       42.7      30.41       9.33
10:55pm           116          0          5         63       42.1      30.41       9.33
11:00pm           116          0          5         63       41.4      30.41       9.33
11:05pm           116          0          0         65       40.8      30.41       9.33
11:10pm           116          0          1         66       40.3      30.41       9.33
11:15pm           116          0          1         65       39.9      30.41       9.33
11:20pm           116          0          1         63       39.5      30.41       9.33
11:25pm           116          0          1         62       39.2      30.41       9.33
11:30pm           116          0          1         61       38.8      30.41       9.33
11:35pm           116          0          0         61       38.5      30.41       9.33
11:40pm           116          0          0         62       38.3      30.41       9.33
11:45pm           116          0          0         63       38.1      30.41       9.33
11:50pm           116          0          0         63       37.9      30.41       9.33
11:55pm           116          0          0         62       37.5      30.41       9.33
