4/1/16
Time         Wind Dir   Wind Spd  Wind Gust   Humidity       Temp  Raw Barom   Tot Rain
                    °        mph        mph          %         °F         in         in
12:00am           302          8         17         71       59.1      29.62       7.33
12:05am           121          4         17         71       59.0      29.61       7.33
12:10am           313          2         17         72       58.9      29.62       7.33
12:15am           286          4         17         72       58.7      29.62       7.33
12:20am           269          4         17         73       58.6      29.62       7.33
12:25am           244          4         17         73       58.6      29.62       7.33
12:30am           232          3         22         73       58.5      29.61       7.33
12:35am           262          7         11         73       58.4      29.62       7.33
12:40am           299          8         11         73       58.3      29.62       7.33
12:45am           286          2         11         74       58.3      29.62       7.33
12:50am           226          3         15         74       58.3      29.61       7.33
12:55am           286          3         16         74       58.2      29.61       7.33
1:00am            279          5         16         74       58.2      29.61       7.33
1:05am            186          2         15         74       58.1      29.61       7.33
1:10am            250          7         15         74       58.0      29.60       7.33
1:15am            247          1         15         74       58.0      29.60       7.33
1:20am            260          7         15         74       58.0      29.60       7.33
1:25am            277          2         15         74       58.0      29.60       7.33
1:30am            218          8         15         74       58.1      29.59       7.33
1:35am            272          2         19         74       58.3      29.59       7.33
1:40am            214          3         19         74       58.2      29.59       7.33
1:45am            264          7         19         75       58.2      29.59       7.33
1:50am            286          5         19         75       58.2      29.59       7.33
1:55am            131          0         19         75       58.3      29.59       7.33
2:00am            286          7         19         75       58.2      29.59       7.33
2:05am            242          4         10         76       58.1      29.59       7.33
2:10am            275          6         10         76       58.0      29.58       7.33
2:15am            281          2         16         76       58.1      29.58       7.33
2:20am            285          4         16         76       58.0      29.58       7.33
2:25am            259          1         16         77       58.0      29.58       7.33
2:30am            122          1         16         78       57.9      29.58       7.33
2:35am            250          1          9         78       57.9      29.58       7.33
2:40am            259          1          9         78       57.9      29.58       7.33
2:45am            238          1          9         79       57.7      29.58       7.33
2:50am            280          2          9         79       57.7      29.57       7.33
2:55am            249          3          9         80       57.8      29.57       7.33
3:00am            297          1          9         80       57.7      29.57       7.33
3:05am            277          0          6         80       57.6      29.56       7.33
3:10am            214          5         10         81       57.6      29.56       7.33
3:15am            271          3         11         81       57.7      29.56       7.33
3:20am            268          6         11         82       57.9      29.56       7.33
3:25am            258          2         11         82       57.7      29.55       7.33
3:30am            257          1         11         83       57.7      29.55       7.33
3:35am            289          3          5         83       57.6      29.55       7.33
3:40am            257          3          6         83       57.5      29.55       7.33
3:45am            267          2          7         84       57.5      29.55       7.33
3:50am            255          2          7         84       57.8      29.55       7.33
3:55am            271          3         13         84       58.0      29.56       7.33
4:00am            211          1         13         84       58.1      29.56       7.33
4:05am            271          3          9         84       58.2      29.56       7.33
4:10am            180          0          9         84       58.3      29.56       7.33
4:15am            288          0          9         84       58.3      29.55       7.33
4:20am            273          2          9         84       58.5      29.55       7.33
4:25am            238          2          9         84       58.7      29.55       7.33
4:30am            250          1          9         84       58.6      29.55       7.33
4:35am            276          1          9         84       58.7      29.55       7.33
4:40am            285          5          9         84       58.8      29.55       7.33
4:45am             27          1          9         84       58.9      29.55       7.33
4:50am            265          4          9         84       58.9      29.56       7.33
4:55am            290          0          9         85       58.9      29.55       7.33
5:00am            286          1          9         85       58.9      29.55       7.33
5:05am             49          2          3         85       58.9      29.55       7.33
5:10am            273          0          3         85       58.8      29.55       7.33
5:15am             68          1          3         84       58.6      29.55       7.33
5:20am            124          1          3         85       58.5      29.54       7.33
5:25am            117          0          3         85       58.4      29.54       7.33
5:30am            285          1          8         86       58.6      29.53       7.33
5:35am            297          0          2         85       58.8      29.53       7.33
5:40am            297          0          2         85       58.5      29.53       7.33
5:45am            252          3          9         87       58.3      29.53       7.33
5:50am            240          4          9         86       58.4      29.52       7.33
5:55am            289          1          9         86       58.6      29.52       7.33
6:00am            224          4          9         87       58.4      29.52       7.33
6:05am            255          1          6         87       58.4      29.52       7.33
6:10am            321          2          6         87       58.5      29.52       7.33
6:15am            269          5          7         87       58.4      29.52       7.33
6:19am            272          3          7         86       58.4      29.52       7.33
6:25am            261          0          7         87       58.2      29.52       7.33
6:30am            224          1          7         88       58.1      29.52       7.33
6:35am             33          4          4         87       57.8      29.52       7.33
6:40am            209          0          5         88       57.5      29.52       7.33
6:45am             70          1          5         89       57.5      29.52       7.33
6:50am             69          1          5         88       57.6      29.51       7.33
6:55am             68          1          5         89       57.4      29.50       7.33
7:00am            246          0          5         87       57.2      29.51       7.33
7:05am             92          0          2         90       57.5      29.50       7.33
7:10am             96          0          2         88       57.4      29.50       7.33
7:15am            139          0          2         89       57.0      29.50       7.33
7:20am            219          0          5         90       57.5      29.50       7.33
7:25am            281          1          5         89       57.9      29.50       7.33
7:30am            281          0          5         89       58.2      29.51       7.33
7:35am            227          0          3         87       58.2      29.51       7.33
7:40am             96          0          3         88       58.2      29.50       7.33
7:45am             96          0          3         88       58.1      29.50       7.33
7:50am            236          4          6         88       58.7      29.50       7.33
7:55am            227          1          6         87       59.6      29.50       7.33
8:00am            252          0          6         86       59.9      29.49       7.33
8:05am            260          1         13         86       60.2      29.49       7.33
8:10am            273          2         13         86       60.4      29.49       7.33
8:15am            278          5         13         87       60.5      29.49       7.33
8:20am            264          0         13         86       60.7      29.48       7.33
8:25am            282          3         13         86       60.8      29.48       7.33
8:30am            300          3         13         85       61.1      29.47       7.33
8:35am            276          3         11         84       61.5      29.47       7.33
8:40am            295          2         11         84       61.9      29.47       7.33
8:45am            309          5         11         83       62.3      29.47       7.33
8:50am            271          3         11         82       62.6      29.47       7.33
8:55am            278          3         11         82       63.0      29.47       7.33
9:00am            243          2         11         81       63.3      29.47       7.33
9:05am            175          0          8         80       63.7      29.46       7.33
9:10am            294          3          8         80       64.0      29.47       7.33
9:15am            276          5          8         79       64.2      29.46       7.33
9:20am            277          6         12         79       64.3      29.46       7.33
9:25am            252          1         12         78       64.5      29.46       7.33
9:30am            213          3         12         78       64.7      29.47       7.33
9:35am            274          1          5         78       64.9      29.47       7.33
9:40am            224          6          9         78       65.0      29.46       7.33
9:45am            283          0         11         78       65.2      29.45       7.33
9:50am            278          3         11         77       65.6      29.45       7.33
9:55am            221          2         11         77       65.8      29.45       7.33
10:00am           245          5         12         76       65.8      29.44       7.33
10:05am           264          5          9         76       65.9      29.44       7.33
10:10am           218          0          9         76       65.9      29.44       7.33
10:15am           316          2          9         76       66.0      29.44       7.33
10:20am           286          2          9         76       66.0      29.44       7.33
10:25am           216          8          9         76       66.0      29.44       7.33
10:30am           157          0         10         76       66.1      29.44       7.33
10:35am           265          4         10         75       66.3      29.44       7.33
10:40am           181          2         10         75       66.2      29.44       7.33
10:45am           189          7         10         76       66.1      29.44       7.33
10:50am           275          5         15         76       65.9      29.44       7.33
10:55am           255          6         15         77       65.7      29.43       7.33
11:00am           188          4         15         77       65.6      29.42       7.33
11:05am           237          3          9         77       65.7      29.40       7.33
11:10am           286          5         14         77       65.9      29.41       7.33
11:15am           233          3         14         76       66.0      29.42       7.33
11:20am           290          3         14         76       66.1      29.42       7.33
11:25am           263          3         14         76       66.2      29.41       7.33
11:30am           266          3         14         76       66.3      29.41       7.33
11:35am           188          4          8         76       66.4      29.41       7.33
11:40am           278          1          8         76       66.6      29.40       7.33
11:45am           221          2          9         75       66.7      29.40       7.33
11:50am           210          2         13         76       66.6      29.40       7.33
11:55am           134          5         13         76       66.5      29.39       7.33
12:00pm           280          5         13         76       66.5      29.39       7.33
12:05pm           223          5         13         76       66.2      29.38       7.33
12:10pm           293          8         13         77       66.1      29.38       7.33
12:15pm           174          1         13         77       66.1      29.37       7.33
12:20pm           254          4         13         77       65.9      29.37       7.33
12:25pm           220         10         15         77       65.8      29.37       7.33
12:30pm           265          6         15         77       65.8      29.37       7.33
12:35pm           273          4         12         78       65.5      29.37       7.33
12:40pm           275          6         12         78       65.4      29.36       7.33
12:45pm           284          2         12         78       65.3      29.36       7.33
12:50pm           285          5         12         78       65.4      29.35       7.33
12:55pm           287          3         12         78       65.8      29.34       7.33
1:00pm            296          7         12         77       66.3      29.34       7.33
1:05pm            278          4         11         76       66.7      29.34       7.33
1:10pm            258          8         15         75       67.1      29.35       7.33
1:15pm            233          5         15         75       67.0      29.35       7.33
1:20pm            252         10         15         80       66.2      29.37       7.39
1:25pm            274         10         16         83       62.2      29.36       7.57
1:30pm            296         11         17         87       60.1      29.36       7.63
1:35pm            273          4         13         90       59.6      29.35       7.67
1:40pm            258          5         13         91       59.5      29.35       7.67
1:45pm            254          2         13         92       60.0      29.34       7.67
1:50pm            262          3         13         92       60.2      29.34       7.67
1:55pm            272          1         13         93       60.5      29.33       7.67
2:00pm            260          0         13         93       60.9      29.33       7.67
2:05pm            274          1          2         94       61.6      29.34       7.67
2:10pm            245          0          2         93       62.0      29.33       7.67
2:15pm            255          2          2         93       62.8      29.32       7.67
2:20pm            228          1          5         91       63.2      29.32       7.67
2:25pm            274          4          5         91       63.6      29.31       7.67
2:30pm            266          2          5         91       63.9      29.31       7.67
2:35pm            264          2          6         88       64.0      29.31       7.67
2:40pm            245          0          6         89       64.1      29.30       7.67
2:45pm            237          2          6         88       64.0      29.30       7.67
2:50pm            273          6         11         88       63.8      29.30       7.67
2:55pm            184          4         11         88       63.3      29.31       7.68
2:59pm            272          4         16         88       61.7      29.34       7.81
3:05pm            288          6          9         91       60.6      29.34       7.87
3:10pm            272          5         17         90       60.3      29.34       7.87
3:15pm            201          4         17         91       60.1      29.34       7.87
3:20pm            281          6         17         91       59.9      29.34       7.87
3:25pm            258          3         17         92       59.7      29.34       7.87
3:30pm            276          7         17         91       59.5      29.34       7.87
3:35pm            251          2          7         91       59.3      29.34       7.87
3:40pm            247          2          7         91       59.2      29.34       7.87
3:45pm            265          2          7         91       59.2      29.34       7.87
3:50pm            257          4          9         91       59.2      29.34       7.87
3:55pm            271          2          9         90       59.2      29.34       7.87
4:00pm            268          1          9         90       59.0      29.34       7.87
4:05pm            275          3          8         90       58.8      29.35       7.87
4:10pm            274          3          8         90       58.6      29.35       7.87
4:15pm            269          1          8         90       58.6      29.35       7.87
4:20pm            266          2          8         90       58.6      29.35       7.87
4:25pm            231          1          8         90       58.6      29.34       7.87
4:30pm            265          0          8         90       58.5      29.33       7.87
4:35pm            262          3          3         90       58.5      29.34       7.87
4:40pm            276          2          3         90       58.4      29.34       7.87
4:45pm            259          3          3         90       58.4      29.33       7.87
4:50pm            275          1          4         89       58.4      29.34       7.87
4:55pm            264          0          4         89       58.3      29.34       7.87
5:00pm            278          3          5         89       58.2      29.34       7.87
5:05pm            286          2          4         89       58.2      29.34       7.87
5:10pm            240          1          4         88       58.2      29.34       7.87
5:15pm            270          1          5         87       58.2      29.33       7.87
5:20pm            269          2          6         86       58.2      29.33       7.87
5:25pm            293          3          6         86       58.4      29.32       7.87
5:30pm            266          2          6         85       58.4      29.33       7.87
5:35pm            284          3          4         85       58.4      29.34       7.87
5:40pm            273          1          4         85       58.4      29.34       7.87
5:45pm            261          2          5         84       58.4      29.34       7.87
5:50pm            310          2          5         84       58.5      29.34       7.87
5:55pm            285          1          5         85       58.6      29.33       7.87
6:00pm            226          1          5         84       58.7      29.33       7.87
6:05pm            262          1          5         84       58.7      29.33       7.87
6:10pm            276          3          5         84       58.7      29.33       7.87
6:15pm            274          2          6         83       58.8      29.34       7.87
6:20pm            280          2          6         82       58.9      29.34       7.87
6:25pm            266          2          6         82       58.8      29.34       7.87
6:30pm            263          0          6         83       58.7      29.34       7.87
6:35pm            269          2          4         83       58.6      29.34       7.87
6:40pm            241          1          4         83       58.6      29.34       7.87
6:45pm            285          1          5         83       58.5      29.35       7.87
6:50pm            266          1          5         84       58.3      29.35       7.87
6:55pm            255          1          5         85       58.0      29.35       7.87
7:00pm            271          1          5         85       57.9      29.35       7.87
7:05pm            256          1          3         85       57.9      29.36       7.87
7:10pm            229          1          3         86       57.8      29.36       7.87
7:15pm            262          2          5         87       57.5      29.38       7.87
7:20pm            271          3          7         87       57.5      29.39       7.88
7:25pm            281          0          7         88       57.4      29.38       7.88
7:30pm            265          0          7         88       57.2      29.38       7.88
7:35pm            269          3          3         90       56.7      29.39       7.89
7:40pm            272          2          3         92       56.3      29.40       7.94
7:45pm             63          0          3         92       56.2      29.41       7.96
7:50pm            251          3          4         93       56.0      29.42       7.98
7:55pm            276          6          9         93       55.8      29.42       7.98
8:00pm            265          9         11         93       55.6      29.42       7.98
8:05pm            246          6         11         91       55.4      29.43       7.99
8:10pm            273          4         17         89       54.6      29.44       8.00
8:15pm              5          0         17         89       53.9      29.45       8.01
8:20pm            100          0         17         90       53.4      29.46       8.02
8:25pm            271          3         17         91       52.8      29.47       8.02
8:30pm            282          1         17         91       52.5      29.47       8.03
8:35pm            264          3          6         91       52.1      29.48       8.03
8:40pm            291          1         11         90       51.6      29.49       8.03
8:45pm             89          2         11         90       51.2      29.48       8.04
8:50pm            254          0         11         90       51.0      29.48       8.05
8:55pm            304          1         11         90       50.6      29.49       8.05
9:00pm            226          1         11         90       50.4      29.49       8.05
9:05pm            276          3          3         91       50.3      29.49       8.05
9:10pm            256          1          3         91       50.0      29.50       8.05
9:15pm            121          0          3         91       49.7      29.50       8.05
9:20pm            278          0          4         91       49.5      29.50       8.05
9:25pm            245          0          4         91       49.1      29.50       8.05
9:30pm            231          0          4         91       48.8      29.51       8.05
9:35pm            229          0          2         92       48.5      29.51       8.05
9:40pm            267          0          2         91       48.1      29.52       8.05
9:45pm            218          0          4         91       48.1      29.52       8.05
9:50pm            187          0          4         91       47.9      29.52       8.05
9:55pm            271          0          4         91       47.6      29.52       8.05
10:00pm           266          1          4         90       47.5      29.52       8.05
10:05pm           236          3          7         89       47.2      29.52       8.05
10:10pm           216          1          8         88       47.2      29.53       8.05
10:15pm           240          2          8         87       47.1      29.53       8.05
10:20pm           249          4         11         87       46.9      29.53       8.05
10:25pm           273          3         11         85       47.0      29.54       8.05
10:30pm           264          1         11         84       46.9      29.54       8.05
10:35pm           240          4          5         84       46.7      29.54       8.05
10:40pm           288          2          5         83       46.5      29.54       8.05
10:45pm           221          2          6         82       46.5      29.54       8.05
10:50pm           244          2          8         81       46.3      29.53       8.05
10:55pm           259          3          8         80       46.2      29.53       8.05
11:00pm           246          2          8         79       46.1      29.53       8.05
11:05pm           216          2          4         80       45.9      29.52       8.05
11:10pm           271          1          7         81       45.5      29.52       8.05
11:15pm           257          1          7         82       45.1      29.53       8.05
11:20pm           250          3          7         82       44.8      29.52       8.05
11:25pm           213          2          7         82       44.6      29.52       8.05
11:30pm           264          1          7         83       44.3      29.52       8.05
11:35pm           230          1          4         83       44.0      29.52       8.05
11:40pm           266          1          7         82       44.0      29.53       8.05
11:45pm           230          0          7         81       44.1      29.52       8.05
11:50pm           264          2          7         81       44.1      29.52       8.05
11:55pm           234          0          7         81       44.1      29.52       8.05
