5/23/16
Time         Wind Dir   Wind Spd  Wind Gust   Humidity       Temp  Raw Barom   Tot Rain
                    °        mph        mph          %         °F         in         in
12:00am           281          1          2         91       52.4      29.83      12.01
12:05am           274          1          2         91       52.1      29.84      12.01
12:10am           269          0          2         92       51.8      29.84      12.01
12:15am           269          0          2         92       51.7      29.84      12.01
12:20am           269          0          2         92       51.5      29.83      12.01
12:25am           269          0          2         93       51.5      29.83      12.01
12:30am           269          0          2         93       51.5      29.83      12.01
12:35am           269          0          1         93       51.6      29.83      12.01
12:40am           278          0          1         93       51.8      29.83      12.01
12:45am           278          0          1         93       52.0      29.83      12.01
12:50am           278          0          1         93       52.1      29.83      12.01
12:55am           278          0          1         93       52.1      29.83      12.01
1:00am            278          0          1         92       51.8      29.83      12.01
1:05am            277          0          1         92       51.4      29.83      12.01
1:10am            277          0          1         93       51.1      29.83      12.01
1:15am            277          0          1         93       50.9      29.83      12.01
1:20am            276          0          1         93       50.7      29.83      12.01
1:25am            277          0          1         94       50.6      29.83      12.01
1:30am            277          0          1         94       50.5      29.83      12.01
1:35am            277          0          1         94       50.5      29.83      12.01
1:40am            277          0          1         94       50.3      29.83      12.01
1:45am            277          0          1         94       50.1      29.83      12.01
1:50am            277          0          1         94       50.1      29.83      12.01
1:55am            277          0          1         94       50.0      29.83      12.01
2:00am            277          0          1         94       49.8      29.83      12.01
2:05am            277          0          1         94       49.7      29.83      12.01
2:10am            279          0          1         94       49.5      29.83      12.01
2:15am            274          0          1         94       49.2      29.83      12.01
2:20am            274          0          1         94       49.0      29.83      12.01
2:25am            274          0          1         95       49.1      29.83      12.01
2:30am            274          0          1         95       49.0      29.83      12.01
2:35am            274          0          0         95       49.0      29.83      12.01
2:40am            276          1          1         95       48.9      29.83      12.01
2:45am            278          2          2         94       48.6      29.83      12.01
2:50am            259          0          2         94       48.2      29.83      12.01
2:55am            243          0          2         95       48.0      29.83      12.01
3:00am            268          0          2         95       48.0      29.83      12.01
3:05am            267          0          1         95       47.9      29.83      12.01
3:10am            266          0          1         95       47.7      29.83      12.01
3:15am            266          0          1         95       47.5      29.83      12.01
3:20am            266          0          1         95       47.5      29.83      12.01
3:25am            266          0          1         95       47.4      29.83      12.01
3:30am            266          0          1         95       47.4      29.83      12.01
3:35am            265          0          1         95       47.4      29.83      12.01
3:40am            265          0          1         96       47.4      29.83      12.01
3:45am            265          0          1         96       47.3      29.83      12.01
3:50am            265          0          1         96       47.3      29.83      12.01
3:55am            272          0          1         95       47.2      29.83      12.01
4:00am            266          0          1         95       46.8      29.84      12.01
4:05am            274          0          1         95       46.6      29.83      12.01
4:10am            243          0          1         95       46.3      29.84      12.01
4:15am            249          0          1         95       46.2      29.84      12.01
4:20am            263          0          1         95       46.0      29.84      12.01
4:25am            258          0          1         95       45.8      29.84      12.01
4:30am            255          0          1         96       45.8      29.84      12.01
4:35am            262          0          1         96       45.8      29.85      12.01
4:40am            276          0          1         96       45.8      29.85      12.01
4:45am            276          0          1         96       45.8      29.85      12.01
4:50am            276          0          1         96       45.7      29.85      12.01
4:55am            275          0          1         96       45.6      29.85      12.01
5:00am            283          0          1         96       45.6      29.85      12.01
5:05am            279          0          1         96       45.7      29.86      12.01
5:10am            279          0          1         96       45.7      29.86      12.01
5:15am            284          1          1         96       45.9      29.86      12.01
5:20am            266          1          2         96       45.9      29.86      12.01
5:25am            286          1          2         96       45.6      29.86      12.01
5:30am            283          0          2         96       45.3      29.86      12.01
5:35am            269          0          1         96       45.2      29.86      12.01
5:40am            270          0          1         96       45.2      29.87      12.01
5:45am            275          0          1         96       45.5      29.87      12.01
5:50am            277          1          1         96       45.7      29.87      12.01
5:55am            279          1          2         96       45.9      29.87      12.01
6:00am            260          0          2         96       46.0      29.87      12.01
6:05am            240          0          1         96       46.3      29.87      12.01
6:10am            263          0          1         96       46.4      29.88      12.01
6:15am            270          0          1         95       46.3      29.88      12.01
6:20am            259          1          2         96       46.5      29.88      12.01
6:25am            266          0          2         96       46.9      29.88      12.01
6:30am            266          0          2         96       47.1      29.88      12.01
6:34am            257          0          1         96       47.2      29.88      12.01
6:40am            274          1          1         96       47.5      29.89      12.01
6:45am            277          1          2         95       47.6      29.89      12.01
6:50am            257          1          2         96       48.1      29.89      12.01
6:55am            264          1          2         95       48.5      29.89      12.01
7:00am            277          1          2         95       48.8      29.89      12.01
7:05am            266          2          3         95       49.1      29.89      12.01
7:10am            266          1          3         95       49.4      29.89      12.01
7:15am            263          0          3         94       49.7      29.89      12.01
7:20am            276          1          3         94       50.1      29.89      12.01
7:25am            245          1          3         94       50.4      29.89      12.01
7:30am            275          1          3         94       51.1      29.89      12.01
7:35am            263          1          2         93       51.8      29.89      12.01
7:40am            250          1          2         92       52.5      29.89      12.01
7:45am            275          1          2         91       53.1      29.89      12.01
7:50am            272          1          2         91       53.7      29.89      12.01
7:55am            276          1          2         90       54.4      29.89      12.01
8:00am            269          0          2         89       55.1      29.89      12.01
8:05am            272          1          2         88       55.7      29.89      12.01
8:10am            269          0          2         87       56.5      29.89      12.01
8:15am            276          1          2         85       57.4      29.89      12.01
8:20am            272          1          2         83       58.1      29.89      12.01
8:25am            277          1          2         84       58.7      29.89      12.01
8:30am            272          1          3         81       59.4      29.89      12.01
8:35am            246          0          2         80       59.9      29.89      12.01
8:40am            276          0          2         78       60.5      29.89      12.01
8:45am            281          0          2         77       61.3      29.89      12.01
8:50am            274          0          2         75       61.7      29.89      12.01
8:55am            270          1          3         74       62.3      29.89      12.01
9:00am            269          1          3         73       63.0      29.89      12.01
9:05am            274          0          3         71       63.5      29.89      12.01
9:10am            257          1          3         70       63.6      29.89      12.01
9:15am            257          0          3         70       64.2      29.89      12.01
9:20am            275          1          3         66       65.1      29.89      12.01
9:25am            285          0          3         66       64.7      29.89      12.01
9:30am            281          0          3         68       65.6      29.89      12.01
9:35am            263          1          2         64       66.9      29.89      12.01
9:40am            279          0          3         62       67.7      29.88      12.01
9:45am            116          0          3         58       68.5      29.88      12.01
9:50am             94          2          3         60       68.3      29.88      12.01
9:55am            100          3          3         58       68.4      29.88      12.01
10:00am           108          2          4         56       68.4      29.88      12.01
10:05am           127          1          4         60       68.4      29.88      12.01
10:10am           110          1          4         55       68.6      29.88      12.01
10:15am            87          0          4         55       69.0      29.88      12.01
10:20am           105          1          4         55       69.5      29.88      12.01
10:25am           129          1          4         54       69.8      29.88      12.01
10:30am           155          0          4         50       69.9      29.88      12.01
10:35am           101          0          3         53       70.7      29.88      12.01
10:40am           115          0          3         51       70.6      29.88      12.01
10:45am           179          2          3         47       71.6      29.87      12.01
10:50am           134          3          3         47       72.3      29.87      12.01
10:55am           163          2          3         47       72.5      29.87      12.01
11:00am            76          0          5         47       72.3      29.87      12.01
11:05am            93          4          4         47       72.2      29.87      12.01
11:10am           101          2          4         51       71.8      29.87      12.01
11:15am           101          0          5         48       72.1      29.87      12.01
11:20am            77          1          5         47       72.4      29.87      12.01
11:25am            86          3          5         46       72.8      29.86      12.01
11:30am           108          4          5         47       73.0      29.87      12.01
11:35am           111          1          5         43       73.2      29.87      12.01
11:40am           122          0          5         43       73.1      29.87      12.01
11:45am           112          1          5         44       73.6      29.87      12.01
11:50am           323          3          6         43       74.4      29.86      12.01
11:55am            69          3          7         38       74.8      29.86      12.01
12:00pm           105          2          7         38       74.4      29.86      12.01
12:05pm           337          6          8         36       74.9      29.86      12.01
12:10pm            72          2         15         40       73.7      29.86      12.01
12:15pm           148          2         15         40       73.1      29.86      12.01
12:20pm            96          1         15         39       73.7      29.85      12.01
12:25pm            84          3         15         38       73.9      29.85      12.01
12:30pm            65          4         15         41       73.8      29.85      12.01
12:35pm            78          4          7         42       73.9      29.85      12.01
12:40pm           104          3          7         37       73.3      29.85      12.01
12:45pm            70          1          7         37       73.3      29.85      12.01
12:50pm           165          0          7         38       73.1      29.85      12.01
12:55pm           120          1          7         38       73.4      29.84      12.01
1:00pm            139          2          7         40       73.6      29.84      12.01
1:05pm             45          2          5         37       74.1      29.84      12.01
1:10pm            104          1          7         40       73.4      29.84      12.01
1:15pm             97          7         11         36       74.1      29.84      12.01
1:20pm            122          2         11         34       74.6      29.84      12.01
1:25pm            101          4         11         35       74.9      29.84      12.01
1:30pm            105          1         11         36       74.8      29.83      12.01
1:35pm            136          2          5         35       75.4      29.83      12.01
1:40pm            254          5          6         34       76.2      29.83      12.01
1:45pm            136          2          6         35       76.3      29.83      12.01
1:50pm            167          1          6         35       76.9      29.83      12.01
1:55pm            276          1          6         32       77.2      29.83      12.01
2:00pm             26          0          6         33       76.3      29.83      12.01
2:05pm            227          1          4         34       76.1      29.83      12.01
2:10pm            281          0          7         31       76.6      29.83      12.01
2:15pm            212          1          8         33       76.1      29.83      12.01
2:20pm            107          2          8         33       76.9      29.82      12.01
2:25pm             98          5          8         32       77.6      29.82      12.01
2:30pm             96          4          8         31       77.1      29.82      12.01
2:35pm            282          2          7         30       76.8      29.83      12.01
2:40pm             43          1          7         32       76.4      29.82      12.01
2:45pm             96          4          7         33       76.8      29.82      12.01
2:50pm            122          3          7         32       76.6      29.82      12.01
2:55pm            139          1          7         30       77.0      29.82      12.01
3:00pm            273          0          7         30       76.7      29.81      12.01
3:05pm            122          2          3         29       77.5      29.81      12.01
3:10pm             75          2          5         31       77.4      29.81      12.01
3:15pm             92          3          6         31       77.1      29.81      12.01
3:20pm             94          4          6         32       76.7      29.81      12.01
3:25pm             43          1          7         32       76.1      29.81      12.01
3:30pm             70          3          7         30       76.2      29.81      12.01
3:35pm             99          0          4         31       76.6      29.81      12.01
3:40pm            117          1          4         30       77.0      29.81      12.01
3:45pm            102          2          5         32       76.3      29.81      12.01
3:50pm            173          1          6         33       76.1      29.81      12.01
3:55pm            266          3          6         33       76.9      29.81      12.01
4:00pm            271          4          6         29       78.2      29.80      12.01
4:05pm            268          1          6         30       78.3      29.80      12.01
4:10pm            325          0          6         30       78.2      29.80      12.01
4:15pm            139          2          7         30       78.6      29.80      12.01
4:20pm             80          0          7         29       78.7      29.80      12.01
4:25pm             82          5         10         30       77.6      29.80      12.01
4:30pm            334          1         10         31       76.3      29.80      12.01
4:35pm             89          0          2         33       76.0      29.80      12.01
4:40pm            118          1          3         31       76.5      29.80      12.01
4:45pm            238          0          3         32       77.8      29.80      12.01
4:50pm            211          0          4         29       78.9      29.80      12.01
4:55pm            276          0          4         30       79.6      29.79      12.01
5:00pm            100          2          4         28       79.4      29.79      12.01
5:05pm            148          2          3         30       79.2      29.79      12.01
5:10pm            100          7          7         28       78.2      29.79      12.01
5:15pm             55          2          7         30       77.8      29.79      12.01
5:20pm             83          2          7         29       77.9      29.79      12.01
5:25pm            281          6          7         29       78.0      29.79      12.01
5:30pm            328          0          8         27       78.3      29.79      12.01
5:35pm            110          1          3         29       78.0      29.78      12.01
5:40pm            102          1          3         30       78.0      29.78      12.01
5:45pm            200          1          6         29       77.4      29.79      12.01
5:50pm             97          4          6         29       76.8      29.79      12.01
5:55pm             91          2          8         30       76.3      29.79      12.01
6:00pm            326          1          8         32       76.0      29.79      12.01
6:05pm            241          0          1         32       75.9      29.79      12.01
6:10pm            107          2          2         32       75.7      29.79      12.01
6:15pm            250          0          2         33       75.5      29.79      12.01
6:20pm             78          0          2         34       75.5      29.79      12.01
6:25pm             78          0          2         33       75.4      29.79      12.01
6:30pm            101          0          2         34       75.2      29.79      12.01
6:35pm            101          0          1         36       74.8      29.79      12.01
6:40pm            101          0          1         36       74.5      29.79      12.01
6:45pm            101          0          1         39       74.1      29.80      12.01
6:50pm            139          0          1         39       73.5      29.80      12.01
6:55pm            139          0          1         43       72.7      29.80      12.01
7:00pm             98          2          3         42       72.3      29.80      12.01
7:05pm             99          0          2         40       72.2      29.80      12.01
7:10pm             94          4          7         41       72.1      29.80      12.01
7:15pm             88          2          7         41       71.8      29.80      12.01
7:20pm            103          2          7         39       72.0      29.80      12.01
7:25pm            103          3          7         40       71.8      29.80      12.01
7:30pm            129          3          9         39       72.1      29.80      12.01
7:35pm            122          1          7         41       71.9      29.80      12.01
7:40pm             94          3          7         42       71.6      29.80      12.01
7:45pm            108          2          7         44       71.2      29.80      12.01
7:50pm             72          2          7         45       70.7      29.80      12.01
7:55pm             70          3          7         46       70.4      29.80      12.01
7:59pm             72          1          7         47       70.1      29.80      12.01
8:05pm            133          1          7         47       69.8      29.80      12.01
8:10pm            100          2          7         48       69.5      29.80      12.01
8:15pm             91          3          7         49       69.2      29.80      12.01
8:20pm            112          2          7         50       68.9      29.80      12.01
8:25pm             75          2          7         50       68.7      29.80      12.01
8:30pm            115          2          7         51       68.6      29.80      12.01
8:35pm             79          2          3         52       68.1      29.80      12.01
8:40pm            148          1          3         54       67.6      29.81      12.01
8:45pm            120          1          3         55       66.9      29.81      12.01
8:50pm            104          1          3         57       66.7      29.81      12.01
8:55pm             91          2          4         57       66.1      29.81      12.01
9:00pm            116          2          4         58       65.9      29.81      12.01
9:05pm             81          1          5         56       65.8      29.81      12.01
9:10pm             92          1          5         57       65.8      29.82      12.01
9:15pm            109          0          5         57       65.8      29.82      12.01
9:20pm            109          0          5         62       64.9      29.82      12.01
9:25pm            109          0          5         64       63.5      29.82      12.01
9:30pm            167          0          5         65       62.8      29.83      12.01
9:35pm             91          0          1         66       62.5      29.83      12.01
9:40pm             91          0          1         67       62.0      29.83      12.01
9:45pm             91          0          1         67       61.5      29.83      12.01
9:50pm             91          0          1         69       61.1      29.83      12.01
9:55pm             91          0          1         70       60.8      29.83      12.01
9:59pm             91          0          1         71       60.5      29.84      12.01
10:05pm            91          0          0         71       60.1      29.84      12.01
10:10pm            91          0          1         73       59.8      29.84      12.01
10:15pm            91          0          1         72       59.7      29.84      12.01
10:20pm            91          0          1         72       59.5      29.84      12.01
10:25pm           135          0          2         72       59.4      29.85      12.01
10:30pm           135          0          2         73       59.5      29.85      12.01
10:35pm           135          0          0         72       59.4      29.84      12.01
10:40pm           135          0          0         73       59.3      29.85      12.01
10:45pm           135          0          1         74       59.1      29.85      12.01
10:50pm           135          0          1         74       58.9      29.85      12.01
10:55pm           100          2          2         77       59.0      29.85      12.01
11:00pm            90          1          3         76       59.3      29.86      12.01
11:05pm            77          3          5         74       59.9      29.86      12.01
11:10pm            88          3          5         69       60.7      29.85      12.01
11:15pm           122          0          5         67       61.5      29.86      12.01
11:20pm           278          0          5         69       61.4      29.85      12.01
11:25pm           278          0          5         72       60.9      29.86      12.01
11:30pm            97          0          5         73       60.4      29.86      12.01
11:35pm            97          0          0         74       60.2      29.86      12.01
11:40pm           105          1          1         75       60.0      29.86      12.01
11:45pm            98          1          3         76       59.8      29.86      12.01
11:50pm           123          2          3         74       59.7      29.87      12.01
11:55pm           130          1          3         71       60.1      29.87      12.01
