5/8/16
Time         Wind Dir   Wind Spd  Wind Gust   Humidity       Temp  Raw Barom   Tot Rain
                    °        mph        mph          %         °F         in         in
12:00am           129          2          8         96       48.7      29.64      10.96
12:05am           160          2          5         96       48.7      29.64      10.96
12:10am            96          0          5         96       48.7      29.64      10.96
12:15am           203          1          5         96       48.7      29.64      10.96
12:20am           111          3          5         96       48.8      29.64      10.96
12:25am           203          2          5         96       48.8      29.63      10.96
12:30am           118          0          7         96       48.8      29.63      10.96
12:35am           224          0          6         96       48.7      29.63      10.96
12:40am           165          1          6         96       48.7      29.63      10.96
12:45am           213          1          6         96       48.6      29.63      10.96
12:50am           135          1          6         96       48.6      29.63      10.96
12:55am           105          1          6         96       48.6      29.62      10.96
1:00am            155          0          6         96       48.6      29.62      10.96
1:05am             98          0          2         96       48.5      29.62      10.96
1:10am            164          0          2         96       48.5      29.62      10.96
1:15am            116          0          2         96       48.5      29.62      10.96
1:20am            221          0          2         96       48.4      29.61      10.96
1:25am            231          0          2         96       48.4      29.61      10.96
1:30am            181          0          2         96       48.4      29.61      10.96
1:35am            181          0          0         96       48.4      29.61      10.96
1:40am            181          0          0         96       48.3      29.60      10.96
1:45am            181          0          0         96       48.3      29.60      10.96
1:50am            181          0          0         96       48.3      29.60      10.96
1:55am            181          0          0         96       48.2      29.60      10.96
2:00am            181          0          0         96       48.2      29.59      10.96
2:05am            181          0          0         96       48.2      29.59      10.96
2:10am            181          0          1         96       48.1      29.59      10.96
2:15am             79          1          1         96       48.1      29.58      10.96
2:20am            143          0          1         96       48.1      29.58      10.96
2:25am            120          0          1         96       48.1      29.58      10.96
2:30am            120          0          1         96       48.1      29.58      10.96
2:35am            120          0          0         96       48.1      29.58      10.96
2:40am            120          0          1         96       48.2      29.58      10.96
2:45am            120          0          1         96       48.1      29.58      10.96
2:50am            230          0          2         96       48.2      29.58      10.96
2:55am            359          1          2         96       48.1      29.57      10.96
3:00am            231          0          2         96       48.1      29.57      10.96
3:05am            226          0          1         96       48.1      29.57      10.96
3:10am            273          0          2         96       48.1      29.57      10.96
3:15am            244          0          2         96       48.3      29.57      10.96
3:20am            260          0          2         95       48.3      29.57      10.96
3:25am            260          0          2         95       48.4      29.57      10.96
3:30am            285          0          2         95       48.4      29.57      10.96
3:35am            225          4          4         95       48.4      29.57      10.96
3:40am            222          0          4         94       48.5      29.57      10.96
3:45am            267          4          6         94       48.5      29.57      10.96
3:50am            277          1          6         94       48.7      29.57      10.96
3:55am            259          0          6         93       48.8      29.57      10.96
4:00am            264          2          6         93       48.9      29.56      10.96
4:05am            276          2          3         93       48.9      29.56      10.96
4:10am            237          1          3         93       48.9      29.56      10.96
4:15am            255          0          3         93       49.0      29.56      10.96
4:20am            248          0          3         93       49.0      29.56      10.96
4:25am            237          1          3         93       49.0      29.55      10.96
4:30am            224          0          3         93       49.1      29.55      10.96
4:35am            275          1          2         93       49.1      29.55      10.96
4:40am            267          1          6         92       49.1      29.55      10.96
4:45am            222          0          6         92       49.2      29.55      10.96
4:50am            233          1          6         92       49.2      29.54      10.96
4:55am            263          1          6         92       49.2      29.54      10.96
5:00am            221          0          6         92       49.2      29.54      10.96
5:05am            219          2          3         91       49.2      29.53      10.96
5:10am            278          0          3         91       49.2      29.53      10.96
5:15am            297          1          3         91       49.1      29.53      10.96
5:20am            338          0          3         91       49.0      29.53      10.96
5:25am            324          0          3         91       48.9      29.53      10.96
5:30am            257          0          3         92       48.7      29.53      10.96
5:35am            257          0          1         92       48.6      29.53      10.96
5:40am            257          0          1         92       48.5      29.53      10.96
5:45am            258          0          1         93       48.4      29.52      10.96
5:50am            134          0          1         93       48.3      29.52      10.96
5:55am            134          0          1         93       48.1      29.52      10.96
6:00am            134          0          1         93       47.8      29.52      10.96
6:05am            134          0          0         94       48.0      29.51      10.96
6:10am            134          0          1         93       48.4      29.52      10.96
6:15am            240          1          1         93       48.1      29.52      10.96
6:20am            264          0          1         93       48.1      29.52      10.96
6:25am            237          0          1         93       47.9      29.52      10.96
6:30am            237          0          1         93       47.9      29.52      10.96
6:35am            237          0          0         93       47.9      29.52      10.96
6:40am            237          0          0         93       48.0      29.52      10.96
6:45am            238          0          1         94       48.1      29.52      10.96
6:50am            238          0          1         94       48.1      29.51      10.96
6:55am             84          0          2         94       48.2      29.51      10.96
7:00am             68          0          3         93       48.5      29.51      10.96
7:05am            309          0          2         92       48.8      29.51      10.96
7:10am            305          1          2         92       49.0      29.51      10.96
7:15am            251          1          2         91       49.2      29.51      10.96
7:20am            285          1          3         90       49.5      29.51      10.96
7:25am            240          2          7         89       49.8      29.51      10.96
7:30am            250          0          7         88       50.2      29.51      10.96
7:35am            198          0          5         87       50.5      29.51      10.96
7:40am            273          2          5         87       50.8      29.51      10.96
7:45am            274          0          6         86       51.1      29.51      10.96
7:50am            138          0          6         85       51.4      29.50      10.96
7:55am            280          7          7         83       51.6      29.50      10.96
8:00am             27          0         11         83       51.5      29.50      10.96
8:05am            301          0          6         83       51.6      29.50      10.96
8:10am            247          2          6         83       51.8      29.50      10.96
8:15am            294          1          9         83       51.9      29.50      10.96
8:20am            288          2          9         82       52.0      29.49      10.96
8:25am            276          2          9         82       52.1      29.50      10.96
8:30am            276          5          9         82       52.4      29.50      10.96
8:35am            288          7          7         81       52.6      29.49      10.96
8:40am            253          3          7         80       52.6      29.49      10.96
8:45am            271          5          7         81       52.7      29.49      10.96
8:50am            240          5          9         80       52.7      29.49      10.96
8:55am            264          3          9         80       52.6      29.49      10.96
9:00am            273          1          9         80       52.5      29.49      10.96
9:05am            285          3          4         81       52.4      29.49      10.96
9:10am            282          5         12         82       52.0      29.48      10.96
9:15am            311          6         12         84       51.6      29.48      10.98
9:20am            283          3         12         86       51.0      29.48      10.99
9:25am            322          0         12         88       50.6      29.48      11.00
9:30am            275          1         12         89       50.3      29.48      11.01
9:35am            293          2          5         90       50.0      29.48      11.01
9:40am            260          1          5         91       49.9      29.48      11.01
9:45am            215          0          5         92       49.8      29.48      11.02
9:50am            248          3          5         92       49.7      29.47      11.02
9:55am            237          3          5         92       49.6      29.47      11.02
10:00am           252          1          5         92       49.6      29.47      11.02
10:05am           262          2          6         92       49.7      29.47      11.03
10:10am           235          3         10         92       49.7      29.47      11.04
10:15am           268          2         10         93       49.7      29.46      11.05
10:20am           283          4         10         92       49.7      29.46      11.05
10:25am           283          2         10         93       49.9      29.46      11.05
10:30am           300          0         10         93       50.1      29.46      11.05
10:35am           262          0          3         93       50.8      29.46      11.05
10:40am           188          2          4         93       51.1      29.46      11.05
10:45am           221          4          7         92       51.1      29.46      11.05
10:50am           280          4          8         91       51.0      29.45      11.05
10:55am           258          6          9         91       50.7      29.45      11.05
11:00am           276          6         15         91       50.7      29.45      11.05
11:05am           239          9         13         92       50.7      29.45      11.05
11:10am           281          3         13         91       50.6      29.45      11.05
11:15am           274          2         13         91       50.5      29.45      11.05
11:20am           306          2         13         92       50.5      29.45      11.05
11:25am           250          6         16         92       50.5      29.45      11.05
11:30am           341          0         16         92       50.4      29.45      11.05
11:35am           328          3          7         92       50.3      29.45      11.05
11:40am           265          1         10         93       50.3      29.45      11.05
11:45am           224          2         10         93       50.3      29.45      11.05
11:50am           245          2         10         93       50.2      29.45      11.05
11:55am           270          2         10         93       50.2      29.45      11.05
12:00pm           266          2         10         93       50.2      29.45      11.05
12:05pm           213          3          6         93       50.2      29.45      11.05
12:10pm           261          4          9         93       50.3      29.45      11.05
12:15pm           237          1          9         94       50.6      29.45      11.05
12:20pm           262          3          9         93       50.9      29.45      11.05
12:25pm           276          4          9         93       51.4      29.44      11.05
12:30pm           260          4          9         92       51.8      29.44      11.05
12:35pm           290          5          7         91       51.9      29.44      11.05
12:40pm           294          5         13         89       51.8      29.44      11.05
12:45pm           271         20         20         88       51.6      29.44      11.05
12:50pm           276          6         20         88       51.4      29.45      11.05
12:55pm           273          4         20         89       51.0      29.45      11.05
1:00pm            238          9         20         90       50.4      29.45      11.06
1:05pm            221          8         14         90       50.0      29.46      11.07
1:10pm            256          4         14         92       50.0      29.46      11.07
1:15pm            278          1         14         92       50.1      29.46      11.07
1:20pm            266          6         14         91       50.0      29.47      11.07
1:25pm            276          9         14         91       50.0      29.47      11.07
1:30pm            255          5         14         91       49.8      29.47      11.07
1:35pm            271          3          9         90       49.7      29.48      11.07
1:40pm            261          3         14         88       49.4      29.48      11.07
1:45pm            129          1         14         89       49.1      29.49      11.07
1:50pm            233          5         14         88       48.9      29.49      11.07
1:55pm            191          3         14         88       48.8      29.50      11.07
2:00pm            331          4         14         87       48.7      29.50      11.07
2:05pm            240          1         10         88       48.4      29.50      11.07
2:10pm            202          1         10         89       48.3      29.50      11.07
2:15pm            117          0         10         89       48.3      29.51      11.07
2:20pm             96          1         10         89       48.5      29.51      11.07
2:25pm            113          3         10         88       48.6      29.51      11.07
2:30pm            288          2         10         88       48.6      29.51      11.07
2:35pm            101          0          4         88       48.7      29.51      11.07
2:40pm            137          2          6         87       48.8      29.51      11.07
2:45pm            271         10         12         87       48.6      29.51      11.07
2:50pm            240          4         12         87       48.4      29.51      11.07
2:55pm            229          5         13         86       49.4      29.51      11.07
3:00pm            253          5         13         84       50.5      29.51      11.07
3:05pm            257          1          9         79       50.9      29.51      11.07
3:10pm            298          2         11         78       50.7      29.51      11.07
3:15pm            123          2         11         78       50.7      29.52      11.07
3:20pm            122          5         17         78       50.8      29.53      11.07
3:25pm              1          3         17         79       49.6      29.53      11.07
3:30pm             32          1         17         82       48.8      29.54      11.07
3:35pm             79          2          8         82       48.5      29.54      11.07
3:40pm            143          2          8         81       48.4      29.54      11.07
3:45pm            254          4          9         79       48.7      29.54      11.07
3:50pm             37          3          9         79       49.4      29.54      11.07
3:55pm            271          4         18         72       50.3      29.54      11.07
4:00pm            238          4         18         71       51.3      29.53      11.07
4:05pm            259          2         15         67       51.4      29.54      11.07
4:10pm            262         13         15         65       52.2      29.53      11.07
4:15pm            302          6         15         63       51.7      29.54      11.07
4:20pm            122          3         17         64       51.2      29.54      11.07
4:25pm            262          5         17         61       51.5      29.54      11.07
4:30pm            278          0         17         61       51.2      29.55      11.07
4:35pm            236          4         14         61       50.8      29.55      11.07
4:40pm            264          5         17         60       50.2      29.56      11.07
4:45pm            176          2         17         62       49.6      29.57      11.07
4:50pm            288          5         17         64       48.7      29.57      11.07
4:55pm            331          4         17         63       48.3      29.57      11.07
5:00pm            172          1         17         62       49.2      29.58      11.07
5:05pm            176          5         12         59       50.3      29.59      11.07
5:10pm            272          6         13         57       50.2      29.59      11.07
5:15pm            228          4         17         57       49.8      29.59      11.07
5:20pm            283          1         17         59       49.4      29.59      11.07
5:25pm            290          4         17         58       49.1      29.59      11.07
5:30pm            257          8         17         59       48.9      29.59      11.07
5:35pm            269          5         13         58       49.0      29.59      11.07
5:40pm            161          0         13         57       49.4      29.60      11.07
5:45pm            221          4         16         57       49.5      29.60      11.07
5:50pm            277          8         16         55       49.8      29.60      11.07
5:55pm            229          6         16         55       50.1      29.60      11.07
6:00pm            266          5         16         51       50.2      29.60      11.07
6:05pm            279          1         15         49       50.2      29.60      11.07
6:10pm            255          3         15         49       49.9      29.60      11.07
6:15pm            285          3         15         51       49.7      29.60      11.07
6:20pm            262          6         15         50       49.4      29.60      11.07
6:25pm            216          5         23         50       49.2      29.60      11.07
6:30pm            246          2         23         50       49.3      29.61      11.07
6:35pm             44          3         13         49       49.3      29.61      11.07
6:40pm            235          2         13         48       49.0      29.61      11.07
6:45pm            335          1         13         48       48.8      29.62      11.07
6:50pm            262          5         13         49       48.6      29.62      11.07
6:55pm            209          0         13         49       48.5      29.62      11.07
7:00pm            221          1         13         50       48.4      29.62      11.07
7:05pm            281          2         17         49       48.2      29.63      11.07
7:10pm            212          0         17         49       47.9      29.63      11.07
7:15pm             51          2         17         51       47.8      29.64      11.07
7:20pm            110          3         17         51       47.5      29.64      11.07
7:25pm            113          1         17         50       47.3      29.64      11.07
7:30pm             65          1         17         51       47.1      29.65      11.07
7:35pm            155          3          6         51       46.9      29.65      11.07
7:40pm             58          3         14         50       46.8      29.65      11.07
7:45pm            234          1         14         51       46.6      29.65      11.07
7:50pm             75          0         14         52       46.3      29.66      11.07
7:55pm             37          0         14         50       46.3      29.66      11.07
8:00pm            252          1         14         50       46.2      29.66      11.07
8:05pm            235          4          8         50       46.0      29.66      11.07
8:10pm            180          3         10         49       45.9      29.66      11.07
8:15pm            281          2         10         51       45.8      29.67      11.07
8:20pm             46          1         10         51       45.5      29.67      11.07
8:25pm            195          0         12         52       45.4      29.67      11.07
8:30pm            321          1         12         52       45.2      29.67      11.07
8:35pm            224          0          3         53       44.9      29.68      11.07
8:40pm            269          1          6         53       44.6      29.68      11.07
8:45pm             91          0          6         53       44.4      29.68      11.07
8:50pm             56          0          6         54       44.1      29.69      11.07
8:55pm            286          0          6         53       44.1      29.69      11.07
9:00pm            257          1          6         54       43.9      29.69      11.07
9:05pm            241          1          2         55       43.6      29.70      11.07
9:10pm            246          1          4         55       43.3      29.70      11.07
9:15pm            264          2          4         55       43.2      29.70      11.07
9:20pm            271          2          5         56       42.9      29.70      11.07
9:25pm            263          0          5         57       42.7      29.70      11.07
9:30pm            127          1          5         56       42.6      29.71      11.07
9:35pm             91          0          4         56       42.4      29.71      11.07
9:40pm            184          1          4         56       42.4      29.71      11.07
9:45pm             58          0          4         56       42.4      29.72      11.07
9:50pm            325          0          4         56       42.3      29.72      11.07
9:55pm            274          0          4         57       42.2      29.72      11.07
10:00pm           283          0          4         59       42.0      29.72      11.07
10:05pm           270          0          1         60       41.6      29.72      11.07
10:10pm           276          0          1         60       41.3      29.72      11.07
10:15pm           276          0          1         62       40.9      29.72      11.07
10:20pm           276          0          1         63       40.6      29.72      11.07
10:25pm           276          0          1         64       40.4      29.72      11.07
10:30pm           228          0          1         63       40.4      29.72      11.07
10:35pm           228          0          0         65       40.2      29.72      11.07
10:40pm           229          0          0         66       40.1      29.72      11.07
10:45pm           229          0          0         67       39.9      29.72      11.07
10:50pm           228          0          0         69       39.7      29.72      11.07
10:55pm           229          0          0         68       39.5      29.72      11.07
11:00pm           228          0          0         68       39.5      29.73      11.07
11:05pm           193          0          0         69       39.6      29.72      11.07
11:10pm           193          0          0         70       39.7      29.73      11.07
11:15pm           193          0          0         70       39.7      29.73      11.07
11:20pm           193          0          0         70       39.5      29.73      11.07
11:25pm           193          0          0         71       39.5      29.73      11.07
11:30pm           232          0          1         70       39.5      29.73      11.07
11:35pm           232          0          1         71       39.6      29.74      11.07
11:40pm           232          0          1         72       39.6      29.74      11.07
11:45pm           232          0          1         73       39.7      29.74      11.07
11:50pm            35          1          3         71       40.0      29.74      11.07
11:55pm           349          2          5         70       40.5      29.74      11.07
