6/2/16
Time         Wind Dir   Wind Spd  Wind Gust   Humidity       Temp  Raw Barom   Tot Rain
                    °        mph        mph          %         °F         in         in
12:00am            79          5          9         87       57.2      30.14      12.01
12:05am            99          3          7         87       57.2      30.14      12.01
12:10am            91          0         10         86       57.2      30.14      12.01
12:15am            98          3         10         87       57.2      30.13      12.01
12:20am           139          2         10         86       57.3      30.13      12.01
12:25am            81          3         10         86       57.4      30.13      12.01
12:30am            94          4         10         86       57.4      30.13      12.01
12:35am           143          0          9         85       57.5      30.13      12.01
12:40am            94          0          9         85       57.6      30.13      12.01
12:45am            93          1          9         84       57.8      30.13      12.01
12:50am            64          3          9         84       57.8      30.13      12.01
12:55am            65          3          9         85       57.8      30.13      12.01
1:00am            103          8         11         85       57.7      30.13      12.01
1:05am             70          3          8         86       57.5      30.12      12.01
1:10am            112          5          8         86       57.3      30.12      12.01
1:15am             77          3          9         86       57.0      30.12      12.01
1:20am             70          5          9         86       56.8      30.12      12.01
1:25am             71          7          9         87       56.6      30.12      12.01
1:30am             98          2          9         87       56.6      30.12      12.01
1:35am            118          2         11         87       56.5      30.12      12.01
1:40am             72          6         11         88       56.5      30.13      12.01
1:45am            111          4         11         88       56.2      30.13      12.01
1:50am            137          0         11         88       56.1      30.13      12.01
1:55am             70          5         11         88       55.9      30.13      12.01
2:00am             72          5         11         88       55.8      30.13      12.01
2:05am             34          3          7         89       55.6      30.13      12.01
2:10am             96          6         10         89       55.5      30.12      12.01
2:15am             43          4         10         89       55.5      30.13      12.01
2:20am             73          3         10         89       55.5      30.13      12.01
2:25am             89          3         10         89       55.4      30.13      12.01
2:30am             84          2         10         89       55.4      30.13      12.01
2:35am             65          4          7         89       55.4      30.13      12.01
2:40am             98          2          8         88       55.5      30.13      12.01
2:45am            104          3          8         88       55.7      30.13      12.01
2:50am             89          2          8         88       55.6      30.13      12.01
2:55am            108          3          8         88       55.6      30.13      12.01
3:00am             60          2          8         88       55.6      30.13      12.01
3:05am             62          2          7         88       55.5      30.13      12.01
3:10am             73          3          7         89       55.4      30.13      12.01
3:15am             66          3          7         90       55.3      30.13      12.01
3:20am             94          1          7         90       55.1      30.13      12.01
3:25am             92          4          7         90       55.0      30.13      12.01
3:30am             69          4          7         90       54.9      30.13      12.01
3:35am             72          5          7         90       54.7      30.13      12.01
3:40am             64          5          8         91       54.7      30.13      12.01
3:45am            101          3          8         91       54.6      30.13      12.01
3:50am             84          4          8         91       54.5      30.13      12.01
3:55am             70          5          8         91       54.3      30.13      12.01
4:00am             98          4          8         91       54.2      30.13      12.01
4:05am             66          2          8         91       54.1      30.13      12.01
4:10am             84          3          8         91       54.0      30.13      12.01
4:15am             75          4          8         92       54.0      30.13      12.01
4:20am             52          3          8         92       53.9      30.13      12.01
4:25am             94          2          8         92       53.8      30.13      12.01
4:30am            104          3          8         92       53.7      30.13      12.01
4:35am             79          1          7         92       53.5      30.13      12.01
4:40am            135          3          7         92       53.5      30.13      12.01
4:45am             89          5          8         91       53.4      30.13      12.01
4:50am             97          5          9         91       53.3      30.13      12.01
4:55am             69          4          9         91       53.3      30.12      12.01
5:00am            105          2          9         92       53.3      30.12      12.01
5:05am            110          4          9         92       53.3      30.13      12.01
5:10am             81          3          9         92       53.2      30.13      12.01
5:15am             63          3          9         92       53.1      30.13      12.01
5:20am            102          5          9         92       53.0      30.13      12.01
5:25am            102          5          9         92       53.0      30.13      12.01
5:30am             93          7          9         92       53.0      30.13      12.01
5:35am             48          5         10         92       53.0      30.12      12.01
5:40am             78          6         12         92       53.2      30.12      12.01
5:45am             80          5         12         92       53.3      30.12      12.01
5:50am             87          7         12         92       53.3      30.13      12.01
5:55am             84          3         12         92       53.3      30.13      12.01
6:00am             62          6         12         92       53.2      30.13      12.01
6:05am             79          3          7         92       53.2      30.14      12.01
6:10am            130          0          7         92       53.3      30.14      12.01
6:15am            150          3          7         92       53.4      30.14      12.01
6:20am            102          1          7         92       53.5      30.14      12.01
6:25am             65          0          7         92       53.6      30.15      12.01
6:30am             95          2          7         93       53.8      30.15      12.01
6:35am            152          1          6         92       54.0      30.14      12.01
6:40am             93          3          6         92       54.1      30.15      12.01
6:45am            127          3          8         92       54.1      30.15      12.01
6:50am             89          3          9         92       54.1      30.14      12.01
6:55am            122          3         11         91       54.0      30.14      12.01
7:00am             96          6         11         92       53.9      30.14      12.01
7:05am             80          4          7         92       53.9      30.14      12.01
7:10am             94          4          7         92       54.0      30.14      12.01
7:15am            112          3          7         92       53.9      30.15      12.01
7:20am             86          5          8         92       53.9      30.15      12.01
7:25am             83          2          8         93       53.9      30.15      12.01
7:30am            111          6         10         93       53.9      30.15      12.01
7:35am             99          7         10         93       54.1      30.15      12.01
7:40am            100          5         10         93       54.3      30.15      12.01
7:45am             73          8         12         93       54.5      30.15      12.01
7:50am             56          9         12         92       54.6      30.15      12.01
7:55am            105          3         12         92       54.9      30.15      12.01
8:00am            124          3         12         91       55.0      30.15      12.01
8:05am            148          2         10         91       55.2      30.14      12.01
8:10am            153          1         12         90       55.4      30.15      12.01
8:15am             57          1         12         90       55.7      30.15      12.01
8:20am             58          7         14         89       56.0      30.14      12.01
8:25am             98          3         14         89       56.2      30.14      12.01
8:30am             71          6         14         89       56.7      30.14      12.01
8:35am             82          6         11         88       57.0      30.15      12.01
8:40am             97          2         11         87       57.0      30.15      12.01
8:45am             84          5         11         87       57.3      30.15      12.01
8:50am            133          4         12         88       57.2      30.15      12.01
8:55am            226          3         12         87       57.3      30.14      12.01
9:00am            113          3         12         87       57.6      30.14      12.01
9:05am            105          3         10         86       57.9      30.14      12.01
9:10am             86          0         10         86       58.0      30.14      12.01
9:15am            139          3         11         85       58.2      30.14      12.01
9:20am             96          3         11         86       58.4      30.14      12.01
9:25am            140          1         11         86       58.8      30.14      12.01
9:30am            103          3         11         83       59.6      30.14      12.01
9:35am             79          2          8         83       60.6      30.14      12.01
9:40am            233          5          8         80       60.8      30.14      12.01
9:45am            120          1          8         82       60.8      30.14      12.01
9:50am            226          3          8         80       61.4      30.14      12.01
9:55am            122          2          8         79       61.7      30.14      12.01
10:00am            97          3          8         81       62.0      30.14      12.01
10:05am            28          0          6         78       62.1      30.14      12.01
10:10am            85          7          7         78       62.4      30.14      12.01
10:15am            96          5          7         79       62.6      30.13      12.01
10:20am           161          1          9         78       62.5      30.13      12.01
10:25am           132          3          9         79       62.8      30.13      12.01
10:30am           102          7         11         77       62.6      30.13      12.01
10:35am           124          4         10         78       62.8      30.13      12.01
10:40am            80          3         12         76       63.2      30.13      12.01
10:45am            68          2         12         77       63.6      30.13      12.01
10:50am           120          3         12         75       63.8      30.12      12.01
10:55am           105          7         13         75       64.1      30.12      12.01
11:00am            70          3         13         75       63.9      30.12      12.01
11:05am            99          4          9         75       64.3      30.12      12.01
11:10am            77          5         14         72       64.6      30.12      12.01
11:15am           103          9         14         74       64.3      30.12      12.01
11:20am           140          8         14         74       64.3      30.12      12.01
11:25am            89          4         14         71       65.0      30.12      12.01
11:30am           136          2         14         71       65.0      30.12      12.01
11:35am           139          2         10         72       65.2      30.12      12.01
11:40am           255          2         10         70       65.4      30.12      12.01
11:45am            97          3         10         70       65.3      30.12      12.01
11:50am           160          1         10         72       65.4      30.11      12.01
11:55am           128          2         10         73       66.2      30.11      12.01
12:00pm            75         10         14         71       66.0      30.11      12.01
12:05pm           120          5         15         74       65.3      30.11      12.01
12:10pm           110          4         15         73       65.4      30.11      12.01
12:15pm           104          8         15         75       64.9      30.11      12.01
12:20pm            90          5         15         75       64.6      30.11      12.01
12:25pm            89          6         15         75       64.8      30.11      12.01
12:30pm           138          6         15         75       65.3      30.11      12.01
12:35pm           113          7         14         74       65.1      30.11      12.01
12:40pm            92          4         14         75       65.3      30.10      12.01
12:45pm           107          3         14         73       65.5      30.10      12.01
12:50pm           136          5         14         74       66.0      30.10      12.01
12:55pm           118          9         14         72       66.1      30.10      12.01
1:00pm            171          2         14         72       66.2      30.10      12.01
1:05pm             86          3         16         72       66.1      30.10      12.01
1:10pm             76          4         16         72       66.1      30.10      12.01
1:15pm            135          9         16         70       66.9      30.09      12.01
1:20pm             92          9         16         71       67.3      30.09      12.01
1:25pm            134          5         16         71       67.5      30.09      12.01
1:30pm             84          7         16         70       67.3      30.09      12.01
1:35pm            144          5         11         70       67.3      30.09      12.01
1:40pm            122          4         13         68       67.5      30.09      12.01
1:45pm             75          5         13         69       67.9      30.09      12.01
1:50pm            112          2         13         66       68.6      30.09      12.01
1:55pm             94          5         13         65       68.9      30.09      12.01
2:00pm             81          5         16         67       68.4      30.09      12.01
2:05pm             84          8         10         66       68.3      30.09      12.01
2:10pm            101          5         10         66       67.9      30.09      12.01
2:15pm            119          3         10         65       68.4      30.08      12.01
2:20pm            156          1         10         67       68.5      30.08      12.01
2:25pm             32          5         10         65       68.9      30.08      12.01
2:30pm             49         10         10         65       69.0      30.08      12.01
2:35pm             69          5         13         65       69.2      30.08      12.01
2:40pm             22          0         13         63       68.8      30.08      12.01
2:45pm             78          7         14         65       69.0      30.08      12.01
2:50pm             98          5         14         64       69.5      30.07      12.01
2:55pm            125          6         15         62       69.5      30.08      12.01
3:00pm            136          3         15         62       69.6      30.07      12.01
3:05pm            198          2          8         63       69.9      30.07      12.01
3:10pm             98          2         11         61       69.8      30.07      12.01
3:15pm             57          3         17         61       69.7      30.07      12.01
3:20pm            143          1         17         61       69.6      30.07      12.01
3:25pm            226          2         17         62       69.8      30.07      12.01
3:30pm            217          2         17         60       70.5      30.06      12.01
3:35pm             60          0          8         62       70.7      30.06      12.01
3:40pm            112          5         10         58       71.3      30.06      12.01
3:45pm            147          6         12         59       71.0      30.06      12.01
3:50pm            250          3         12         60       71.4      30.06      12.01
3:55pm            234          8         12         59       72.0      30.06      12.01
4:00pm             85          5         12         59       72.1      30.05      12.01
4:05pm            128          2         12         60       71.6      30.05      12.01
4:10pm            194          5         12         60       71.6      30.05      12.01
4:15pm            139          2         12         60       71.6      30.05      12.01
4:20pm            107          2         12         59       71.7      30.05      12.01
4:25pm            174          2         12         61       71.3      30.04      12.01
4:30pm            128          1         12         62       70.9      30.04      12.01
4:35pm             86          3         10         62       70.5      30.04      12.01
4:40pm             91          2         10         63       70.5      30.04      12.01
4:45pm            104          3         10         63       70.4      30.04      12.01
4:50pm             66          5         10         64       70.5      30.04      12.01
4:55pm             75          2         10         64       70.7      30.03      12.01
5:00pm             71          4         13         63       70.6      30.03      12.01
5:05pm            103          1          7         63       70.8      30.03      12.01
5:10pm             63          7         11         63       71.1      30.03      12.01
5:15pm             96          8         11         63       70.8      30.03      12.01
5:20pm            226          4         11         63       70.7      30.02      12.01
5:25pm            131          1         11         63       70.9      30.02      12.01
5:30pm            166          1         11         63       70.9      30.02      12.01
5:35pm             98          6         10         64       70.7      30.01      12.01
5:40pm            123          1         10         65       70.4      30.01      12.01
5:45pm            115          3         10         66       70.0      30.01      12.01
5:50pm             46          4         10         67       70.0      30.01      12.01
5:55pm            137          0         10         67       70.0      30.01      12.01
6:00pm             91          3         13         68       69.7      30.01      12.01
6:05pm             87          5         10         68       69.5      30.01      12.01
6:10pm            155          1         11         68       69.2      30.01      12.01
6:15pm             77          1         11         69       69.2      30.01      12.01
6:20pm             65          5         13         69       69.0      30.01      12.01
6:25pm            112          1         13         70       68.5      30.01      12.01
6:30pm             69          3         13         71       68.0      30.02      12.01
6:35pm             68          2          9         71       67.7      30.02      12.01
6:40pm            102          4         10         72       67.2      30.02      12.01
6:45pm             57          7         10         73       66.5      30.02      12.01
6:50pm             85          4         12         73       66.0      30.02      12.01
6:55pm            133          3         13         74       65.6      30.02      12.01
7:00pm             63         10         13         74       65.2      30.02      12.01
7:05pm            103          4         10         75       64.9      30.02      12.01
7:10pm             86          2         13         75       64.6      30.02      12.01
7:15pm            347          2         13         75       64.4      30.02      12.01
7:20pm             77          0         13         75       64.3      30.01      12.01
7:25pm            158          4         13         76       64.1      30.01      12.01
7:30pm            135          3         15         76       63.9      30.01      12.01
7:35pm            102          8         17         76       63.6      30.01      12.01
7:40pm             96          1         17         77       63.5      30.01      12.01
7:45pm             86          1         17         77       63.3      30.02      12.01
7:50pm            123          4         17         77       63.0      30.01      12.01
7:55pm             45          6         17         78       62.9      30.02      12.01
8:00pm             90          3         17         78       62.6      30.01      12.01
8:05pm             69          4         17         79       62.5      30.01      12.01
8:10pm             94          3         17         79       62.3      30.01      12.01
8:15pm             84          4         17         79       62.1      30.01      12.01
8:20pm             77          6         17         80       61.9      30.02      12.01
8:25pm            124          1         17         80       61.7      30.02      12.01
8:30pm             98          0         17         81       61.6      30.01      12.01
8:35pm            133          6          9         81       61.4      30.01      12.01
8:40pm             68          4         13         81       61.2      30.02      12.01
8:45pm            164          3         13         81       60.9      30.02      12.01
8:50pm             81          9         13         82       60.8      30.01      12.01
8:55pm             84          3         13         82       60.6      30.02      12.01
9:00pm             86          0         13         82       60.3      30.03      12.01
9:05pm             37          3          8         83       60.1      30.03      12.01
9:10pm             61          1          8         83       59.9      30.03      12.01
9:15pm            133          3          8         84       59.7      30.03      12.01
9:20pm            146          3         10         84       59.4      30.03      12.01
9:25pm             75          4         12         84       59.0      30.03      12.01
9:30pm             60          6         13         85       58.6      30.04      12.01
9:35pm             80         13         13         85       58.3      30.04      12.01
9:40pm            124          2         13         86       58.0      30.04      12.01
9:45pm            139          7         13         86       57.9      30.04      12.01
9:50pm            142          9         14         86       57.6      30.04      12.01
9:55pm             82          7         14         87       57.4      30.04      12.01
10:00pm            91          4         16         88       57.1      30.04      12.01
10:05pm           120          5         10         88       56.9      30.04      12.01
10:10pm            72          5         11         88       56.8      30.04      12.01
10:15pm           123          2         11         88       56.7      30.04      12.01
10:20pm           184          3         11         89       56.7      30.04      12.01
10:25pm            56          3         14         89       56.6      30.04      12.01
10:30pm           236          3         14         89       56.5      30.05      12.01
10:35pm            65          5          9         89       56.3      30.05      12.01
10:40pm            54          7         11         90       56.0      30.05      12.01
10:45pm            64          8         14         90       55.8      30.05      12.01
10:50pm           104          4         14         90       55.6      30.05      12.01
10:55pm           171          2         14         91       55.4      30.05      12.01
11:00pm            70          3         14         91       55.3      30.04      12.01
11:05pm           120          4         10         91       55.1      30.04      12.01
11:10pm            70          7         11         91       55.1      30.04      12.01
11:15pm           134          8         11         92       54.9      30.04      12.01
11:20pm           123          4         11         92       54.9      30.04      12.01
11:25pm            82          2         11         92       54.9      30.04      12.01
11:30pm            94          5         11         92       54.8      30.04      12.01
11:35pm           110          1          9         92       54.8      30.04      12.01
11:40pm            94          1          9         93       54.8      30.04      12.01
11:45pm            90          3          9         93       54.9      30.04      12.01
11:50pm            91          5          9         93       54.8      30.04      12.01
11:55pm            62          4          9         93       54.7      30.04      12.01
