6/24/16
Time         Wind Dir   Wind Spd  Wind Gust   Humidity       Temp  Raw Barom   Tot Rain
                    °        mph        mph          %         °F         in         in
12:00am           276          0          1         89       53.9      29.88      12.01
12:05am           267          1          2         89       53.7      29.88      12.01
12:10am           266          0          2         90       53.4      29.88      12.01
12:15am           266          0          2         90       53.2      29.88      12.01
12:20am           266          0          2         91       53.0      29.88      12.01
12:25am           266          0          2         91       53.0      29.88      12.01
12:30am           266          0          2         91       52.9      29.88      12.01
12:35am           266          0          0         91       52.7      29.87      12.01
12:40am           266          0          1         91       52.6      29.88      12.01
12:45am           277          2          2         91       52.4      29.88      12.01
12:50am           284          1          2         92       52.5      29.88      12.01
12:55am           283          2          2         92       52.4      29.88      12.01
1:00am            280          0          2         91       52.2      29.88      12.01
1:05am            280          0          1         92       51.9      29.88      12.01
1:10am            287          0          1         92       51.7      29.88      12.01
1:15am            283          1          1         93       51.7      29.88      12.01
1:20am            256          2          3         93       51.7      29.88      12.01
1:25am            285          1          3         93       51.6      29.88      12.01
1:30am            285          0          3         93       51.4      29.88      12.01
1:35am            285          0          0         93       51.2      29.88      12.01
1:40am            285          0          0         93       51.1      29.88      12.01
1:45am            285          0          0         93       51.0      29.88      12.01
1:50am            285          0          0         93       50.9      29.88      12.01
1:55am            285          0          0         94       50.8      29.88      12.01
2:00am            278          0          2         94       51.1      29.89      12.01
2:05am            278          0          1         93       50.9      29.89      12.01
2:10am            278          0          1         94       50.8      29.89      12.01
2:15am            278          0          1         94       50.7      29.89      12.01
2:20am            278          0          1         94       50.6      29.89      12.01
2:25am            278          0          1         94       50.5      29.89      12.01
2:30am            278          0          1         94       50.4      29.89      12.01
2:34am            278          0          1         94       50.5      29.89      12.01
2:40am            276          1          1         94       50.6      29.89      12.01
2:45am            276          1          2         94       50.7      29.90      12.01
2:50am            275          0          2         94       50.5      29.90      12.01
2:55am            281          0          2         93       50.1      29.90      12.01
3:00am            276          0          2         93       49.8      29.90      12.01
3:05am            276          0          1         94       49.6      29.90      12.01
3:10am            268          0          2         94       49.6      29.90      12.01
3:15am            268          0          2         94       49.7      29.91      12.01
3:20am            268          0          2         94       49.6      29.90      12.01
3:25am            268          0          2         95       49.7      29.90      12.01
3:30am            268          0          2         94       49.6      29.90      12.01
3:35am            268          0          0         95       49.6      29.90      12.01
3:40am            268          0          1         95       49.6      29.90      12.01
3:45am            268          0          1         95       49.6      29.90      12.01
3:50am            271          0          1         95       49.6      29.91      12.01
3:55am            271          0          1         95       49.6      29.91      12.01
4:00am            283          1          1         95       49.5      29.91      12.01
4:05am            283          0          1         95       49.5      29.91      12.01
4:10am            281          2          2         95       49.5      29.91      12.01
4:15am            254          0          2         94       49.1      29.92      12.01
4:20am            266          0          2         94       48.7      29.92      12.01
4:25am            265          0          2         94       48.4      29.92      12.01
4:30am            278          0          2         95       48.3      29.92      12.01
4:35am            278          0          0         95       48.3      29.92      12.01
4:40am            278          0          1         95       48.1      29.92      12.01
4:45am            278          0          1         95       48.0      29.93      12.01
4:50am            278          0          1         95       47.9      29.93      12.01
4:55am            278          0          1         95       47.8      29.93      12.01
5:00am            278          0          1         95       47.8      29.93      12.01
5:05am            278          0          0         95       47.7      29.93      12.01
5:10am            278          0          1         95       47.6      29.93      12.01
5:15am            278          0          1         95       47.5      29.93      12.01
5:20am            278          0          1         95       47.5      29.93      12.01
5:25am            274          0          1         96       47.5      29.94      12.01
5:30am            272          1          1         95       47.4      29.94      12.01
5:35am            272          0          1         96       47.4      29.94      12.01
5:40am            273          1          1         96       47.6      29.94      12.01
5:45am            273          0          1         95       47.8      29.95      12.01
5:50am            281          1          2         95       48.0      29.95      12.01
5:55am            273          1          2         95       48.1      29.95      12.01
6:00am            266          0          2         94       48.2      29.96      12.01
6:05am            224          0          1         94       48.5      29.96      12.01
6:10am            229          0          1         94       48.8      29.96      12.01
6:15am            266          0          2         93       49.0      29.97      12.01
6:20am            229          0          2         93       49.1      29.97      12.01
6:25am            232          0          2         93       49.6      29.97      12.01
6:30am            217          0          2         93       50.1      29.97      12.01
6:35am            261          0          1         92       50.4      29.97      12.01
6:40am            251          0          1         92       50.7      29.97      12.01
6:45am            261          1          1         91       50.9      29.98      12.01
6:50am            278          1          2         92       51.3      29.98      12.01
6:55am            266          0          2         90       51.4      29.98      12.01
7:00am            281          1          2         90       51.6      29.98      12.01
7:05am            283          0          2         90       51.9      29.99      12.01
7:10am            276          1          3         90       52.3      29.99      12.01
7:15am            274          1          3         89       53.0      29.99      12.01
7:20am            266          1          3         88       53.7      29.99      12.01
7:25am            274          0          3         87       54.3      29.99      12.01
7:30am            276          0          3         86       54.9      29.99      12.01
7:35am            275          0          2         85       55.4      29.99      12.01
7:40am            263          1          3         85       55.9      29.99      12.01
7:44am            262          1          3         84       56.6      29.99      12.01
7:50am            265          1          4         83       56.9      30.00      12.01
7:55am            269          1          4         83       57.6      29.99      12.01
8:00am            278          2          4         82       58.2      30.00      12.01
8:05am            280          2          3         81       58.7      30.00      12.01
8:10am            253          0          3         79       59.1      30.00      12.01
8:15am            282          1          4         78       59.6      30.00      12.01
8:20am            274          3          5         78       60.0      30.00      12.01
8:25am            281          2          5         76       60.5      30.00      12.01
8:30am            254          1          5         75       60.8      30.01      12.01
8:35am            271          1          2         76       61.3      30.01      12.01
8:40am            274          1          3         74       61.8      30.01      12.01
8:45am            275          0          3         76       62.6      30.01      12.01
8:50am            282          2          3         73       63.4      30.01      12.01
8:55am            213          1          3         72       63.6      30.01      12.01
9:00am            288          2          3         70       64.7      30.01      12.01
9:05am            279          1          4         69       64.7      30.01      12.01
9:10am            283          3          4         69       65.3      30.01      12.01
9:15am            289          2          4         65       66.1      30.01      12.01
9:20am            235          0          4         65       66.4      30.01      12.01
9:25am            215          1          4         62       67.3      30.01      12.01
9:30am            290          0          4         58       67.7      30.01      12.01
9:35am            259          2          3         58       68.6      30.01      12.01
9:40am            245          1          3         58       69.5      30.01      12.01
9:45am            206          0          3         54       69.8      30.01      12.01
9:50am            138          1          3         53       69.9      30.01      12.01
9:55am            122          1          3         54       69.9      30.01      12.01
10:00am           120          2          5         50       70.2      30.01      12.01
10:05am           136          1          7         50       70.2      30.02      12.01
10:10am           113          0          7         48       70.4      30.02      12.01
10:15am           141          1          7         46       71.2      30.02      12.01
10:20am           276          1         10         47       71.4      30.02      12.01
10:25am            86          3         10         45       71.3      30.02      12.01
10:30am           162          0         10         44       71.4      30.02      12.01
10:35am           276          2          4         44       71.8      30.02      12.01
10:40am            86          3          5         46       71.8      30.02      12.01
10:45am             6          0          5         45       71.6      30.02      12.01
10:50am           234          2          5         47       72.3      30.02      12.01
10:55am            96          1         10         43       72.4      30.02      12.01
11:00am           217          3         10         45       73.1      30.03      12.01
11:05am           162          2          5         44       73.2      30.03      12.01
11:10am           232          3          5         41       73.2      30.03      12.01
11:15am            30          0          6         42       73.0      30.03      12.01
11:20am            87          2          6         43       73.2      30.03      12.01
11:25am            70          5          6         40       73.5      30.03      12.01
11:30am           258          4          6         41       73.6      30.03      12.01
11:35am            33          1          4         43       73.5      30.03      12.01
11:40am           249          0          5         44       73.6      30.03      12.01
11:45am            34          0          5         43       74.4      30.03      12.01
11:50am           195          2          8         41       74.3      30.03      12.01
11:55am           195          0          8         39       75.0      30.03      12.01
12:00pm            68          5          9         41       74.5      30.03      12.01
12:05pm           146          2          5         41       74.2      30.03      12.01
12:10pm           151          4          6         40       74.7      30.03      12.01
12:15pm           314          3          6         41       74.8      30.03      12.01
12:20pm           105          1          8         40       74.9      30.03      12.01
12:25pm            91          2          8         42       74.0      30.03      12.01
12:30pm           130          0          8         43       73.7      30.03      12.01
12:35pm           282          4          6         42       74.6      30.03      12.01
12:40pm           292          4          6         41       74.3      30.03      12.01
12:45pm           113          2          6         39       75.0      30.03      12.01
12:50pm            39          0          6         38       75.0      30.03      12.01
12:55pm            75          2          6         40       75.1      30.03      12.01
1:00pm            227          3          6         38       75.7      30.02      12.01
1:05pm             62          4          6         37       75.8      30.02      12.01
1:10pm             81          0          6         39       75.3      30.03      12.01
1:15pm             82          6         10         37       75.7      30.03      12.01
1:20pm            162          2         10         38       75.6      30.02      12.01
1:25pm            243          5         10         36       75.1      30.02      12.01
1:30pm            290          2         10         39       75.5      30.02      12.01
1:35pm            141          1          4         36       76.1      30.02      12.01
1:40pm            146          1          6         37       76.3      30.02      12.01
1:45pm            272          2          6         37       76.6      30.02      12.01
1:50pm            283          2          9         36       76.4      30.02      12.01
1:55pm            292          5          9         38       76.2      30.02      12.01
2:00pm            288          2          9         36       75.5      30.02      12.01
2:05pm            213          2          5         38       75.3      30.02      12.01
2:10pm             94          1          5         40       75.8      30.02      12.01
2:15pm             11          4          6         37       76.6      30.01      12.01
2:20pm            238          3          6         37       76.9      30.02      12.01
2:25pm            214          2          6         35       77.1      30.01      12.01
2:30pm             84          1          6         37       76.9      30.01      12.01
2:35pm            270          2          4         37       77.0      30.02      12.01
2:40pm            264          3          7         35       76.9      30.02      12.01
2:45pm            248          4          7         34       76.9      30.02      12.01
2:50pm            231          1          7         36       77.4      30.02      12.01
2:55pm             63          2          8         38       77.5      30.02      12.01
3:00pm            156          2          8         35       77.6      30.02      12.01
3:05pm            216          1          6         34       77.0      30.02      12.01
3:10pm             56          0          6         37       77.4      30.02      12.01
3:15pm            115          2          6         34       77.8      30.02      12.01
3:20pm             89          0          6         36       77.8      30.02      12.01
3:25pm            229          1          6         33       78.2      30.02      12.01
3:30pm            268          2          6         34       77.7      30.02      12.01
3:35pm            187          2          6         34       78.1      30.02      12.01
3:40pm            236          2          6         36       78.3      30.01      12.01
3:45pm             46          1          6         34       78.7      30.01      12.01
3:50pm            131          2          6         35       78.4      30.02      12.01
3:55pm            130          0          6         35       78.3      30.01      12.01
4:00pm             85          2          6         35       78.1      30.01      12.01
4:05pm             68          3          4         36       78.0      30.01      12.01
4:10pm            251          1          4         37       78.8      30.01      12.01
4:15pm            220          1          4         36       79.5      30.01      12.01
4:20pm            219          1          4         34       79.9      30.01      12.01
4:25pm            171          1          4         34       79.8      30.01      12.01
4:30pm             71          1          4         36       79.4      30.01      12.01
4:35pm             84          2          3         35       79.0      30.01      12.01
4:40pm             58          0          3         35       78.2      30.01      12.01
4:45pm            103          2          3         37       77.8      30.01      12.01
4:50pm            139          0          3         35       77.9      30.01      12.01
4:55pm             76          1          3         36       78.6      30.01      12.01
5:00pm             78          1          3         38       78.6      30.01      12.01
5:05pm             22          0          4         37       78.4      30.01      12.01
5:10pm            323          1          4         37       79.1      30.01      12.01
5:15pm             70          1          4         39       79.6      30.01      12.01
5:20pm            263          1          4         38       78.6      30.00      12.01
5:25pm             86          0          4         39       78.3      30.00      12.01
5:30pm             86          2          4         37       78.3      30.00      12.01
5:35pm             99          0          3         38       77.7      30.00      12.01
5:40pm             98          0          3         37       77.5      30.00      12.01
5:45pm             84          0          3         40       77.3      30.01      12.01
5:50pm             89          1          3         39       77.1      30.01      12.01
5:55pm            136          0          4         40       76.8      30.01      12.01
6:00pm             75          0          4         40       76.6      30.01      12.01
6:05pm            119          1          3         40       76.3      30.01      12.01
6:10pm             62          2          5         39       76.1      30.01      12.01
6:15pm            144          0          5         39       76.1      30.01      12.01
6:20pm             79          0          5         40       76.1      30.01      12.01
6:25pm             78          0          5         41       75.6      30.01      12.01
6:30pm            134          0          5         40       75.2      30.02      12.01
6:35pm             80          0          2         44       75.0      30.02      12.01
6:40pm             49          0          2         42       74.7      30.02      12.01
6:45pm             49          0          2         44       74.6      30.02      12.01
6:50pm             49          0          2         42       74.5      30.02      12.01
6:55pm             49          0          2         43       74.3      30.02      12.01
7:00pm             49          1          2         45       73.8      30.02      12.01
7:05pm             39          1          2         47       73.3      30.02      12.01
7:10pm             38          0          2         45       73.1      30.02      12.01
7:15pm             39          1          2         46       72.8      30.03      12.01
7:20pm             39          0          2         45       72.6      30.03      12.01
7:25pm             39          0          2         47       72.7      30.03      12.01
7:30pm             39          0          2         46       72.5      30.03      12.01
7:35pm             39          0          1         48       72.2      30.03      12.01
7:40pm             39          0          1         50       71.9      30.03      12.01
7:45pm             39          0          1         51       71.6      30.03      12.01
7:50pm             39          0          1         52       71.3      30.03      12.01
7:55pm             39          0          1         53       71.0      30.03      12.01
8:00pm             39          0          1         54       70.6      30.03      12.01
8:05pm             39          0          0         56       70.3      30.04      12.01
8:10pm             39          0          0         61       69.9      30.04      12.01
8:15pm             39          0          0         63       69.4      30.04      12.01
8:20pm             39          0          0         64       68.8      30.04      12.01
8:25pm             39          0          0         65       68.3      30.04      12.01
8:30pm             39          0          0         64       67.8      30.04      12.01
8:35pm             39          0          0         64       67.5      30.04      12.01
8:40pm             39          0          0         65       66.9      30.04      12.01
8:45pm             39          0          0         67       66.4      30.04      12.01
8:50pm             39          0          0         68       65.9      30.05      12.01
8:55pm             39          0          0         70       65.3      30.05      12.01
9:00pm             39          0          0         70       64.8      30.05      12.01
9:05pm             39          0          0         70       64.3      30.05      12.01
9:10pm             39          0          0         71       63.9      30.05      12.01
9:15pm             39          0          0         72       63.6      30.05      12.01
9:20pm             39          0          0         73       63.5      30.05      12.01
9:25pm             39          0          0         74       63.2      30.05      12.01
9:30pm              2          0          1         76       63.1      30.06      12.01
9:35pm            269          0          1         77       63.0      30.06      12.01
9:40pm            269          0          1         77       62.6      30.06      12.01
9:45pm            269          1          1         77       62.2      30.06      12.01
9:50pm            269          0          1         78       62.0      30.06      12.01
9:54pm            269          0          1         79       61.7      30.06      12.01
10:00pm           269          0          1         80       61.5      30.06      12.01
10:05pm            82          0          2         83       61.6      30.06      12.01
10:10pm           110          0          2         82       62.0      30.06      12.01
10:15pm           296          0          2         82       62.1      30.06      12.01
10:20pm           296          0          2         82       62.0      30.06      12.01
10:25pm           296          0          2         83       61.7      30.07      12.01
10:30pm           296          0          2         83       61.4      30.07      12.01
10:35pm           296          0          0         84       61.2      30.06      12.01
10:40pm           297          0          0         84       60.9      30.06      12.01
10:45pm           297          0          0         85       60.6      30.06      12.01
10:50pm           296          0          0         86       60.6      30.06      12.01
10:55pm           297          0          0         85       60.3      30.06      12.01
11:00pm           297          0          0         85       60.0      30.06      12.01
11:05pm           296          0          0         86       59.7      30.06      12.01
11:10pm           296          0          0         87       59.4      30.06      12.01
11:15pm           133          0          1         88       59.2      30.06      12.01
11:20pm            79          1          2         87       59.7      30.06      12.01
11:25pm           105          0          3         83       60.7      30.06      12.01
11:30pm           296          1          3         84       61.0      30.06      12.01
11:35pm           292          0          1         85       60.5      30.06      12.01
11:40pm           294          0          1         85       60.2      30.06      12.01
11:45pm           294          0          1         84       59.8      30.06      12.01
11:50pm           293          0          1         84       59.5      30.06      12.01
11:55pm           293          0          1         85       59.3      30.06      12.01
