6/10/16
Time         Wind Dir   Wind Spd  Wind Gust   Humidity       Temp  Raw Barom   Tot Rain
                    °        mph        mph          %         °F         in         in
12:00am           284          2          7         65       49.7      29.74      12.01
12:05am           284          1          3         66       49.5      29.74      12.01
12:10am           256          1          5         66       49.5      29.74      12.01
12:15am           356          1          9         66       49.4      29.74      12.01
12:20am            94          2          9         66       49.4      29.74      12.01
12:25am           232          0          9         66       49.4      29.74      12.01
12:30am           122          0          9         66       49.3      29.74      12.01
12:35am           202          1          4         66       49.3      29.74      12.01
12:40am           253          1          4         67       49.3      29.74      12.01
12:45am            43          1          4         67       49.2      29.74      12.01
12:50am           184          0          4         67       49.2      29.74      12.01
12:55am           164          0          4         68       49.0      29.74      12.01
1:00am             97          2          6         68       49.0      29.74      12.01
1:05am            171          2          3         68       49.0      29.74      12.01
1:10am             91          0          7         68       49.2      29.74      12.01
1:15am            301          1          7         68       49.2      29.74      12.01
1:20am            181          0          7         68       49.3      29.74      12.01
1:25am            262          1          7         68       49.2      29.74      12.01
1:30am             82          4          8         68       49.3      29.74      12.01
1:35am            248          1          4         69       49.3      29.74      12.01
1:40am            241          2          5         69       49.2      29.74      12.01
1:45am            257          4          5         70       49.1      29.74      12.01
1:50am             15          1          5         70       49.1      29.74      12.01
1:55am             39          2          5         70       49.0      29.74      12.01
2:00am             90          0          5         71       49.0      29.75      12.01
2:05am            264          0          2         71       48.9      29.75      12.01
2:10am            267          1          7         71       48.8      29.75      12.01
2:15am            271          2          7         71       48.9      29.75      12.01
2:20am            277          0          7         72       48.9      29.75      12.01
2:25am            304          1          7         72       48.9      29.75      12.01
2:30am            282          0          7         72       48.9      29.75      12.01
2:35am            217          0          2         72       49.0      29.75      12.01
2:40am            293          1          6         72       49.0      29.75      12.01
2:45am            176          0          6         71       49.1      29.75      12.01
2:50am            278          0          6         71       49.2      29.75      12.01
2:55am            267          1          9         71       49.2      29.75      12.01
3:00am             23          2          9         71       49.3      29.75      12.01
3:05am            102          0          6         72       49.2      29.75      12.01
3:10am            236          3         14         72       49.2      29.75      12.01
3:15am            298          3         14         72       49.2      29.75      12.01
3:20am              8          2         14         72       49.2      29.76      12.01
3:25am            279          3         14         72       49.2      29.76      12.01
3:30am            153          2         14         73       49.1      29.76      12.01
3:35am            236          4          4         72       49.1      29.75      12.01
3:40am            234          1          7         73       49.0      29.76      12.01
3:45am             70          1          9         73       48.9      29.76      12.01
3:50am            358          3         12         73       48.9      29.76      12.01
3:55am            117          0         12         73       48.8      29.77      12.01
4:00am             58          0         12         74       48.8      29.77      12.01
4:05am             73          1          2         75       48.7      29.77      12.01
4:10am            162          1          4         75       48.7      29.77      12.01
4:15am            174          1          5         75       48.7      29.77      12.01
4:20am            200          0          5         76       48.5      29.78      12.01
4:25am            157          2          5         76       48.4      29.78      12.01
4:30am            288          6          8         76       48.3      29.78      12.01
4:35am            285          4          6         77       48.2      29.79      12.01
4:40am            166          0          6         77       48.1      29.79      12.01
4:45am            121          0          8         77       48.0      29.79      12.01
4:50am             99          1          8         78       47.8      29.80      12.01
4:55am            242          2          8         78       47.7      29.80      12.01
5:00am            119          3          8         78       47.6      29.80      12.01
5:05am            283          0          7         78       47.6      29.80      12.01
5:10am             27          1          7         77       47.6      29.80      12.01
5:15am            268          6          7         78       47.7      29.80      12.01
5:20am             22          0          7         77       47.7      29.80      12.01
5:25am             95          2         10         76       47.6      29.80      12.01
5:30am            116          1         10         77       47.7      29.80      12.01
5:35am            322          1          6         77       47.6      29.81      12.01
5:40am             60          3          6         76       47.6      29.81      12.01
5:45am            229          2          6         77       47.5      29.81      12.01
5:50am            210          3          6         77       47.6      29.81      12.01
5:55am            193          0          6         77       47.5      29.82      12.01
6:00am             68          0          6         77       47.5      29.82      12.01
6:05am            240          0          2         77       47.5      29.82      12.01
6:10am            238          1          3         77       47.5      29.82      12.01
6:15am            296          2          8         77       47.4      29.83      12.01
6:20am            286          1          9         77       47.4      29.83      12.01
6:25am              7          1          9         77       47.4      29.83      12.01
6:30am            276          6          9         77       47.4      29.83      12.01
6:35am              4          2          8         77       47.3      29.83      12.01
6:40am            166          2          9         77       47.2      29.83      12.01
6:45am            246          1          9         78       47.2      29.84      12.01
6:50am             77          0          9         78       47.3      29.84      12.01
6:55am             55          0         12         78       47.4      29.84      12.01
7:00am            294          0         12         78       47.5      29.84      12.01
7:05am            284          3          3         78       47.5      29.84      12.01
7:10am            326          4          6         77       47.4      29.84      12.01
7:15am            293          0          6         78       47.5      29.85      12.01
7:20am            239          1          6         78       47.6      29.85      12.01
7:25am             39          5          6         78       47.7      29.85      12.01
7:30am             70          0          7         78       47.7      29.85      12.01
7:35am            206          1          7         78       47.6      29.85      12.01
7:40am            224          0          7         78       47.7      29.85      12.01
7:45am            256          0          7         78       47.7      29.86      12.01
7:50am            101          0          7         79       47.7      29.86      12.01
7:55am            274          2          7         78       47.8      29.86      12.01
8:00am            281          1          7         78       48.0      29.86      12.01
8:05am            243          1          6         78       48.2      29.86      12.01
8:10am            295          1         10         77       48.2      29.86      12.01
8:15am            298          4         10         78       48.1      29.86      12.01
8:20am             42          0         10         78       48.1      29.86      12.01
8:25am            228          0         10         78       48.3      29.86      12.01
8:30am            158          1         10         78       48.1      29.86      12.01
8:35am             35          0          6         79       48.1      29.87      12.01
8:40am             39          2          6         79       48.1      29.87      12.01
8:45am             82          3         10         78       48.1      29.87      12.01
8:50am            113          3         10         79       48.3      29.87      12.01
8:55am             42          2         10         78       48.7      29.87      12.01
9:00am            266          2         10         77       48.9      29.87      12.01
9:05am            254          0          4         78       49.3      29.87      12.01
9:10am            123          1          8         76       49.5      29.87      12.01
9:15am            275          1          8         77       49.6      29.88      12.01
9:20am            300          1          9         76       49.7      29.88      12.01
9:25am            111          1          9         77       50.3      29.88      12.01
9:30am            246          2          9         75       50.9      29.88      12.01
9:35am            127          0          5         74       51.3      29.88      12.01
9:40am            283          0          7         75       51.5      29.88      12.01
9:45am             91          3          7         73       52.2      29.88      12.01
9:50am            156          1          7         73       52.2      29.88      12.01
9:55am            282          3          7         71       52.5      29.88      12.01
10:00am            68          0          7         73       52.6      29.88      12.01
10:05am           249          5          7         73       53.1      29.88      12.01
10:10am           314          1          7         70       53.4      29.88      12.01
10:15am           207          4          8         70       54.0      29.88      12.01
10:20am           275          6          9         69       54.9      29.88      12.01
10:25am           223          1          9         69       54.9      29.88      12.01
10:30am           111          3         10         70       55.0      29.88      12.01
10:35am           262          5          9         70       55.3      29.89      12.01
10:40am            87          1          9         69       54.6      29.90      12.01
10:45am           119          2          9         70       54.2      29.90      12.01
10:50am            46          1          9         70       54.2      29.90      12.01
10:55am            14          2          9         69       54.6      29.90      12.01
11:00am           272          2         11         68       54.8      29.90      12.01
11:05am           212          3          8         69       55.5      29.90      12.01
11:10am            98          3         12         69       55.4      29.90      12.01
11:15am           284         11         12         69       56.5      29.90      12.01
11:20am           302          2         13         67       56.1      29.91      12.01
11:25am           243          3         13         67       56.6      29.91      12.01
11:30am           309          4         13         66       56.0      29.91      12.01
11:35am           257          1         11         70       56.6      29.91      12.01
11:40am           250          3         11         66       57.1      29.91      12.01
11:45am           195          0         11         68       57.5      29.92      12.01
11:50am           274          3         11         65       57.7      29.92      12.01
11:55am           182          8         11         65       57.4      29.92      12.01
12:00pm           315          3         11         65       56.9      29.92      12.01
12:05pm           245          0          8         65       56.8      29.92      12.01
12:10pm            46          6          8         66       57.6      29.92      12.01
12:15pm           240          3         12         66       58.0      29.92      12.01
12:20pm           272          3         12         64       58.8      29.92      12.01
12:25pm           137          1         12         62       59.4      29.92      12.01
12:30pm           268          4         12         62       60.3      29.93      12.01
12:35pm           174          3         10         58       60.3      29.92      12.01
12:40pm           104          3         10         60       59.2      29.92      12.01
12:45pm            58          3         10         64       59.0      29.93      12.01
12:50pm            13          2         10         64       58.6      29.92      12.01
12:55pm           262          2         10         62       59.2      29.92      12.01
1:00pm            271          4         10         61       59.3      29.92      12.01
1:05pm             32          1         10         63       59.2      29.92      12.01
1:10pm            309          4         11         62       59.6      29.92      12.01
1:15pm             67          4         11         63       60.4      29.92      12.01
1:20pm            252          1         11         62       61.1      29.92      12.01
1:25pm            197          0         11         61       61.1      29.92      12.01
1:30pm            281          3         11         61       61.3      29.92      12.01
1:35pm            115          3          6         61       61.3      29.92      12.01
1:40pm             44          2          8         60       61.3      29.92      12.01
1:45pm             91          2          9         60       61.3      29.92      12.01
1:50pm            159          3          9         65       62.1      29.92      12.01
1:55pm            117          0          9         58       63.2      29.92      12.01
2:00pm             19          1          9         59       63.5      29.91      12.01
2:05pm            223          3          8         57       63.5      29.91      12.01
2:10pm            147          4          8         58       63.4      29.91      12.01
2:15pm             89          5         10         57       63.1      29.91      12.01
2:20pm            302          1         10         58       62.6      29.91      12.01
2:25pm             98          3         10         61       62.3      29.91      12.01
2:30pm             95          4         10         60       61.9      29.91      12.01
2:35pm            179          2          7         60       62.1      29.91      12.01
2:40pm            297          4          8         59       62.5      29.91      12.01
2:45pm            279          4          8         60       62.5      29.91      12.01
2:50pm            125          1         11         59       62.8      29.90      12.01
2:55pm            251          5         12         60       63.2      29.90      12.01
3:00pm            270          1         13         57       63.8      29.90      12.01
3:05pm             68          8          8         61       64.6      29.90      12.01
3:10pm            273          6         13         56       64.3      29.90      12.01
3:15pm            293          1         13         56       64.6      29.90      12.01
3:20pm            212          2         13         56       64.7      29.89      12.01
3:25pm            230          2         13         56       64.7      29.90      12.01
3:30pm            123          5         13         57       65.3      29.90      12.01
3:35pm            323          0         14         55       65.0      29.90      12.01
3:40pm            266          1         14         57       65.1      29.90      12.01
3:45pm             96          1         14         56       64.8      29.90      12.01
3:50pm            259          6         14         57       64.6      29.90      12.01
3:55pm            252          1         14         57       65.4      29.90      12.01
4:00pm             22          2         14         54       65.5      29.90      12.01
4:05pm            214          1          8         56       66.0      29.90      12.01
4:10pm            291          1          8         53       66.5      29.90      12.01
4:15pm            235          0          8         53       66.1      29.90      12.01
4:20pm            264          4          8         54       66.6      29.90      12.01
4:25pm            152          2          8         53       66.9      29.90      12.01
4:30pm            281          2          8         54       67.0      29.90      12.01
4:35pm            278          1          7         54       66.2      29.90      12.01
4:40pm            266          4          7         55       65.5      29.89      12.01
4:45pm             71          1          7         56       65.0      29.90      12.01
4:50pm            272          0          7         57       64.5      29.90      12.01
4:55pm             51          0          7         57       64.3      29.90      12.01
5:00pm            328          0          7         57       64.1      29.90      12.01
5:05pm            305          2          4         58       63.9      29.90      12.01
5:10pm            261          3          5         59       64.2      29.90      12.01
5:15pm            264          0          5         57       64.8      29.90      12.01
5:20pm             69          0          5         57       64.7      29.90      12.01
5:25pm             55          2          5         57       65.2      29.90      12.01
5:30pm            159          0          5         58       65.4      29.90      12.01
5:35pm            166          2          4         57       65.8      29.91      12.01
5:40pm            222          3          5         55       66.1      29.90      12.01
5:45pm            326          1          9         54       66.5      29.91      12.01
5:50pm            250          2          9         53       67.0      29.91      12.01
5:55pm            152          2          9         51       67.1      29.91      12.01
6:00pm            313          4          9         52       66.5      29.91      12.01
6:05pm            315          1          7         53       66.3      29.91      12.01
6:10pm            121          2          9         53       66.5      29.91      12.01
6:15pm            146          0          9         54       66.0      29.91      12.01
6:20pm             80          0          9         54       65.3      29.91      12.01
6:25pm            295          1          9         55       64.8      29.91      12.01
6:30pm             19          2          9         56       64.3      29.91      12.01
6:35pm            262          1          3         57       63.9      29.91      12.01
6:40pm             53          1          3         58       63.8      29.91      12.01
6:45pm             74          1          7         58       63.9      29.91      12.01
6:50pm            108          0          7         58       64.1      29.91      12.01
6:55pm            141          0          7         57       64.3      29.92      12.01
7:00pm             62          0          7         56       64.1      29.92      12.01
7:05pm             18          0          3         57       63.8      29.92      12.01
7:10pm             61          1          3         59       63.5      29.92      12.01
7:15pm             37          0          3         60       63.2      29.92      12.01
7:20pm             30          0          3         61       62.8      29.92      12.01
7:25pm             43          0          3         62       62.5      29.92      12.01
7:30pm             67          0          3         62       62.3      29.92      12.01
7:35pm             65          0          2         62       62.0      29.92      12.01
7:40pm             22          0          2         64       61.7      29.92      12.01
7:45pm            127          1          2         64       61.4      29.92      12.01
7:50pm            267          0          2         64       61.1      29.92      12.01
7:55pm            267          0          2         65       60.8      29.93      12.01
8:00pm            290          0          2         66       60.6      29.93      12.01
8:05pm             20          0          1         66       60.3      29.93      12.01
8:10pm              3          0          1         66       60.1      29.93      12.01
8:15pm              3          0          1         67       59.8      29.93      12.01
8:20pm              6          0          1         69       59.3      29.93      12.01
8:25pm              6          0          1         71       58.9      29.92      12.01
8:30pm              6          0          1         73       58.4      29.93      12.01
8:35pm              6          0          0         74       58.0      29.93      12.01
8:40pm              6          0          0         75       57.5      29.92      12.01
8:45pm              6          0          0         75       56.9      29.93      12.01
8:50pm              6          0          0         79       56.3      29.93      12.01
8:55pm              6          0          0         80       55.7      29.93      12.01
9:00pm              6          0          0         80       55.2      29.93      12.01
9:05pm              6          0          0         82       54.7      29.93      12.01
9:10pm              6          0          0         83       54.2      29.94      12.01
9:15pm              6          0          0         84       53.9      29.94      12.01
9:20pm              6          0          0         85       53.6      29.94      12.01
9:25pm              6          0          0         85       53.3      29.94      12.01
9:30pm              6          0          0         85       53.2      29.95      12.01
9:35pm              6          0          0         86       52.9      29.95      12.01
9:40pm              5          0          0         86       52.7      29.95      12.01
9:45pm              5          0          1         87       52.5      29.95      12.01
9:50pm              1          0          1         88       52.4      29.95      12.01
9:55pm             46          1          1         88       52.4      29.95      12.01
10:00pm           262          0          1         88       52.3      29.95      12.01
10:05pm           262          0          0         88       52.0      29.95      12.01
10:10pm           262          0          0         89       51.8      29.95      12.01
10:15pm           262          0          0         89       51.5      29.95      12.01
10:20pm           267          1          1         90       51.3      29.95      12.01
10:25pm           267          0          1         90       51.2      29.95      12.01
10:30pm           267          0          1         90       50.9      29.95      12.01
10:35pm           267          0          1         91       50.6      29.95      12.01
10:40pm           267          0          1         91       50.3      29.95      12.01
10:45pm           267          0          1         92       50.1      29.95      12.01
10:50pm           267          0          1         92       49.9      29.95      12.01
10:55pm           267          0          1         92       49.8      29.95      12.01
11:00pm           267          0          1         93       49.6      29.95      12.01
11:05pm           267          0          1         93       49.6      29.95      12.01
11:10pm           267          0          1         93       49.4      29.95      12.01
11:15pm           267          0          1         93       49.4      29.95      12.01
11:20pm           267          0          1         93       49.3      29.96      12.01
11:25pm           267          0          1         93       49.1      29.96      12.01
11:30pm           267          1          1         93       49.1      29.96      12.01
11:35pm           267          0          1         93       49.0      29.96      12.01
11:40pm           267          0          1         93       48.8      29.97      12.01
11:45pm           267          0          1         94       49.0      29.96      12.01
11:50pm           267          0          1         94       48.9      29.96      12.01
11:55pm           267          0          1         94       48.8      29.95      12.01
