6/5/16
Time         Wind Dir   Wind Spd  Wind Gust   Humidity       Temp  Raw Barom   Tot Rain
                    °        mph        mph          %         °F         in         in
12:00am           225          0          2         91       59.7      29.86      12.01
12:30am           225          0          1         93       59.3      29.86      12.01
1:00am            225          0          1         94       59.1      29.86      12.01
1:30am            225          0          1         95       59.1      29.85      12.01
2:00am            225          0          0         94       58.4      29.84      12.01
2:30am            270          0          2         93       56.8      29.84      12.01
3:00am            270          1          3         95       55.8      29.84      12.01
3:30am            270          0          1         95       56.0      29.83      12.01
4:00am            270          0          1         96       56.7      29.82      12.01
4:30am            292          0          2         95       56.3      29.82      12.01
5:00am             68          0          1         96       57.9      29.81      12.01
5:30am            202          0          1         95       59.1      29.81      12.01
6:00am             68          2          6         90       61.1      29.81      12.01
6:30am             68          4         11         89       61.2      29.81      12.01
7:00am             90          4         11         89       61.3      29.81      12.01
7:30am             90          3          9         91       61.3      29.81      12.01
8:00am             90          2          6         90       62.0      29.82      12.01
8:30am             90          3          8         92       61.8      29.82      12.01
9:00am             90          4          9         93       61.4      29.81      12.01
9:30am            112          3          8         94       61.5      29.81      12.01
10:00am            90          2          8         95       61.6      29.80      12.01
10:30am            90          2          8         94       61.4      29.79      12.01
11:00am            68          3         11         95       60.7      29.78      12.01
11:30am            68          3         10         95       60.9      29.77      12.01
12:00pm            68          4         13         95       61.3      29.76      12.01
12:30pm            90          3         15         95       60.5      29.76      12.01
1:00pm             68          4         15         96       60.2      29.75      12.01
1:30pm             90          4         13         96       60.1      29.73      12.01
2:00pm             90          5         18         97       60.1      29.72      12.01
2:30pm             68          5         15         97       60.0      29.71      12.01
3:00pm             68          4         14         97       60.5      29.69      12.01
3:30pm             90          3         11         96       61.2      29.68      12.01
4:00pm             68          3         12         94       60.8      29.67      12.01
4:30pm             68          4         17         94       60.5      29.65      12.01
5:00pm             68          3         12         95       60.1      29.63      12.01
5:30pm             68          1          7         95       60.3      29.61      12.01
6:00pm             68          2          8         95       60.4      29.61      12.01
6:30pm             68          2         10         96       60.3      29.59      12.01
7:00pm             68          2         10         95       60.5      29.57      12.01
7:30pm             90          5         16         95       60.5      29.56      12.01
8:00pm             68          4         17         95       60.5      29.55      12.01
8:30pm            270          1         12         96       60.1      29.58      12.01
9:00pm             90          2         10         97       60.7      29.54      12.01
9:30pm             90          6         14         96       60.3      29.52      12.01
10:00pm            68          6         17         96       59.3      29.57      12.01
10:30pm            68          3          9         96       59.0      29.53      12.01
11:00pm            90          2          7         97       58.9      29.53      12.01
11:30pm            90          2          7         97       58.3      29.53      12.01
