6/14/16
Time         Wind Dir   Wind Spd  Wind Gust   Humidity       Temp  Raw Barom   Tot Rain
                    °        mph        mph          %         °F         in         in
12:00am           302          2          6         79       50.6      29.69      12.01
12:05am           221          0          3         79       50.6      29.70      12.01
12:10am           215          0          3         79       50.5      29.70      12.01
12:15am           280          0          5         79       50.4      29.70      12.01
12:20am           277          0          5         80       50.3      29.70      12.01
12:25am           277          1          5         80       50.1      29.69      12.01
12:30am           283          0          5         80       50.1      29.70      12.01
12:35am           209          0          3         80       50.0      29.70      12.01
12:40am           264          2          3         81       49.9      29.70      12.01
12:45am           164          0          3         80       50.0      29.70      12.01
12:50am           143          0          3         80       50.2      29.70      12.01
12:55am            24          0          3         80       50.1      29.70      12.01
1:00am            221          0          3         80       50.1      29.70      12.01
1:05am            164          0          0         80       50.0      29.70      12.01
1:10am            280          4          4         81       50.1      29.69      12.01
1:15am            191          3          5         81       50.1      29.69      12.01
1:20am             95          0          5         80       50.1      29.70      12.01
1:25am            348          3          6         80       50.2      29.69      12.01
1:30am            268          0          6         80       50.1      29.69      12.01
1:35am            269          0          6         80       50.1      29.70      12.01
1:40am            146          1          6         81       50.0      29.71      12.01
1:45am            146          0          6         81       50.2      29.71      12.01
1:50am             32          1          6         81       50.3      29.71      12.01
1:55am            208          1          6         81       50.4      29.71      12.01
2:00am             71          2          6         81       50.5      29.70      12.01
2:05am            283          0          7         80       50.5      29.70      12.01
2:10am            274          1          7         81       50.4      29.70      12.01
2:15am             87          0          7         81       50.3      29.71      12.01
2:20am             30          0          7         81       50.1      29.71      12.01
2:25am            161          0          7         82       50.1      29.71      12.01
2:30am            341          0          7         82       50.0      29.71      12.01
2:35am            261          0          2         82       49.9      29.71      12.01
2:40am            226          1          4         83       49.7      29.71      12.01
2:45am            295          0          4         83       49.6      29.71      12.01
2:50am            124          0          4         84       49.5      29.71      12.01
2:55am            219          1          4         84       49.4      29.71      12.01
3:00am             41          1          9         84       49.5      29.71      12.01
3:05am            241          0          6         84       49.5      29.71      12.01
3:10am            259          0         10         83       49.5      29.71      12.01
3:15am             98          0         10         83       49.4      29.72      12.01
3:20am            169          0         10         83       49.3      29.72      12.01
3:25am            286          3         10         83       49.3      29.71      12.01
3:30am            260          0         10         83       49.3      29.72      12.01
3:35am            259          0          5         83       49.3      29.72      12.01
3:40am            223          5          7         83       49.3      29.72      12.01
3:45am            278          4          7         83       49.3      29.72      12.01
3:50am             20          2          7         83       49.2      29.73      12.01
3:55am            270          1          8         83       49.2      29.73      12.01
4:00am            160          0          8         83       49.1      29.73      12.01
4:05am              9          2          6         83       49.1      29.72      12.01
4:10am            256          0          6         84       48.9      29.73      12.01
4:15am             68          1          8         83       49.0      29.73      12.01
4:20am            130          0          8         83       49.1      29.73      12.01
4:25am            226          1          8         83       48.9      29.74      12.01
4:30am            346          1          8         83       48.8      29.74      12.01
4:35am            238          2          7         83       48.9      29.74      12.01
4:40am            282          7          8         83       48.8      29.74      12.01
4:45am            267          0          8         83       48.8      29.75      12.01
4:50am             46          0          8         83       48.7      29.75      12.01
4:55am            321          1          8         84       48.7      29.75      12.01
5:00am            277          6          8         84       48.7      29.75      12.01
5:05am            271          0          6         84       48.6      29.75      12.01
5:10am            112          2          8         84       48.6      29.75      12.01
5:15am            286          0          8         84       48.7      29.75      12.01
5:20am            150          2          8         85       48.6      29.75      12.01
5:25am            281          1         11         85       48.6      29.75      12.01
5:30am            228          1         11         85       48.6      29.75      12.01
5:35am              8          1          5         85       48.6      29.75      12.01
5:40am            116          2          6         85       48.9      29.75      12.01
5:45am            193          1          6         83       49.5      29.75      12.01
5:50am            271          1          6         82       50.0      29.75      12.01
5:55am             51          0          8         81       50.4      29.75      12.01
6:00am             57          5          8         81       50.6      29.75      12.01
6:05am            287          3          9         81       50.7      29.76      12.01
6:10am              4          3         12         80       50.9      29.76      12.01
6:15am            252          8         12         80       51.2      29.76      12.01
6:20am            187          0         12         81       51.4      29.76      12.01
6:25am            292          3         12         79       51.7      29.76      12.01
6:30am             88          3         12         80       51.7      29.76      12.01
6:35am            254          2          5         80       52.1      29.76      12.01
6:40am            288          0          7         78       52.2      29.76      12.01
6:45am            257          5         10         78       52.3      29.77      12.01
6:50am            279          2         12         78       52.2      29.77      12.01
6:55am            210          2         14         78       52.3      29.78      12.01
7:00am            314          2         14         79       52.3      29.78      12.01
7:05am            340          2          9         78       52.6      29.79      12.01
7:10am            279          4          9         77       53.1      29.79      12.01
7:15am            299          1         12         77       52.8      29.79      12.01
7:20am            321          0         12         78       53.0      29.80      12.01
7:25am             57          5         12         76       53.7      29.80      12.01
7:30am            259          4         12         76       53.2      29.80      12.01
7:35am            309          4          9         77       52.9      29.80      12.01
7:40am             88          0          9         77       52.8      29.80      12.01
7:45am             51          5          9         78       52.8      29.80      12.01
7:50am             73          0          9         78       52.6      29.80      12.01
7:55am            298          1          9         78       52.6      29.81      12.01
8:00am            241          1          9         79       52.6      29.81      12.01
8:05am            230          0          5         78       52.7      29.80      12.01
8:10am            113          0          5         78       52.9      29.80      12.01
8:15am            167          1          5         79       53.1      29.81      12.01
8:20am            258          0          8         77       53.2      29.81      12.01
8:25am            258          4          8         78       53.7      29.81      12.01
8:30am            260          2          8         77       54.1      29.81      12.01
8:35am            232          1          6         77       54.2      29.81      12.01
8:40am            272          4          6         76       54.6      29.82      12.01
8:45am            248          1          6         75       55.3      29.82      12.01
8:50am            245          2         10         74       55.2      29.82      12.01
8:55am            257          1         10         74       55.6      29.82      12.01
9:00am            167          2         10         73       56.1      29.82      12.01
9:05am            101          2          4         74       57.1      29.82      12.01
9:10am            214          3          7         70       57.8      29.82      12.01
9:15am            278          4          9         69       57.4      29.82      12.01
9:20am             63          1         11         69       57.1      29.82      12.01
9:25am             65          1         11         71       56.6      29.81      12.01
9:30am            205          0         11         71       57.4      29.81      12.01
9:35am             49          0          5         70       58.5      29.81      12.01
9:40am            131          1          8         69       58.4      29.81      12.01
9:45am            326          3          8         67       58.9      29.81      12.01
9:50am            254          2          8         67       58.7      29.81      12.01
9:55am            200          0          8         66       58.6      29.81      12.01
10:00am           155          1          8         67       59.3      29.81      12.01
10:05am           260          5         14         64       59.8      29.81      12.01
10:10am           287          1         14         64       60.3      29.81      12.01
10:15am           212          2         14         65       60.7      29.80      12.01
10:20am           274          3         14         62       61.6      29.80      12.01
10:25am           304          1         14         61       61.7      29.80      12.01
10:30am           234          6         14         59       61.8      29.80      12.01
10:35am            34          2         11         60       61.6      29.80      12.01
10:40am           253          2         11         61       62.0      29.80      12.01
10:45am           326          2         11         59       62.6      29.80      12.01
10:50am            11          1         11         60       63.1      29.80      12.01
10:55am           146          3         11         57       63.2      29.80      12.01
11:00am           219          0         11         58       63.6      29.80      12.01
11:05am           225          1          4         58       64.4      29.80      12.01
11:10am           262          4          5         58       65.4      29.80      12.01
11:15am           250         10         10         57       65.4      29.80      12.01
11:20am           213          0         12         56       65.3      29.80      12.01
11:25am           262          3         12         55       65.4      29.79      12.01
11:30am           292          3         12         55       65.8      29.79      12.01
11:35am           287          0         11         56       66.3      29.79      12.01
11:40am           284          2         11         58       66.9      29.79      12.01
11:45am           267          5         11         52       66.7      29.79      12.01
11:50am            64          3         11         51       66.9      29.79      12.01
11:55am           124          0         11         53       67.3      29.79      12.01
12:00pm           158          3         12         52       67.1      29.79      12.01
12:05pm           288          3          6         50       67.6      29.79      12.01
12:10pm           309          2         11         53       67.5      29.80      12.01
12:15pm           330          6         11         49       68.2      29.79      12.01
12:20pm            94          5         11         48       68.0      29.79      12.01
12:25pm            27          2         11         49       67.9      29.79      12.01
12:30pm           256          8         11         49       68.1      29.79      12.01
12:35pm           307          6         10         47       68.6      29.79      12.01
12:40pm           154          1         10         49       68.9      29.78      12.01
12:45pm           231          5         10         46       69.4      29.79      12.01
12:50pm           131          2         10         47       69.6      29.78      12.01
12:55pm           266          8         14         47       69.9      29.78      12.01
1:00pm            244          1         14         45       69.7      29.78      12.01
1:05pm            343          2         14         46       69.6      29.78      12.01
1:10pm            284          9         14         46       70.3      29.78      12.01
1:15pm            314          0         14         47       70.5      29.78      12.01
1:20pm            175          3         14         47       70.7      29.78      12.01
1:25pm             36          6         14         46       71.1      29.77      12.01
1:30pm            271          8         14         45       71.1      29.77      12.01
1:35pm            111          2         12         45       71.1      29.77      12.01
1:40pm            224          5         13         45       70.8      29.77      12.01
1:45pm            264          2         13         46       70.9      29.77      12.01
1:50pm              3          2         13         46       70.5      29.77      12.01
1:55pm            221          3         13         48       70.1      29.77      12.01
2:00pm            129          2         13         45       70.7      29.78      12.01
2:05pm             59          3         12         46       70.1      29.78      12.01
2:10pm             70          3         12         48       69.5      29.78      12.01
2:15pm            336          4         12         46       70.1      29.78      12.01
2:20pm            148          1         12         45       70.8      29.78      12.01
2:25pm             46          4         12         47       71.1      29.78      12.01
2:30pm            279          4         12         44       71.6      29.78      12.01
2:35pm            281          4         10         44       71.6      29.79      12.01
2:40pm            121          2         12         42       71.1      29.78      12.01
2:45pm             21          2         12         44       70.8      29.78      12.01
2:50pm             67          2         12         45       71.4      29.79      12.01
2:55pm             95          3         12         44       71.5      29.78      12.01
3:00pm            196          2         12         43       71.6      29.78      12.01
3:05pm            234          3          9         43       71.5      29.78      12.01
3:10pm             51          2         10         41       71.7      29.78      12.01
3:15pm            284          1         10         43       71.7      29.78      12.01
3:20pm            192          4         15         41       71.9      29.78      12.01
3:25pm            276          7         15         42       72.0      29.78      12.01
3:30pm            354          2         15         42       72.2      29.78      12.01
3:35pm            342          1          6         42       72.2      29.78      12.01
3:40pm            199          3          9         43       72.5      29.78      12.01
3:45pm            174          0         10         42       72.7      29.78      12.01
3:50pm            236          1         12         42       72.7      29.78      12.01
3:55pm            357          1         12         41       73.2      29.78      12.01
4:00pm            315          2         12         41       73.0      29.78      12.01
4:05pm            242          2          8         41       73.1      29.78      12.01
4:10pm            296          3         10         39       72.8      29.78      12.01
4:15pm            240          0         12         41       72.0      29.79      12.01
4:20pm            131          2         12         42       71.9      29.78      12.01
4:25pm            135          1         12         40       72.4      29.78      12.01
4:30pm            257          4         12         39       72.5      29.78      12.01
4:35pm             40          5         11         39       72.2      29.78      12.01
4:40pm            146          2         11         42       72.3      29.78      12.01
4:45pm            261          1         11         40       71.7      29.78      12.01
4:50pm             41          4         11         40       71.1      29.78      12.01
4:55pm            106          0         11         42       71.3      29.79      12.01
5:00pm            293          2         12         38       71.7      29.79      12.01
5:05pm            114          1         11         37       71.5      29.79      12.01
5:10pm             10          2         11         39       71.4      29.79      12.01
5:15pm             43          0         11         39       71.4      29.79      12.01
5:20pm            259          2         11         39       71.1      29.79      12.01
5:25pm            355          1         11         40       71.4      29.79      12.01
5:30pm              6          4         11         41       71.6      29.79      12.01
5:35pm            202          1          7         40       71.2      29.80      12.01
5:40pm            114          0          7         40       71.1      29.80      12.01
5:45pm            122          1          7         41       70.9      29.80      12.01
5:50pm            205          1          7         41       71.4      29.80      12.01
5:55pm             56          1          7         40       71.6      29.80      12.01
6:00pm            238          1          7         41       71.6      29.80      12.01
6:05pm            294          1          4         41       71.8      29.80      12.01
6:10pm            212          1          4         40       71.9      29.80      12.01
6:15pm            277          2          5         41       71.3      29.80      12.01
6:20pm            155          0          7         42       70.5      29.80      12.01
6:25pm            148          0          8         44       70.2      29.80      12.01
6:30pm            319          1          8         43       70.1      29.81      12.01
6:35pm             33          4          4         43       69.7      29.80      12.01
6:40pm             41          0          9         43       69.2      29.81      12.01
6:45pm            235          1          9         44       69.0      29.81      12.01
6:50pm            321          2          9         45       69.0      29.81      12.01
6:55pm            174          0          9         45       68.8      29.82      12.01
7:00pm            111          0          9         46       68.6      29.82      12.01
7:05pm            284          1          5         45       68.3      29.82      12.01
7:10pm             82          0          5         47       68.1      29.82      12.01
7:15pm            272          0          5         48       67.9      29.82      12.01
7:20pm             27          1          5         48       67.8      29.82      12.01
7:25pm             84          1          5         49       67.7      29.82      12.01
7:30pm            142          1          5         49       67.3      29.83      12.01
7:35pm             37          0          1         51       67.1      29.83      12.01
7:40pm             18          1          2         52       66.5      29.83      12.01
7:45pm             37          0          2         52       65.9      29.83      12.01
7:50pm             58          0          2         53       65.5      29.83      12.01
7:55pm            254          1          2         55       65.4      29.83      12.01
8:00pm            356          0          2         56       65.0      29.83      12.01
8:05pm            131          0          1         55       64.5      29.83      12.01
8:10pm            131          0          1         56       64.1      29.83      12.01
8:15pm            259          0          1         58       63.8      29.83      12.01
8:20pm            259          0          1         58       63.4      29.83      12.01
8:25pm            259          0          1         58       62.8      29.83      12.01
8:30pm            259          0          1         61       62.4      29.83      12.01
8:35pm            259          0          0         62       61.9      29.83      12.01
8:40pm            259          0          1         64       61.4      29.83      12.01
8:45pm            259          0          1         65       60.8      29.83      12.01
8:50pm            259          0          1         67       60.3      29.83      12.01
8:55pm            245          0          1         68       59.8      29.83      12.01
9:00pm            245          0          1         68       59.4      29.83      12.01
9:05pm            245          0          0         69       59.0      29.83      12.01
9:10pm            245          0          0         70       58.6      29.83      12.01
9:15pm            245          0          0         71       58.3      29.83      12.01
9:20pm            245          0          1         72       58.0      29.83      12.01
9:25pm            252          0          1         74       57.6      29.83      12.01
9:30pm            252          0          1         75       57.3      29.83      12.01
9:35pm            252          0          1         76       57.0      29.83      12.01
9:40pm            252          0          1         76       56.6      29.83      12.01
9:45pm            252          0          1         78       56.3      29.83      12.01
9:50pm            252          0          1         78       55.9      29.83      12.01
9:55pm            252          0          1         79       55.6      29.83      12.01
10:00pm           252          0          1         80       55.3      29.83      12.01
10:05pm           252          0          1         80       55.1      29.83      12.01
10:10pm           252          0          1         81       54.9      29.83      12.01
10:15pm           275          0          2         81       54.6      29.83      12.01
10:20pm           264          1          2         82       54.5      29.83      12.01
10:25pm           256          0          3         83       54.3      29.83      12.01
10:30pm           221          0          3         83       54.2      29.84      12.01
10:35pm           229          0          1         83       54.3      29.83      12.01
10:40pm           266          1          1         83       54.6      29.83      12.01
10:45pm           261          1          3         81       54.9      29.83      12.01
10:50pm           276          0          3         82       54.9      29.83      12.01
10:55pm           256          0          3         81       55.0      29.83      12.01
11:00pm           240          1          3         80       55.2      29.83      12.01
11:05pm           250          0          3         79       55.3      29.83      12.01
11:10pm           245          0          3         79       55.5      29.83      12.01
11:15pm           224          0          3         79       55.6      29.83      12.01
11:20pm           231          0          3         79       55.7      29.83      12.01
11:25pm           212          0          3         79       55.7      29.83      12.01
11:30pm           229          0          3         79       55.7      29.83      12.01
11:35pm           229          0          0         79       55.8      29.83      12.01
11:40pm           271          1          1         79       55.9      29.83      12.01
11:45pm           282          1          2         77       56.1      29.83      12.01
11:50pm           264          2          3         76       56.5      29.83      12.01
11:55pm           221          0          3         77       56.5      29.83      12.01
