6/4/16
Time         Wind Dir   Wind Spd  Wind Gust   Humidity       Temp  Raw Barom   Tot Rain
                    °        mph        mph          %         °F         in         in
12:00am           278          0          3         94       63.0      29.94      12.01
12:05am           232          0          2         94       62.8      29.94      12.01
12:10am           252          0          2         94       62.6      29.94      12.01
12:15am           274          0          2         95       62.4      29.94      12.01
12:20am           273          0          2         95       62.3      29.94      12.01
12:25am           274          0          2         95       62.2      29.94      12.01
12:30am           250          0          2         95       62.1      29.94      12.01
12:35am           276          1          1         95       61.9      29.93      12.01
12:40am           269          0          1         95       61.8      29.93      12.01
12:45am           238          0          1         95       61.6      29.93      12.01
12:50am           236          0          1         95       61.4      29.93      12.01
12:55am           225          1          1         95       61.3      29.93      12.01
1:00am            220          0          1         96       61.2      29.93      12.01
1:05am            217          0          2         96       61.2      29.93      12.01
1:10am            217          0          2         96       61.1      29.93      12.01
1:15am            229          0          2         96       61.1      29.93      12.01
1:20am            229          0          2         96       61.0      29.93      12.01
1:25am            229          0          2         96       61.0      29.93      12.01
1:30am            275          2          3         96       61.2      29.93      12.01
1:35am            279          0          2         95       60.8      29.93      12.01
1:40am            223          0          2         96       60.5      29.93      12.01
1:45am            265          0          2         96       60.4      29.93      12.01
1:50am            265          0          2         96       60.3      29.92      12.01
1:55am            264          0          2         96       60.3      29.92      12.01
2:00am            264          0          2         96       60.3      29.92      12.01
2:05am            264          0          1         96       60.2      29.92      12.01
2:10am            264          0          1         96       60.0      29.92      12.01
2:15am            264          0          1         96       59.9      29.92      12.01
2:20am            264          0          1         96       59.7      29.92      12.01
2:25am            264          0          1         97       59.8      29.92      12.01
2:30am            264          0          1         97       59.9      29.92      12.01
2:35am            264          0          0         97       59.8      29.92      12.01
2:40am            264          0          0         97       59.8      29.92      12.01
2:45am            264          0          0         97       59.8      29.92      12.01
2:50am            264          0          0         97       59.8      29.92      12.01
2:55am            264          0          0         97       59.7      29.92      12.01
3:00am            264          0          0         97       59.7      29.91      12.01
3:05am            264          0          1         97       59.7      29.91      12.01
3:10am            271          1          2         97       59.7      29.92      12.01
3:15am            276          1          2         97       59.8      29.92      12.01
3:20am            230          0          2         97       59.8      29.92      12.01
3:25am            274          0          2         97       59.9      29.92      12.01
3:30am            281          0          3         97       59.9      29.92      12.01
3:35am            263          2          3         97       60.0      29.92      12.01
3:40am            302          0          4         97       60.0      29.92      12.01
3:45am            275          0          4         97       60.0      29.92      12.01
3:50am            212          0          4         97       60.0      29.92      12.01
3:55am            252          0          4         97       60.0      29.92      12.01
4:00am            288          0          4         97       60.1      29.92      12.01
4:05am            283          3          5         97       60.0      29.92      12.01
4:10am            234          1          5         97       59.9      29.92      12.01
4:15am            217          1          5         97       60.0      29.92      12.01
4:20am            229          1          5         97       60.0      29.92      12.01
4:25am            250          0          5         97       60.1      29.92      12.01
4:30am            267          0          5         97       60.1      29.92      12.01
4:35am            276          0          2         97       60.0      29.92      12.01
4:40am            268          1          4         97       60.0      29.92      12.01
4:45am            252          1          4         97       60.0      29.92      12.01
4:50am            219          1          4         97       60.0      29.93      12.01
4:55am            162          0          4         97       59.9      29.93      12.01
5:00am            283          3          5         97       59.8      29.93      12.01
5:05am            222          0          3         97       59.7      29.93      12.01
5:10am            257          1          4         97       59.6      29.93      12.01
5:15am            268          1          6         97       59.5      29.93      12.01
5:20am            245          0          6         97       59.5      29.93      12.01
5:25am            275          1          6         97       59.4      29.93      12.01
5:30am            275          0          6         97       59.4      29.93      12.01
5:35am            272          1          4         97       59.4      29.93      12.01
5:40am            283          0          4         97       59.3      29.93      12.01
5:45am            262          1          4         97       59.2      29.93      12.01
5:50am            281          0          4         97       59.1      29.93      12.01
5:55am            194          1          4         97       59.2      29.93      12.01
6:00am            271          0          4         97       59.1      29.94      12.01
6:05am            283          1          2         97       59.0      29.94      12.01
6:10am            250          0          2         97       59.1      29.94      12.01
6:15am            253          0          4         97       59.0      29.94      12.01
6:20am            265          1          4         97       59.0      29.94      12.01
6:25am            207          0          4         97       59.1      29.94      12.01
6:30am            246          2          4         97       59.1      29.94      12.01
6:35am            277          2          3         97       59.1      29.94      12.01
6:40am            274          1          3         97       59.1      29.94      12.01
6:45am            254          0          5         97       59.1      29.94      12.01
6:50am            279          0          5         97       59.1      29.94      12.01
6:55am            262          0          5         97       59.1      29.94      12.01
7:00am            289          1          5         97       59.1      29.95      12.01
7:05am            241          0          2         97       59.2      29.95      12.01
7:10am            283          3          4         97       59.1      29.95      12.01
7:15am            277          0          4         97       59.0      29.95      12.01
7:20am            250          1          4         97       59.3      29.95      12.01
7:25am            264          1          4         97       59.4      29.95      12.01
7:30am            223          0          5         97       59.5      29.95      12.01
7:35am            266          0          1         97       59.7      29.95      12.01
7:40am            245          0          2         97       60.0      29.95      12.01
7:45am            274          0          4         96       59.7      29.95      12.01
7:50am            278          0          4         97       59.8      29.95      12.01
7:55am            269          1          4         97       60.1      29.95      12.01
8:00am            258          2          4         97       60.1      29.95      12.01
8:05am            283          3          4         97       60.3      29.95      12.01
8:10am            230          1          4         96       60.5      29.95      12.01
8:15am            212          1          4         96       60.9      29.95      12.01
8:20am            288          2          4         96       61.3      29.95      12.01
8:25am            271          0          4         96       61.7      29.95      12.01
8:30am            282          1          4         95       62.2      29.95      12.01
8:35am            326          0          2         95       62.8      29.95      12.01
8:40am            281          2          2         94       63.4      29.95      12.01
8:45am            280          2          3         91       63.4      29.94      12.01
8:50am            271          0          3         91       63.8      29.95      12.01
8:55am            301          3          3         90       64.6      29.95      12.01
9:00am            271          2          4         87       65.3      29.95      12.01
9:05am            311          2          4         86       65.7      29.95      12.01
9:10am            337          1          4         81       66.6      29.94      12.01
9:15am            257          0          4         80       67.3      29.94      12.01
9:20am            205          2          4         79       67.8      29.94      12.01
9:25am            207          1          4         77       68.4      29.94      12.01
9:30am            277          0          4         75       68.6      29.94      12.01
9:35am            205          0          2         73       69.3      29.94      12.01
9:40am            264          0          3         74       69.8      29.94      12.01
9:45am            254          0          3         75       71.0      29.94      12.01
9:50am            292          2          5         69       70.6      29.94      12.01
9:55am            217          1          5         72       70.9      29.94      12.01
10:00am           206          0          5         69       71.7      29.94      12.01
10:05am            56          2          2         66       72.7      29.94      12.01
10:10am           229          2          2         66       73.0      29.94      12.01
10:15am           286          1          4         66       72.6      29.93      12.01
10:20am            93          1          4         67       73.3      29.93      12.01
10:25am            68          4          4         66       73.7      29.93      12.01
10:30am           263          2          4         59       74.0      29.93      12.01
10:34am           272          1          5         57       73.8      29.93      12.01
10:40am           269          2          5         57       74.4      29.93      12.01
10:45am           267          3          6         52       74.9      29.93      12.01
10:50am           231          1          6         56       74.5      29.93      12.01
10:55am           219          0          6         53       75.3      29.93      12.01
11:00am           193          0          6         51       75.8      29.93      12.01
11:05am            91          2          7         51       75.5      29.92      12.01
11:10am            89          2          7         56       75.6      29.93      12.01
11:15am           225          0          7         51       75.8      29.92      12.01
11:20am           269          4          7         52       76.4      29.92      12.01
11:25am           278          1          7         50       76.0      29.92      12.01
11:30am            67          2          7         55       75.9      29.92      12.01
11:35am           266          1          3         46       77.0      29.92      12.01
11:40am           158          0          4         49       77.0      29.92      12.01
11:45am            99          0          5         47       77.4      29.92      12.01
11:50am           230          1          6         43       77.5      29.92      12.01
11:55am           173          1          9         44       76.7      29.92      12.01
12:00pm           177          2          9         45       76.7      29.92      12.01
12:05pm           272          4          6         45       77.1      29.91      12.01
12:10pm           284          0          6         45       76.4      29.91      12.01
12:15pm           285          2          6         42       76.6      29.91      12.01
12:20pm           267          3          6         43       77.2      29.91      12.01
12:25pm            98          2          6         45       77.5      29.91      12.01
12:30pm           265          0          7         41       77.6      29.91      12.01
12:35pm            77          4          4         42       77.7      29.91      12.01
12:40pm            87          2          4         46       77.3      29.91      12.01
12:45pm            96          0          8         43       77.2      29.90      12.01
12:50pm           105          0          8         43       77.5      29.90      12.01
12:55pm           221          0          8         42       78.1      29.90      12.01
1:00pm            270          3          8         41       78.1      29.90      12.01
1:05pm            221          1          4         41       78.0      29.90      12.01
1:10pm            285          1          4         41       78.2      29.90      12.01
1:15pm            218          0          4         41       77.7      29.90      12.01
1:20pm            210          3          4         41       78.4      29.90      12.01
1:25pm            278          2          8         42       77.9      29.90      12.01
1:30pm            250          1          8         42       78.2      29.90      12.01
1:35pm            252          3          5         40       78.8      29.90      12.01
1:40pm             82          2          5         41       78.6      29.90      12.01
1:45pm            184          2          5         39       78.5      29.89      12.01
1:50pm            272          2          5         43       78.1      29.89      12.01
1:55pm            102          1          5         43       77.4      29.89      12.01
2:00pm             66          1          5         43       76.6      29.89      12.01
2:05pm             56          0          2         44       76.2      29.89      12.01
2:10pm             51          1          3         44       76.2      29.89      12.01
2:15pm            283          0          3         46       76.4      29.88      12.01
2:20pm            193          0          3         43       76.6      29.88      12.01
2:25pm             53          0          3         47       76.8      29.88      12.01
2:30pm            256          1          3         44       77.6      29.88      12.01
2:35pm            250          3          4         44       77.9      29.88      12.01
2:40pm            262          1          4         45       77.6      29.88      12.01
2:45pm             40          0          4         42       78.1      29.87      12.01
2:50pm            115          0          4         43       78.6      29.87      12.01
2:55pm             75          2          5         45       77.7      29.87      12.01
3:00pm             94          1          5         45       77.2      29.87      12.01
3:05pm            124          0          3         46       77.3      29.87      12.01
3:10pm             90          1          3         47       77.1      29.86      12.01
3:15pm             31          2          3         47       77.0      29.86      12.01
3:20pm             39          0          3         46       76.9      29.86      12.01
3:25pm             39          2          3         46       76.7      29.86      12.01
3:30pm             44          0          3         47       76.7      29.86      12.01
3:35pm             62          0          1         48       76.7      29.86      12.01
3:40pm             56          0          2         48       76.6      29.86      12.01
3:45pm             58          0          2         48       76.8      29.86      12.01
3:50pm            169          0          2         47       77.2      29.86      12.01
3:55pm            321          1          2         47       77.5      29.86      12.01
4:00pm             42          0          2         45       78.5      29.85      12.01
4:05pm             69          0          4         46       78.6      29.85      12.01
4:10pm             81          3          5         47       78.0      29.85      12.01
4:15pm             86          2          5         46       77.7      29.85      12.01
4:20pm             86          1          6         45       77.9      29.85      12.01
4:25pm             79          1          6         45       78.0      29.85      12.01
4:30pm             84          4          6         45       78.0      29.85      12.01
4:35pm             84          0          4         46       78.4      29.85      12.01
4:40pm              1          0          4         43       79.0      29.85      12.01
4:45pm             95          0          4         43       79.4      29.85      12.01
4:50pm            294          0          6         44       78.9      29.85      12.01
4:55pm             78          1          6         42       79.2      29.85      12.01
5:00pm             70          1          6         44       78.5      29.85      12.01
5:05pm             49          0          2         44       77.8      29.85      12.01
5:10pm             72          0          2         45       77.5      29.85      12.01
5:15pm             46          2          2         47       77.2      29.84      12.01
5:20pm             28          0          3         46       77.0      29.84      12.01
5:25pm             84          1          3         45       77.5      29.84      12.01
5:30pm            121          2          6         46       77.6      29.84      12.01
5:35pm            139          1          4         44       77.7      29.84      12.01
5:40pm             89          4          6         48       77.9      29.84      12.01
5:45pm            107          2          6         46       77.5      29.84      12.01
5:50pm             88          2          6         46       77.3      29.84      12.01
5:55pm             96          3          6         49       77.4      29.84      12.01
6:00pm            131          2          6         49       77.0      29.84      12.01
6:05pm             77          2          3         47       76.9      29.84      12.01
6:10pm             72          1          3         49       76.9      29.84      12.01
6:15pm            111          4          5         49       77.1      29.84      12.01
6:20pm             73          0          5         48       76.7      29.84      12.01
6:25pm            114          2          5         48       76.5      29.84      12.01
6:30pm            105          1          5         50       76.3      29.84      12.01
6:35pm            229          0          3         50       76.3      29.84      12.01
6:40pm            255          0          3         50       76.2      29.85      12.01
6:45pm             27          0          3         51       75.9      29.85      12.01
6:50pm            127          0          3         53       75.6      29.85      12.01
6:55pm            127          0          3         54       75.3      29.85      12.01
7:00pm            143          0          3         52       75.1      29.85      12.01
7:05pm            143          0          1         52       75.0      29.85      12.01
7:10pm            143          0          1         53       74.9      29.85      12.01
7:15pm            143          0          1         54       74.8      29.85      12.01
7:20pm            143          0          1         53       74.3      29.85      12.01
7:25pm            143          0          1         54       74.1      29.85      12.01
7:30pm            143          0          1         54       73.9      29.85      12.01
7:35pm            143          0          0         55       73.6      29.85      12.01
7:40pm            143          0          0         56       73.2      29.85      12.01
7:45pm            143          0          0         57       72.8      29.85      12.01
7:50pm            143          0          1         58       72.4      29.85      12.01
7:55pm            143          0          1         59       72.0      29.86      12.01
8:00pm            143          0          1         60       71.7      29.85      12.01
8:05pm            143          0          1         61       71.2      29.86      12.01
8:10pm            143          0          1         63       70.8      29.86      12.01
8:15pm            143          0          1         65       70.4      29.86      12.01
8:20pm            143          0          1         68       69.9      29.86      12.01
8:25pm            143          0          1         69       69.3      29.85      12.01
8:30pm            143          0          1         69       68.7      29.85      12.01
8:35pm            143          0          0         70       68.3      29.85      12.01
8:40pm            143          0          0         71       67.7      29.86      12.01
8:45pm            143          0          0         71       67.2      29.86      12.01
8:50pm            143          0          0         72       66.8      29.86      12.01
8:55pm            143          0          0         72       66.5      29.86      12.01
9:00pm            143          0          0         73       65.9      29.86      12.01
9:05pm            143          0          0         74       65.4      29.86      12.01
9:10pm            143          0          0         74       65.2      29.86      12.01
9:15pm            143          0          0         75       64.9      29.87      12.01
9:20pm            143          0          0         75       64.5      29.87      12.01
9:25pm            143          0          0         78       64.4      29.87      12.01
9:30pm            143          0          0         78       64.3      29.87      12.01
9:35pm            143          0          0         79       64.0      29.87      12.01
9:40pm            143          0          0         81       63.9      29.87      12.01
9:45pm            143          0          0         81       63.7      29.87      12.01
9:50pm            143          0          0         82       63.5      29.88      12.01
9:55pm            143          0          0         83       63.3      29.88      12.01
10:00pm           143          0          0         83       63.0      29.88      12.01
10:04pm           143          0          0         85       62.8      29.87      12.01
10:10pm           143          0          0         86       62.6      29.87      12.01
10:15pm           143          0          0         86       62.4      29.88      12.01
10:20pm           143          0          0         86       62.1      29.87      12.01
10:25pm           143          0          0         87       61.9      29.87      12.01
10:30pm           143          0          0         87       61.8      29.87      12.01
10:35pm           143          0          0         87       61.6      29.87      12.01
10:40pm           143          0          0         87       61.3      29.87      12.01
10:45pm           143          0          0         87       61.1      29.87      12.01
10:50pm           143          0          0         88       60.9      29.87      12.01
10:55pm           143          0          0         89       60.8      29.87      12.01
11:00pm           143          0          0         89       60.7      29.87      12.01
11:30pm           225          0          1         90       60.1      29.87      12.01
