6/22/16
Time         Wind Dir   Wind Spd  Wind Gust   Humidity       Temp  Raw Barom   Tot Rain
                    °        mph        mph          %         °F         in         in
12:00am           288          0          1         75       55.3      29.72      12.01
12:05am           287          0          1         77       55.1      29.73      12.01
12:10am           290          0          1         78       54.8      29.73      12.01
12:15am           298          0          1         79       54.5      29.73      12.01
12:20am           286          0          1         80       54.2      29.73      12.01
12:25am           323          0          1         78       54.2      29.73      12.01
12:30am           323          0          1         77       54.5      29.73      12.01
12:35am           323          0          0         78       54.3      29.72      12.01
12:40am           323          0          0         80       53.8      29.72      12.01
12:45am           322          0          0         81       53.5      29.72      12.01
12:50am           307          0          0         81       53.0      29.72      12.01
12:55am           307          0          0         82       52.6      29.72      12.01
1:00am            307          0          0         83       52.3      29.72      12.01
1:05am            307          0          0         83       52.1      29.72      12.01
1:10am            271          0          1         84       52.0      29.72      12.01
1:15am            277          0          1         85       51.8      29.72      12.01
1:20am            277          0          1         85       51.4      29.72      12.01
1:25am            276          0          1         85       51.1      29.71      12.01
1:30am            276          0          1         87       50.8      29.71      12.01
1:35am            276          0          0         87       50.6      29.71      12.01
1:40am            276          0          0         88       50.4      29.71      12.01
1:45am            269          1          2         88       50.3      29.71      12.01
1:50am            268          0          2         88       50.0      29.71      12.01
1:55am            261          1          2         88       49.7      29.72      12.01
2:00am            273          0          2         89       49.5      29.72      12.01
2:05am            273          0          1         89       49.3      29.72      12.01
2:10am            272          3          3         90       49.3      29.72      12.01
2:15am            281          0          3         89       49.1      29.73      12.01
2:20am            281          0          3         89       48.7      29.73      12.01
2:25am            281          0          3         89       48.5      29.73      12.01
2:30am            281          0          3         90       48.3      29.73      12.01
2:35am            275          2          2         90       48.2      29.73      12.01
2:40am            271          0          2         90       48.2      29.73      12.01
2:45am            271          0          2         90       48.2      29.73      12.01
2:50am            271          0          2         90       48.1      29.73      12.01
2:55am            271          0          2         90       48.0      29.73      12.01
3:00am            271          0          2         90       48.1      29.73      12.01
3:05am            271          0          1         90       48.0      29.73      12.01
3:10am            282          1          1         91       48.1      29.73      12.01
3:15am            272          0          1         91       48.2      29.73      12.01
3:20am            272          0          1         90       48.2      29.73      12.01
3:25am            272          0          1         91       48.0      29.72      12.01
3:30am            272          0          1         91       47.8      29.72      12.01
3:35am            272          0          1         91       47.8      29.72      12.01
3:40am            272          0          1         91       47.7      29.72      12.01
3:45am            272          0          1         92       47.7      29.72      12.01
3:50am            272          0          1         92       47.6      29.72      12.01
3:55am            272          0          1         92       47.6      29.72      12.01
4:00am            272          0          1         92       47.6      29.71      12.01
4:05am            272          0          0         92       47.5      29.72      12.01
4:10am            272          0          0         92       47.5      29.72      12.01
4:15am            276          0          1         92       47.5      29.72      12.01
4:20am            278          0          1         92       47.5      29.72      12.01
4:25am            278          0          1         92       47.3      29.72      12.01
4:30am            266          0          3         92       47.1      29.72      12.01
4:35am            221          0          1         92       46.7      29.72      12.01
4:40am            236          0          1         92       46.5      29.72      12.01
4:45am            266          2          3         93       46.4      29.72      12.01
4:50am            243          0          3         93       46.2      29.71      12.01
4:55am            250          0          3         93       46.1      29.71      12.01
5:00am            250          0          3         93       46.0      29.71      12.01
5:05am            250          0          0         94       46.0      29.71      12.01
5:10am            269          1          2         94       46.3      29.72      12.01
5:15am            234          0          2         93       46.3      29.72      12.01
5:20am            234          0          2         93       46.1      29.71      12.01
5:25am            272          0          2         94       46.2      29.71      12.01
5:30am            274          1          2         94       46.3      29.71      12.01
5:35am            280          1          1         94       46.5      29.71      12.01
5:40am            283          0          2         93       46.9      29.72      12.01
5:45am            280          0          2         92       47.1      29.72      12.01
5:50am            274          1          2         92       47.2      29.72      12.01
5:55am            274          0          2         91       47.4      29.72      12.01
6:00am            280          2          2         91       47.6      29.72      12.01
6:05am            266          0          2         91       47.7      29.72      12.01
6:10am            269          0          2         91       48.1      29.72      12.01
6:15am            278          1          2         90       48.5      29.72      12.01
6:20am            279          0          2         90       48.8      29.72      12.01
6:25am            267          0          2         90       49.1      29.72      12.01
6:30am            271          0          2         89       49.6      29.72      12.01
6:35am            280          1          1         88       50.4      29.72      12.01
6:40am            268          0          2         86       50.4      29.72      12.01
6:45am            271          0          2         86       50.6      29.71      12.01
6:50am            274          1          2         86       50.8      29.71      12.01
6:55am            252          1          3         87       50.7      29.72      12.01
7:00am            280          0          3         87       51.0      29.72      12.01
7:05am            221          1          1         87       51.5      29.72      12.01
7:10am            283          1          2         86       51.7      29.72      12.01
7:15am            259          0          2         85       51.9      29.72      12.01
7:20am            259          0          2         85       52.1      29.72      12.01
7:25am            254          0          2         85       52.4      29.72      12.01
7:30am            254          0          2         84       52.6      29.72      12.01
7:35am            281          2          2         84       53.0      29.73      12.01
7:40am            251          0          2         85       53.2      29.73      12.01
7:45am            269          0          2         83       53.3      29.73      12.01
7:50am            267          0          2         83       53.6      29.73      12.01
7:55am            194          0          2         82       54.0      29.73      12.01
8:00am            226          1          2         82       54.4      29.73      12.01
8:05am            250          0          1         82       54.7      29.73      12.01
8:10am            250          0          1         81       55.1      29.73      12.01
8:15am            250          0          1         80       55.4      29.73      12.01
8:20am            250          1          1         81       55.8      29.73      12.01
8:25am            281          0          1         83       55.9      29.73      12.01
8:30am            259          0          2         84       55.8      29.73      12.01
8:35am            266          0          2         83       55.5      29.73      12.01
8:40am            279          1          2         84       55.4      29.73      12.01
8:45am            276          0          2         85       55.3      29.73      12.01
8:50am            276          0          2         85       55.5      29.72      12.01
8:55am            280          1          2         83       56.2      29.72      12.01
9:00am            289          1          4         81       57.2      29.72      12.01
9:05am            278          0          3         77       58.2      29.72      12.01
9:10am            285          1          3         73       58.6      29.72      12.01
9:15am            285          2          3         73       59.0      29.71      12.01
9:20am            259          0          3         74       59.1      29.71      12.01
9:25am            276          0          3         72       59.9      29.71      12.01
9:30am            139          0          3         73       61.0      29.71      12.01
9:35am            274          2          4         71       62.1      29.71      12.01
9:40am            240          1          4         68       62.4      29.71      12.01
9:45am            279          1          4         66       62.3      29.71      12.01
9:50am            347          0          4         69       62.6      29.71      12.01
9:55am            351          0          4         68       62.8      29.70      12.01
10:00am           112          0          4         66       62.8      29.70      12.01
10:05am             5          0          1         65       62.9      29.70      12.01
10:10am             5          0          1         65       63.0      29.70      12.01
10:15am           334          0          1         65       62.9      29.70      12.01
10:20am           334          1          1         64       62.8      29.70      12.01
10:25am           201          0          3         64       62.7      29.69      12.01
10:30am           252          0          3         64       62.6      29.69      12.01
10:35am           266          0          1         66       62.4      29.69      12.01
10:40am           266          0          1         66       62.2      29.69      12.01
10:45am           283          2          2         69       61.9      29.69      12.01
10:50am           286          0          2         71       61.6      29.69      12.01
10:55am           275          0          2         73       61.4      29.70      12.01
11:00am           288          2          4         77       60.7      29.72      12.01
11:05am           238          1          4         81       59.9      29.73      12.01
11:10am           210          0          4         83       59.3      29.74      12.01
11:15am           276          4          5         85       58.4      29.75      12.01
11:20am           278          2         10         85       57.3      29.74      12.01
11:25am           238          2         10         88       57.0      29.75      12.01
11:30am           240          1         10         88       56.5      29.75      12.01
11:35am           224          2          8         89       55.9      29.76      12.01
11:40am           184          1          8         90       55.6      29.76      12.01
11:45am           223          0          8         91       55.3      29.76      12.01
11:50am           238          2          8         91       55.0      29.77      12.01
11:55am           260          6          8         91       54.8      29.79      12.01
12:00pm           291          1          9         92       54.6      29.79      12.01
12:05pm           211          0          7         93       54.5      29.78      12.01
12:10pm           286          1          7         93       54.3      29.77      12.01
12:15pm           290          2          7         93       54.3      29.76      12.01
12:20pm           271          1          7         93       54.3      29.75      12.01
12:25pm           257          0          7         94       54.7      29.75      12.01
12:30pm           267          1          7         94       55.3      29.75      12.01
12:35pm           269          1          7         95       56.3      29.75      12.01
12:40pm           278          4          9         91       57.0      29.75      12.01
12:45pm           265          1          9         92       57.8      29.75      12.01
12:50pm           226          4          9         89       58.9      29.75      12.01
12:55pm           283          1          9         87       58.8      29.75      12.01
1:00pm            271          4          9         87       59.1      29.75      12.01
1:05pm            287          2          6         87       59.4      29.75      12.01
1:10pm            269          1          6         85       60.3      29.75      12.01
1:15pm            265          0          6         86       61.1      29.75      12.01
1:20pm            283          1          6         82       61.4      29.75      12.01
1:25pm            175          4          6         83       62.0      29.76      12.01
1:30pm            276          2          7         77       62.3      29.76      12.01
1:35pm            271          1          7         78       61.7      29.76      12.01
1:40pm            283          6         13         78       61.9      29.75      12.01
1:45pm            219          0         13         78       61.8      29.75      12.01
1:50pm            276          3         13         79       62.6      29.75      12.01
1:55pm            257          1         13         76       63.3      29.75      12.01
2:00pm            259          3         13         73       62.8      29.75      12.01
2:05pm            223          2          7         77       62.4      29.75      12.01
2:10pm            203          1          7         77       63.2      29.75      12.01
2:15pm            226          4          7         74       63.7      29.75      12.01
2:20pm            204          2          7         73       64.0      29.74      12.01
2:25pm            198          2          7         71       64.6      29.74      12.01
2:30pm            219          6          9         72       65.1      29.74      12.01
2:35pm            223          2          8         69       65.0      29.75      12.01
2:40pm            238          6          8         66       65.6      29.75      12.01
2:45pm            293          4          8         66       66.6      29.75      12.01
2:50pm            270          6          8         69       66.7      29.74      12.01
2:55pm            259          6         10         63       66.4      29.74      12.01
3:00pm            243          4         10         64       66.6      29.74      12.01
3:05pm            269          6          9         61       66.6      29.74      12.01
3:10pm            231          2          9         58       67.6      29.74      12.01
3:15pm            236          3         12         57       67.6      29.74      12.01
3:20pm            259          4         12         56       67.8      29.74      12.01
3:25pm            224          5         14         53       67.9      29.74      12.01
3:30pm            276          4         14         53       68.6      29.74      12.01
3:35pm            218          4         14         53       67.7      29.74      12.01
3:40pm            248          5         14         52       68.0      29.74      12.01
3:45pm            289          6         14         56       68.7      29.74      12.01
3:50pm            271          2         14         55       68.3      29.74      12.01
3:55pm            129          0         14         54       67.3      29.74      12.01
4:00pm            255          5         14         56       67.0      29.74      12.01
4:05pm            166          0          8         56       66.6      29.74      12.01
4:10pm             46          2         10         55       66.6      29.74      12.01
4:15pm            203          4         10         57       66.3      29.75      12.01
4:20pm            280          3         10         57       66.9      29.75      12.01
4:25pm            290          0         10         56       67.2      29.75      12.01
4:30pm            272          3         10         58       66.6      29.75      12.01
4:35pm            102          1          5         58       66.0      29.75      12.01
4:40pm            271          2          5         60       66.1      29.75      12.01
4:45pm             42          0          7         58       66.4      29.75      12.01
4:50pm             96          3          7         60       66.6      29.75      12.01
4:55pm            332          2          7         56       67.2      29.74      12.01
5:00pm            279          3          7         58       66.7      29.74      12.01
5:05pm            323          1          5         61       66.3      29.74      12.01
5:10pm            129          1          7         59       66.1      29.74      12.01
5:15pm            270          2          7         61       65.8      29.74      12.01
5:20pm            321          2          7         63       66.2      29.74      12.01
5:25pm            209          0          7         60       67.3      29.74      12.01
5:30pm             88          2          7         59       67.7      29.75      12.01
5:35pm            224          0          6         59       68.0      29.75      12.01
5:40pm            119          0          6         57       68.4      29.75      12.01
5:45pm            297          0          6         57       68.5      29.75      12.01
5:50pm             12          1          6         57       68.4      29.75      12.01
5:55pm            319          0          6         57       68.0      29.75      12.01
6:00pm            233          0          6         58       67.5      29.75      12.01
6:05pm            172          0          3         62       67.1      29.75      12.01
6:10pm            267          1          3         60       66.6      29.76      12.01
6:15pm            205          1          6         61       66.2      29.76      12.01
6:20pm            314          2          6         62       66.6      29.76      12.01
6:25pm             58          1          6         62       66.8      29.76      12.01
6:30pm            267          0          6         62       66.5      29.76      12.01
6:35pm             41          0          4         62       66.4      29.76      12.01
6:40pm              4          0          4         65       66.1      29.76      12.01
6:45pm            108          0          4         64       65.8      29.77      12.01
6:50pm            321          0          4         65       65.5      29.77      12.01
6:55pm            261          0          4         66       65.2      29.77      12.01
7:00pm            252          0          4         68       65.0      29.77      12.01
7:05pm            242          0          2         67       64.8      29.77      12.01
7:10pm            278          0          2         69       64.8      29.77      12.01
7:15pm             58          0          2         69       64.5      29.77      12.01
7:20pm             86          0          2         70       64.2      29.77      12.01
7:25pm             86          0          2         70       63.9      29.78      12.01
7:30pm             86          0          2         71       63.8      29.78      12.01
7:35pm             88          0          1         71       63.7      29.78      12.01
7:40pm             88          0          1         70       63.7      29.78      12.01
7:45pm            266          0          1         69       63.7      29.78      12.01
7:50pm            276          0          1         69       63.7      29.78      12.01
7:55pm             29          0          2         69       63.7      29.78      12.01
8:00pm             29          0          2         70       63.6      29.79      12.01
8:05pm             29          0          0         70       63.3      29.79      12.01
8:10pm             29          0          0         71       63.1      29.79      12.01
8:15pm             30          0          0         70       62.9      29.79      12.01
8:20pm             29          0          0         73       62.7      29.80      12.01
8:25pm             29          0          0         73       62.5      29.80      12.01
8:30pm             29          0          0         74       62.1      29.80      12.01
8:35pm             29          0          1         75       61.6      29.80      12.01
8:40pm             29          0          1         76       61.2      29.80      12.01
8:45pm             29          0          1         78       60.9      29.80      12.01
8:50pm             29          0          1         79       60.4      29.80      12.01
8:55pm             29          0          1         79       60.1      29.81      12.01
9:00pm             29          0          1         79       59.9      29.81      12.01
9:05pm             29          0          0         79       59.6      29.81      12.01
9:10pm             16          0          1         80       59.5      29.81      12.01
9:15pm             16          0          1         80       59.5      29.81      12.01
9:20pm             16          0          1         82       59.2      29.81      12.01
9:25pm            290          0          1         83       58.8      29.82      12.01
9:30pm            290          0          1         84       58.4      29.82      12.01
9:35pm            290          0          0         85       58.1      29.82      12.01
9:40pm            290          0          0         86       57.9      29.82      12.01
9:45pm            290          0          0         86       57.7      29.82      12.01
9:50pm            290          0          0         87       57.6      29.83      12.01
9:54pm            289          0          1         87       57.4      29.83      12.01
10:00pm           289          0          1         87       57.1      29.83      12.01
10:05pm           289          0          1         88       56.9      29.83      12.01
10:10pm           289          0          1         89       56.9      29.83      12.01
10:15pm           289          0          1         89       56.8      29.83      12.01
10:20pm           284          0          1         89       56.8      29.83      12.01
10:24pm           282          0          1         89       56.7      29.83      12.01
10:30pm           286          2          3         90       56.5      29.83      12.01
10:35pm           256          1          2         90       56.2      29.83      12.01
10:40pm           258          0          2         90       55.8      29.84      12.01
10:45pm           258          0          2         91       55.7      29.84      12.01
10:50pm           258          0          2         91       55.5      29.84      12.01
10:54pm           252          0          2         91       55.2      29.84      12.01
11:00pm           252          0          2         92       55.0      29.84      12.01
11:05pm           252          0          0         92       54.8      29.84      12.01
11:10pm           252          0          1         92       54.6      29.84      12.01
11:15pm           252          0          1         93       54.5      29.85      12.01
11:20pm           252          0          1         93       54.3      29.84      12.01
11:25pm           250          0          1         93       54.1      29.84      12.01
11:30pm           250          0          1         93       53.9      29.84      12.01
11:35pm           250          0          0         93       53.7      29.84      12.01
11:40pm           250          0          0         94       53.5      29.84      12.01
11:45pm           250          0          0         94       53.4      29.84      12.01
11:50pm           250          0          0         94       53.2      29.84      12.01
11:55pm           250          0          0         94       53.1      29.84      12.01
