6/28/16
Time         Wind Dir   Wind Spd  Wind Gust   Humidity       Temp  Raw Barom   Tot Rain
                    °        mph        mph          %         °F         in         in
12:00am           200          0          6         82       68.8      29.88      12.01
12:05am           284          0          5         82       68.7      29.88      12.01
12:10am           305          1          5         82       68.6      29.88      12.01
12:15am           245          2          5         82       68.5      29.88      12.01
12:20am           286          1          6         83       68.4      29.88      12.01
12:25am           257          6          8         83       68.4      29.88      12.01
12:30am           280          1          8         83       68.4      29.88      12.01
12:35am           314          2          4         83       68.4      29.88      12.01
12:40am           226          0          5         84       68.3      29.88      12.01
12:45am           265          1          5         84       68.3      29.88      12.01
12:50am           281          4          7         84       68.2      29.87      12.01
12:55am           283          4          7         85       68.1      29.87      12.01
1:00am            270          0          7         85       68.1      29.87      12.01
1:05am            217          0          3         85       68.1      29.87      12.01
1:10am            260          0          7         85       67.9      29.87      12.01
1:15am            300          5          7         86       67.9      29.87      12.01
1:20am            283          3          7         86       67.8      29.86      12.01
1:25am            271          2          7         86       67.7      29.86      12.01
1:30am            308          2          7         86       67.6      29.86      12.01
1:35am            208          2          8         86       67.6      29.87      12.01
1:40am            290          3          8         86       67.6      29.87      12.01
1:45am            338          2          8         87       67.5      29.87      12.01
1:50am            269          0          8         87       67.4      29.87      12.01
1:55am            288          2          8         87       67.3      29.87      12.01
2:00am            285          1          8         87       67.3      29.87      12.01
2:05am            268          0          2         87       67.2      29.87      12.01
2:10am            330          0          3         87       67.2      29.87      12.01
2:15am             46          1          3         87       67.1      29.87      12.01
2:20am            294          4          5         87       67.1      29.87      12.01
2:25am            267          0          5         87       67.1      29.87      12.01
2:30am            330          0          5         87       67.1      29.87      12.01
2:35am            256          2          6         87       67.1      29.87      12.01
2:40am            134          0          6         87       67.1      29.87      12.01
2:45am            276          6          6         87       67.1      29.86      12.01
2:50am            234          0          8         87       67.2      29.86      12.01
2:55am            238          3          8         87       67.3      29.86      12.01
3:00am            269          5         12         87       67.3      29.86      12.01
3:05am            289          3          6         86       67.4      29.86      12.01
3:10am            274          1          9         86       67.5      29.86      12.01
3:15am            273          0          9         86       67.4      29.86      12.01
3:20am            272          0          9         86       67.4      29.86      12.01
3:25am            289          3          9         87       67.3      29.86      12.01
3:30am            257          1          9         87       67.3      29.86      12.01
3:35am            284          1          4         87       67.2      29.86      12.01
3:40am            270          0          4         87       67.1      29.86      12.01
3:45am            321          1          4         88       67.0      29.86      12.01
3:50am            302          0          5         88       66.9      29.86      12.01
3:55am            243          2          5         88       66.8      29.86      12.01
4:00am            237          1          5         88       66.8      29.86      12.01
4:05am            282          0          4         88       66.7      29.86      12.01
4:10am             80          0          4         88       66.7      29.86      12.01
4:15am             80          0          4         89       66.7      29.86      12.01
4:20am            290          1          4         89       66.7      29.86      12.01
4:25am            249          1          4         89       66.7      29.86      12.01
4:30am            279          2          4         89       66.8      29.86      12.01
4:35am            292          1          5         89       66.7      29.86      12.01
4:40am            265          1          8         89       66.7      29.86      12.01
4:45am            252          2          8         89       66.7      29.86      12.01
4:50am            326          0          9         89       66.7      29.86      12.01
4:55am            284          3          9         89       66.7      29.86      12.01
5:00am            291          4          9         89       66.7      29.86      12.01
5:05am            295          4          6         89       66.6      29.86      12.01
5:10am            280          0          6         90       66.6      29.86      12.01
5:15am            304          1          6         90       66.4      29.87      12.01
5:20am            283          2          6         90       66.4      29.87      12.01
5:25am            260          1          6         90       66.3      29.87      12.01
5:30am            253          0          6         90       66.3      29.87      12.01
5:35am            299          5          6         90       66.4      29.87      12.01
5:40am            278          3          9         90       66.4      29.87      12.01
5:45am            298          3          9         90       66.4      29.87      12.01
5:50am            281          2          9         90       66.5      29.87      12.01
5:55am            258          0          9         90       66.5      29.87      12.01
6:00am            291          2          9         90       66.5      29.87      12.01
6:05am            276          0          3         90       66.6      29.88      12.01
6:10am            266          1          6         90       66.6      29.88      12.01
6:15am            243          1          6         90       66.6      29.88      12.01
6:20am            287          2          6         90       66.7      29.88      12.01
6:25am            245          0          6         90       66.7      29.88      12.01
6:30am            285          2          6         90       66.8      29.88      12.01
6:35am            326          6          6         90       66.8      29.88      12.01
6:40am            273          0          6         90       66.9      29.88      12.01
6:45am            306          2          6         90       67.0      29.88      12.01
6:50am            291          3          6         89       67.2      29.88      12.01
6:55am            288          4          6         89       67.5      29.88      12.01
7:00am            296          2          6         88       67.9      29.88      12.01
7:05am            276          1          5         88       68.2      29.88      12.01
7:10am            256          1          5         87       68.5      29.88      12.01
7:15am            265          2          6         87       68.3      29.88      12.01
7:20am            153          1          7         87       68.4      29.88      12.01
7:25am            219          2          7         87       68.4      29.88      12.01
7:29am            232          1          7         87       68.6      29.88      12.01
7:35am            169          0          3         86       68.7      29.88      12.01
7:40am            216          1          5         85       69.1      29.88      12.01
7:45am            264          1          6         84       69.3      29.88      12.01
7:50am            307          2          6         85       69.3      29.88      12.01
7:55am            238          1          6         84       69.4      29.88      12.01
8:00am            217          3          6         84       69.5      29.89      12.01
8:05am            210          2          5         84       69.8      29.88      12.01
8:10am            306          0          5         83       69.8      29.89      12.01
8:15am            186          2          7         82       70.1      29.89      12.01
8:20am            224          2          7         82       70.2      29.89      12.01
8:25am            207          4          7         81       70.3      29.89      12.01
8:30am            320          1          7         82       70.2      29.89      12.01
8:35am            275          1          6         82       70.0      29.89      12.01
8:40am            198          0          6         82       69.8      29.89      12.01
8:45am            290          4          6         83       69.8      29.89      12.01
8:50am            288          4          6         82       69.7      29.89      12.01
8:55am            217          0          6         83       69.7      29.89      12.01
9:00am            282          1          6         82       69.7      29.89      12.01
9:05am            196          1          4         81       69.7      29.89      12.01
9:10am            293          5          7         82       69.6      29.89      12.01
9:15am            217          0          7         82       69.4      29.89      12.01
9:20am            313          4          7         82       69.4      29.89      12.01
9:25am            290          4          7         82       69.4      29.89      12.01
9:30am            282          1          7         82       69.5      29.89      12.01
9:35am            299          4          6         82       69.6      29.89      12.01
9:40am            262          1          6         82       69.7      29.89      12.01
9:45am            142          0          6         82       69.8      29.89      12.01
9:50am            212          2          6         81       69.9      29.89      12.01
9:55am            280          1          6         82       69.8      29.89      12.01
10:00am           273          1          6         81       69.9      29.89      12.01
10:05am           276          0          2         81       70.1      29.88      12.01
10:10am           264          0          2         81       70.4      29.88      12.01
10:15am           314          3          4         80       70.6      29.88      12.01
10:20am           320          1          6         80       70.4      29.88      12.01
10:25am           321          0          6         80       70.4      29.88      12.01
10:30am           319          0          6         80       70.8      29.88      12.01
10:35am           191          1          3         78       71.2      29.88      12.01
10:40am           146          2          5         78       71.7      29.88      12.01
10:45am           205          0          5         78       71.8      29.87      12.01
10:50am           127          0          5         78       72.0      29.87      12.01
10:55am           174          3          5         78       72.8      29.87      12.01
11:00am           271          2          5         76       73.5      29.87      12.01
11:05am           113          0          3         75       73.9      29.87      12.01
11:10am            63          3          3         74       73.9      29.86      12.01
11:15am            84          5          5         76       73.9      29.87      12.01
11:20am            75          2          5         76       73.9      29.87      12.01
11:25am            79          2          5         76       74.5      29.87      12.01
11:30am            89          0          5         74       75.5      29.86      12.01
11:35am           207          1          5         70       75.8      29.87      12.01
11:40am           127          1          5         71       75.7      29.87      12.01
11:45am           111          1          5         68       76.3      29.87      12.01
11:50am           285          1          5         67       77.0      29.87      12.01
11:55am           240          4          6         68       76.8      29.86      12.01
12:00pm           135          1          8         69       76.4      29.87      12.01
12:05pm           274          2          7         68       76.1      29.87      12.01
12:10pm           313          3          7         67       76.1      29.86      12.01
12:15pm           197          5          7         68       76.7      29.86      12.01
12:20pm           234          5          7         67       76.6      29.86      12.01
12:25pm           133          2          7         68       76.0      29.86      12.01
12:30pm           300          3          8         68       75.8      29.86      12.01
12:35pm           236          1          9         69       75.7      29.86      12.01
12:40pm           264          0          9         69       75.9      29.86      12.01
12:45pm           295          2          9         70       76.0      29.86      12.01
12:50pm           253          2          9         70       75.7      29.86      12.01
12:55pm           290          5          9         70       75.5      29.86      12.01
1:00pm            308          3         10         70       75.1      29.86      12.01
1:05pm            205          1          9         71       75.0      29.85      12.01
1:10pm            168          2          9         70       75.3      29.85      12.01
1:15pm            270          0          9         70       75.5      29.85      12.01
1:20pm            191          1          9         69       75.7      29.85      12.01
1:25pm            293          3          9         67       76.3      29.85      12.01
1:30pm            264          5          9         68       76.4      29.85      12.01
1:35pm            287          2          8         68       76.7      29.84      12.01
1:40pm            284          5          8         66       77.0      29.84      12.01
1:45pm            314          9          9         67       77.1      29.84      12.01
1:50pm            328          0          9         66       77.7      29.84      12.01
1:55pm            324          3          9         65       77.4      29.84      12.01
2:00pm            126          0          9         66       77.8      29.83      12.01
2:05pm            156          0          4         65       78.6      29.83      12.01
2:10pm            309          5          8         62       79.4      29.82      12.01
2:15pm            191          6          8         60       79.8      29.82      12.01
2:20pm            161          1          8         60       79.3      29.82      12.01
2:25pm            179          1          9         62       78.8      29.82      12.01
2:30pm            301          5          9         60       78.9      29.82      12.01
2:35pm            207          1          6         62       78.6      29.82      12.01
2:40pm            302          1         10         61       78.8      29.82      12.01
2:45pm            198          3         10         62       78.8      29.82      12.01
2:50pm            248          0         10         62       79.0      29.82      12.01
2:55pm            323          1         10         60       79.7      29.82      12.01
3:00pm            245          2         10         60       79.4      29.81      12.01
3:05pm            300          5          7         60       79.1      29.81      12.01
3:10pm            169          1          7         61       79.1      29.81      12.01
3:15pm            311          0          7         60       79.7      29.80      12.01
3:20pm            219          2          7         59       80.7      29.80      12.01
3:25pm             60          1          7         60       80.1      29.80      12.01
3:30pm            251          4          7         62       79.5      29.80      12.01
3:35pm            210          1          9         61       80.1      29.80      12.01
3:40pm            233          4          9         62       79.8      29.80      12.01
3:45pm            106          2          9         65       79.7      29.80      12.01
3:50pm            211          9          9         64       80.0      29.80      12.01
3:55pm            159          2          9         66       78.9      29.80      12.01
4:00pm            287          3          9         67       78.4      29.80      12.01
4:05pm            242          1         11         68       78.4      29.80      12.01
4:10pm            243          6         11         69       77.8      29.80      12.01
4:15pm            212          7         11         70       77.4      29.80      12.01
4:20pm            129          4         11         69       78.0      29.79      12.01
4:25pm            303          2         11         70       77.9      29.80      12.01
4:30pm            234          8         14         70       77.8      29.79      12.01
4:35pm            122          8          9         70       77.6      29.80      12.01
4:40pm            194          5         11         71       76.8      29.80      12.01
4:45pm             65          2         13         72       76.4      29.80      12.01
4:50pm            240          2         13         72       76.4      29.80      12.01
4:55pm            127          7         13         72       76.5      29.80      12.01
5:00pm            193         12         13         72       76.3      29.80      12.01
5:05pm            179          6         12         73       75.8      29.80      12.01
5:10pm            243          7         12         73       75.2      29.80      12.01
5:15pm             81          4         12         74       75.1      29.80      12.01
5:20pm            113          7         12         73       75.1      29.80      12.01
5:25pm             96          4         12         74       74.6      29.80      12.01
5:30pm            233          2         12         74       74.3      29.79      12.01
5:35pm            146          3          5         75       74.2      29.79      12.01
5:40pm            238          2          8         74       74.5      29.79      12.01
5:45pm            229          2          8         73       74.9      29.79      12.01
5:50pm             97          4          8         73       74.8      29.80      12.01
5:55pm            101          5          8         73       74.7      29.80      12.01
6:00pm            101          3          9         74       74.4      29.80      12.01
6:05pm            161          3          6         74       74.2      29.80      12.01
6:10pm            244          3          6         74       74.2      29.80      12.01
6:15pm            141          0          9         74       74.2      29.80      12.01
6:20pm            224          3          9         73       74.3      29.81      12.01
6:25pm            269          2          9         74       74.1      29.80      12.01
6:30pm            179          4          9         74       74.0      29.81      12.01
6:35pm            216          0          8         74       73.9      29.81      12.01
6:40pm            122          3          8         73       73.7      29.80      12.01
6:45pm            271          2          8         74       73.5      29.81      12.01
6:50pm            214          3          8         74       73.4      29.81      12.01
6:55pm            181          4          9         74       73.3      29.81      12.01
7:00pm            185          2          9         74       73.2      29.81      12.01
7:05pm            277          1          8         74       73.0      29.82      12.01
7:10pm            207          0          8         74       73.0      29.82      12.01
7:15pm            227          0          8         74       72.9      29.81      12.01
7:20pm              9          0          8         74       72.9      29.81      12.01
7:25pm            165          0          8         75       72.8      29.81      12.01
7:30pm            271          1          8         75       72.7      29.81      12.01
7:35pm            217          2          4         75       72.6      29.81      12.01
7:40pm            145          1          6         75       72.4      29.81      12.01
7:45pm            276          1          6         75       72.3      29.81      12.01
7:50pm            129          0          6         76       72.0      29.81      12.01
7:55pm            199          1          6         76       71.8      29.81      12.01
8:00pm             45          0          7         76       71.6      29.81      12.01
8:05pm            302          2          5         77       71.5      29.81      12.01
8:10pm            250          0          5         77       71.3      29.81      12.01
8:15pm            272          4          5         77       71.2      29.81      12.01
8:20pm            267          1          5         78       71.2      29.81      12.01
8:25pm            199          0          5         78       71.1      29.81      12.01
8:30pm            226          0          5         78       71.0      29.81      12.01
8:35pm            277          0          3         79       70.9      29.81      12.01
8:40pm            207          2          4         79       70.9      29.81      12.01
8:45pm            255          0          4         79       70.8      29.81      12.01
8:50pm            223          2          5         79       70.7      29.82      12.01
8:55pm             40          0          5         79       70.6      29.82      12.01
9:00pm            172          0          5         80       70.5      29.82      12.01
9:05pm            240          0          5         80       70.4      29.82      12.01
9:10pm            294          3          5         80       70.4      29.83      12.01
9:15pm            215          0          5         80       70.3      29.82      12.01
9:20pm            110          1          5         80       70.2      29.82      12.01
9:25pm            288          3          5         81       70.1      29.82      12.01
9:30pm            302          5          5         81       70.0      29.83      12.01
9:35pm            292          0          7         81       69.9      29.82      12.01
9:40pm            203          0          7         81       69.9      29.82      12.01
9:45pm            207          0          7         81       69.8      29.83      12.01
9:50pm            230          2          7         81       69.8      29.83      12.01
9:55pm            243          2          7         82       69.8      29.83      12.01
10:00pm           283          3          7         82       69.7      29.83      12.01
10:05pm           134          0          4         82       69.7      29.83      12.01
10:10pm           232          0          4         82       69.6      29.83      12.01
10:15pm           236          0          4         83       69.5      29.82      12.01
10:20pm           239          0          4         83       69.5      29.82      12.01
10:25pm           235          2          4         83       69.4      29.83      12.01
10:30pm           299          3          6         83       69.4      29.82      12.01
10:35pm           211          0          8         84       69.3      29.82      12.01
10:40pm           265          1          8         84       69.2      29.82      12.01
10:45pm           214          0          8         84       69.2      29.82      12.01
10:50pm           305          0          8         84       69.1      29.82      12.01
10:55pm           271          0          8         84       69.1      29.82      12.01
11:00pm           284          0          8         85       69.0      29.82      12.01
11:05pm           291          2          2         85       69.0      29.82      12.01
11:10pm           290          2          4         85       69.0      29.81      12.01
11:15pm           226          1          6         85       68.9      29.81      12.01
11:20pm           237          1          6         85       68.9      29.81      12.01
11:25pm           229          2          6         85       68.9      29.81      12.01
11:30pm           269          0          6         86       68.8      29.81      12.01
11:35pm           235          0          4         86       68.8      29.81      12.01
11:40pm           250          0          4         86       68.7      29.81      12.01
11:45pm           227          0          4         86       68.7      29.81      12.01
11:50pm           288          0          4         86       68.6      29.81      12.01
11:55pm           277          0          4         87       68.6      29.81      12.01
