6/30/16
Time         Wind Dir   Wind Spd  Wind Gust   Humidity       Temp  Raw Barom   Tot Rain
                    °        mph        mph          %         °F         in         in
12:00am           237          0          1         93       59.2      29.85      12.01
12:05am           237          0          0         94       59.0      29.85      12.01
12:10am           237          0          0         94       58.8      29.85      12.01
12:15am           237          0          0         94       58.7      29.85      12.01
12:20am           237          0          0         94       58.6      29.85      12.01
12:25am           237          0          0         95       58.6      29.85      12.01
12:30am           237          0          0         95       58.6      29.85      12.01
12:35am           237          0          0         95       58.6      29.85      12.01
12:40am           237          0          1         95       58.6      29.85      12.01
12:45am           285          0          1         94       58.3      29.85      12.01
12:50am           285          0          1         95       58.1      29.85      12.01
12:55am           218          0          1         95       58.0      29.85      12.01
1:00am            218          0          1         95       57.8      29.85      12.01
1:05am            218          0          0         95       57.8      29.85      12.01
1:10am            218          0          0         95       57.6      29.85      12.01
1:15am            218          0          0         95       57.6      29.85      12.01
1:20am            218          0          0         95       57.5      29.85      12.01
1:25am            218          0          1         95       57.5      29.85      12.01
1:30am            218          0          1         95       57.5      29.85      12.01
1:35am            218          0          1         95       57.6      29.85      12.01
1:40am            218          0          1         95       57.5      29.85      12.01
1:45am            218          0          1         95       57.5      29.85      12.01
1:50am            218          0          1         95       57.4      29.85      12.01
1:55am            218          0          1         95       57.4      29.85      12.01
2:00am            281          0          1         95       57.3      29.86      12.01
2:05am            281          0          1         96       57.4      29.86      12.01
2:10am            281          1          1         96       57.4      29.86      12.01
2:15am            277          0          1         96       57.4      29.86      12.01
2:20am            276          0          1         95       57.3      29.85      12.01
2:25am            278          0          1         95       57.1      29.85      12.01
2:30am            278          0          1         95       56.8      29.85      12.01
2:35am            277          0          1         95       56.6      29.85      12.01
2:40am            277          0          1         95       56.5      29.85      12.01
2:45am            277          1          1         96       56.5      29.85      12.01
2:50am            277          0          1         96       56.6      29.85      12.01
2:55am            278          0          1         96       56.6      29.85      12.01
3:00am            278          0          1         96       56.6      29.85      12.01
3:05am            278          0          1         95       56.3      29.85      12.01
3:10am            278          0          1         95       56.0      29.86      12.01
3:15am            278          0          1         96       56.0      29.86      12.01
3:20am            278          0          1         96       55.9      29.86      12.01
3:25am            278          0          1         96       55.9      29.86      12.01
3:30am            281          0          1         96       56.0      29.86      12.01
3:35am            281          0          1         96       55.9      29.86      12.01
3:40am            281          0          1         96       56.0      29.86      12.01
3:45am            281          0          1         96       56.0      29.86      12.01
3:50am            281          0          1         96       55.9      29.86      12.01
3:55am            281          0          1         96       56.0      29.86      12.01
4:00am            282          0          1         96       55.9      29.86      12.01
4:05am            283          0          1         96       55.6      29.86      12.01
4:10am            282          0          1         96       55.4      29.86      12.01
4:15am            283          0          1         96       55.3      29.86      12.01
4:20am            283          1          1         96       55.3      29.86      12.01
4:25am            281          0          1         96       55.1      29.87      12.01
4:30am            281          0          1         96       55.0      29.87      12.01
4:35am            281          0          1         96       54.9      29.87      12.01
4:40am            281          0          1         96       54.9      29.87      12.01
4:45am            281          0          1         96       54.8      29.87      12.01
4:50am            281          0          1         96       54.7      29.87      12.01
4:55am            281          0          1         96       54.7      29.87      12.01
5:00am            283          0          1         96       54.5      29.88      12.01
5:05am            283          0          1         96       54.4      29.87      12.01
5:10am            283          0          1         96       54.2      29.88      12.01
5:15am            281          0          1         96       54.2      29.88      12.01
5:20am            281          0          1         96       54.1      29.88      12.01
5:25am            282          0          1         96       54.0      29.88      12.01
5:30am            282          0          1         96       53.7      29.88      12.01
5:35am            282          0          1         96       53.6      29.89      12.01
5:40am            282          0          1         97       53.9      29.88      12.01
5:45am            282          1          1         97       54.4      29.89      12.01
5:50am            265          0          1         97       55.3      29.89      12.01
5:55am            333          0          2         97       55.9      29.89      12.01
6:00am            287          0          2         95       55.6      29.89      12.01
6:05am            271          0          1         95       55.5      29.89      12.01
6:10am            278          1          2         95       55.5      29.89      12.01
6:15am            252          0          2         95       55.5      29.89      12.01
6:20am            274          1          2         94       55.7      29.89      12.01
6:25am            262          1          2         94       55.6      29.89      12.01
6:30am            283          0          3         94       55.6      29.89      12.01
6:35am            278          2          2         94       55.7      29.89      12.01
6:40am            261          1          2         95       56.1      29.89      12.01
6:45am            219          1          2         95       56.7      29.89      12.01
6:50am            282          0          2         94       57.1      29.90      12.01
6:55am            267          1          3         94       57.4      29.90      12.01
7:00am            267          1          3         94       58.0      29.90      12.01
7:05am            270          0          2         93       58.5      29.90      12.01
7:10am            290          1          2         92       58.9      29.90      12.01
7:15am            295          2          3         91       59.3      29.90      12.01
7:20am            285          2          3         91       59.7      29.90      12.01
7:25am            281          2          3         91       60.3      29.90      12.01
7:30am            283          2          3         89       60.9      29.91      12.01
7:35am            262          0          2         89       61.4      29.91      12.01
7:40am            276          3          3         87       61.9      29.91      12.01
7:45am            227          0          5         86       62.3      29.91      12.01
7:50am            281          1          5         85       63.0      29.91      12.01
7:55am            288          1          5         84       63.5      29.91      12.01
8:00am            288          3          5         83       64.0      29.91      12.01
8:05am            278          2          3         82       64.2      29.91      12.01
8:10am            288          2          3         81       64.6      29.91      12.01
8:15am            250          3          5         79       64.7      29.91      12.01
8:20am            283          2          5         80       64.9      29.91      12.01
8:25am            269          2          5         78       65.7      29.92      12.01
8:30am            293          2          5         77       65.9      29.92      12.01
8:35am            281          2          5         77       66.1      29.92      12.01
8:40am            293          1          5         77       66.6      29.92      12.01
8:45am            225          1          6         75       67.0      29.92      12.01
8:50am            278          3          6         73       67.2      29.92      12.01
8:55am            267          1          6         74       67.7      29.92      12.01
9:00am            256          0          6         73       68.3      29.92      12.01
9:05am            243          3          4         71       68.7      29.92      12.01
9:10am            193          1          5         69       69.0      29.92      12.01
9:15am            282          3          5         70       69.4      29.92      12.01
9:20am            221          2          6         69       69.4      29.92      12.01
9:25am            288          1          6         68       69.4      29.92      12.01
9:30am            283          2          6         68       69.8      29.92      12.01
9:35am            243          0          6         68       69.8      29.92      12.01
9:40am            296          2          6         70       70.1      29.92      12.01
9:45am            238          2          6         67       70.7      29.92      12.01
9:50am            280          1          6         65       71.4      29.92      12.01
9:55am            228          2          6         62       71.8      29.92      12.01
10:00am           278          4          7         60       72.3      29.92      12.01
10:05am           269          0          6         58       72.0      29.92      12.01
10:10am           233          2          7         58       71.9      29.92      12.01
10:15am           178          2          8         54       72.7      29.92      12.01
10:20am           219          3          8         55       73.3      29.92      12.01
10:25am           278          5          8         54       74.0      29.92      12.01
10:30am           287          0          8         49       74.0      29.92      12.01
10:35am           103          2          5         46       74.5      29.92      12.01
10:40am           234          3          8         48       74.0      29.92      12.01
10:45am            94          1          8         43       74.5      29.92      12.01
10:50am           283          4          8         43       74.7      29.92      12.01
10:55am           157          1          8         43       74.4      29.92      12.01
11:00am           127          2          8         45       74.6      29.92      12.01
11:05am           171          1          5         42       75.3      29.92      12.01
11:10am           354          0          6         42       75.6      29.92      12.01
11:15am           268          2          6         42       76.0      29.92      12.01
11:20am           316          3         11         44       75.7      29.92      12.01
11:25am           161          1         11         43       76.2      29.92      12.01
11:30am           248          1         11         45       76.6      29.92      12.01
11:35am           108          2          6         40       76.8      29.92      12.01
11:40am           240          0         10         40       76.7      29.92      12.01
11:45am           214          2         10         40       76.4      29.92      12.01
11:50am           195          1         10         39       76.3      29.91      12.01
11:55am           285          2         10         40       76.6      29.91      12.01
12:00pm            15          2         10         43       76.8      29.91      12.01
12:05pm           247          2          7         41       77.4      29.92      12.01
12:10pm           248          1          8         43       77.4      29.92      12.01
12:15pm           219          1          8         43       77.6      29.92      12.01
12:20pm           116          2          8         43       78.0      29.91      12.01
12:25pm           129          0          8         46       77.5      29.91      12.01
12:30pm            94          2          8         42       78.0      29.91      12.01
12:35pm           103          1          2         43       78.7      29.91      12.01
12:40pm           271          4          8         40       79.2      29.91      12.01
12:45pm           223          2          9         41       78.1      29.91      12.01
12:50pm           229          2          9         38       78.1      29.90      12.01
12:55pm           249          0          9         41       77.6      29.90      12.01
1:00pm            255          3          9         40       78.2      29.90      12.01
1:05pm            193          2         10         40       77.7      29.90      12.01
1:10pm            173          0         10         41       78.1      29.90      12.01
1:15pm             90          2         10         40       78.4      29.90      12.01
1:20pm            279          2         10         40       78.3      29.90      12.01
1:25pm            328          0         10         41       77.9      29.90      12.01
1:30pm            265          1         10         39       78.6      29.90      12.01
1:35pm            263          1          6         40       78.2      29.90      12.01
1:40pm            266          1          6         40       77.9      29.90      12.01
1:45pm            198          0          6         44       77.5      29.90      12.01
1:50pm             82          1          6         44       78.3      29.90      12.01
1:55pm            268          1          6         43       78.5      29.90      12.01
2:00pm            358          1          6         40       78.2      29.90      12.01
2:05pm            287          4          9         41       77.7      29.90      12.01
2:10pm             68          2          9         43       76.8      29.90      12.01
2:15pm            101          2          9         46       76.9      29.90      12.01
2:20pm            282          0          9         41       77.6      29.90      12.01
2:25pm             30          0          9         41       77.3      29.90      12.01
2:30pm            261          0          9         44       77.0      29.89      12.01
2:35pm            153          0          2         41       77.6      29.89      12.01
2:40pm            355          0          4         44       77.7      29.89      12.01
2:45pm             58          1          4         44       77.3      29.89      12.01
2:50pm             99          0          4         47       77.1      29.89      12.01
2:55pm            235          1          4         43       77.5      29.89      12.01
3:00pm            293          3          6         45       78.1      29.89      12.01
3:05pm            167          1          6         44       78.0      29.89      12.01
3:10pm            200          0          6         44       77.4      29.89      12.01
3:15pm            255          3          6         45       77.6      29.89      12.01
3:20pm             70          0          6         44       77.5      29.90      12.01
3:25pm            140          0          6         42       78.2      29.89      12.01
3:30pm            297          2          6         43       78.7      29.89      12.01
3:35pm            270          3          5         42       79.2      29.89      12.01
3:40pm            328          1          5         41       78.8      29.89      12.01
3:45pm            110          2          6         42       80.0      29.89      12.01
3:50pm            214          1          7         41       80.5      29.89      12.01
3:55pm            256          0          7         41       80.9      29.90      12.01
4:00pm            255          5          7         39       80.1      29.89      12.01
4:05pm            268          1          5         41       79.7      29.89      12.01
4:10pm            283          3          6         38       80.5      29.89      12.01
4:15pm            282          1          6         41       80.1      29.89      12.01
4:20pm            271          2          7         40       80.2      29.89      12.01
4:25pm            256          1          7         39       79.7      29.90      12.01
4:30pm            220          1          7         39       79.9      29.90      12.01
4:35pm            231          1          5         38       79.9      29.89      12.01
4:40pm            264          3          6         39       80.1      29.90      12.01
4:45pm            259          3          6         39       80.5      29.90      12.01
4:50pm            293          5          6         39       80.4      29.90      12.01
4:55pm            230          3          6         39       80.3      29.90      12.01
5:00pm            259          6          7         38       80.7      29.90      12.01
5:05pm            280          1          6         38       80.4      29.90      12.01
5:10pm            246          1          8         39       80.3      29.90      12.01
5:15pm            291          1          8         38       80.1      29.90      12.01
5:20pm            169          1          8         40       80.1      29.90      12.01
5:25pm            241          0          8         42       80.4      29.90      12.01
5:30pm            278          0          8         38       80.2      29.90      12.01
5:35pm            285          3          3         41       80.5      29.90      12.01
5:40pm            257          2          6         38       80.3      29.90      12.01
5:45pm            283          4          6         38       80.5      29.90      12.01
5:50pm            266          1          6         40       80.2      29.90      12.01
5:55pm            224          2          7         40       78.9      29.90      12.01
6:00pm            238          0          7         43       78.5      29.90      12.01
6:05pm            239          2          3         41       78.4      29.90      12.01
6:10pm            214          0          3         42       78.6      29.90      12.01
6:15pm            186          2          3         43       78.9      29.90      12.01
6:20pm            264          1          4         39       78.8      29.90      12.01
6:25pm            295          4          5         41       78.3      29.90      12.01
6:30pm            279          2          5         45       77.7      29.90      12.01
6:35pm            283          1          3         44       77.3      29.90      12.01
6:40pm            288          3          5         43       77.2      29.90      12.01
6:45pm            246          0          5         44       77.1      29.90      12.01
6:50pm            264          0          5         46       76.9      29.90      12.01
6:55pm            278          1          5         46       76.7      29.90      12.01
7:00pm            257          0          5         46       76.7      29.91      12.01
7:05pm            354          0          1         46       76.2      29.91      12.01
7:10pm            252          0          1         49       75.5      29.91      12.01
7:15pm            280          0          2         47       75.4      29.91      12.01
7:20pm            229          0          2         48       75.4      29.91      12.01
7:25pm            231          0          2         49       75.1      29.91      12.01
7:30pm            231          0          2         49       74.8      29.91      12.01
7:35pm            231          0          0         50       74.4      29.91      12.01
7:40pm            279          0          1         51       74.0      29.91      12.01
7:45pm            345          0          1         52       73.4      29.91      12.01
7:50pm            346          0          1         53       72.9      29.91      12.01
7:55pm            346          0          1         53       72.5      29.91      12.01
8:00pm            346          0          1         58       72.1      29.91      12.01
8:05pm            346          0          0         60       71.7      29.92      12.01
8:10pm            346          0          1         64       71.2      29.92      12.01
8:15pm            344          0          1         62       70.8      29.92      12.01
8:20pm            344          0          1         63       70.3      29.92      12.01
8:25pm            343          1          1         65       69.7      29.91      12.01
8:30pm            337          0          1         67       69.2      29.92      12.01
8:35pm            337          0          1         67       68.5      29.92      12.01
8:40pm            337          0          1         68       68.0      29.92      12.01
8:45pm            337          0          1         69       67.6      29.92      12.01
8:50pm            337          0          1         71       67.2      29.92      12.01
8:55pm            337          0          1         71       66.7      29.93      12.01
9:00pm            337          0          1         71       66.2      29.93      12.01
9:05pm            337          0          0         71       65.9      29.93      12.01
9:10pm            337          0          0         72       65.5      29.93      12.01
9:15pm            337          0          0         74       65.2      29.93      12.01
9:20pm            337          0          0         74       64.9      29.93      12.01
9:25pm            337          0          0         75       64.5      29.93      12.01
9:30pm            337          0          0         76       64.2      29.93      12.01
9:35pm            337          0          1         76       63.9      29.93      12.01
9:40pm            337          0          1         77       63.5      29.94      12.01
9:45pm            337          0          1         78       63.3      29.94      12.01
9:50pm            337          0          1         79       63.0      29.94      12.01
9:55pm            337          0          1         81       62.8      29.94      12.01
10:00pm           337          0          1         81       62.7      29.94      12.01
10:05pm           337          0          1         81       62.5      29.94      12.01
10:10pm           337          0          1         81       62.3      29.94      12.01
10:15pm           336          0          1         82       62.0      29.94      12.01
10:20pm           336          0          1         83       61.8      29.94      12.01
10:25pm           336          0          1         84       61.6      29.94      12.01
10:30pm           336          0          1         85       61.5      29.94      12.01
10:35pm           336          0          0         85       61.3      29.94      12.01
10:40pm           336          0          0         85       61.2      29.94      12.01
10:45pm           336          0          0         85       61.0      29.94      12.01
10:50pm           336          0          1         86       61.0      29.94      12.01
10:55pm           298          0          1         86       60.9      29.94      12.01
11:00pm           298          0          1         87       60.6      29.94      12.01
11:05pm           298          0          0         87       60.4      29.94      12.01
11:10pm           298          0          0         86       60.1      29.94      12.01
11:15pm           284          0          1         88       60.2      29.94      12.01
11:20pm           284          0          1         88       59.9      29.94      12.01
11:25pm           284          0          1         89       59.7      29.94      12.01
11:30pm           284          0          1         89       59.6      29.94      12.01
11:35pm           284          0          0         89       59.5      29.94      12.01
11:40pm           284          0          0         89       59.3      29.94      12.01
11:45pm           284          0          1         90       59.3      29.94      12.01
11:50pm           284          0          1         90       59.1      29.94      12.01
11:55pm           284          0          1         90       59.0      29.94      12.01
