7/14/16
Time         Wind Dir   Wind Spd  Wind Gust   Humidity       Temp  Raw Barom   Tot Rain
                    °        mph        mph          %         °F         in         in
12:00am           293          4         11         72       73.5      29.86      12.01
12:05am             2          4          9         72       73.3      29.86      12.01
12:10am           251          1         10         72       73.1      29.86      12.01
12:15am           292          3         10         73       73.0      29.86      12.01
12:20am           192          1         10         73       72.8      29.85      12.01
12:25am           319          1         10         73       72.7      29.85      12.01
12:30am           257          1         10         73       72.6      29.85      12.01
12:35am           258          4          8         73       72.4      29.85      12.01
12:40am           271          3          8         74       72.3      29.85      12.01
12:45am           275          2          8         74       72.2      29.85      12.01
12:50am           265          1          8         75       71.9      29.85      12.01
12:55am           157          2          9         74       71.8      29.85      12.01
1:00am            278          2          9         75       71.6      29.85      12.01
1:05am            326          1          6         75       71.5      29.85      12.01
1:10am            137          0          6         75       71.4      29.85      12.01
1:15am            295          4          6         75       71.2      29.85      12.01
1:20am            264          4          7         75       71.2      29.85      12.01
1:25am             96          0          7         75       71.2      29.85      12.01
1:30am             96          0          7         76       70.9      29.85      12.01
1:35am            286          0          3         76       70.8      29.85      12.01
1:40am            133          0          3         76       70.8      29.85      12.01
1:45am            307          1          5         76       70.7      29.85      12.01
1:50am            267          2          5         77       70.5      29.86      12.01
1:55am            280          1          8         77       70.5      29.86      12.01
2:00am            328          2          8         77       70.3      29.86      12.01
2:05am            255          1          7         78       70.2      29.86      12.01
2:10am            280          1          8         78       70.1      29.86      12.01
2:15am            275          1          8         78       70.0      29.86      12.01
2:20am            264          1          8         79       69.9      29.86      12.01
2:25am            259          3          8         79       69.8      29.86      12.01
2:30am            294          1          8         79       69.7      29.86      12.01
2:35am            296          4          8         79       69.7      29.86      12.01
2:40am            245          0          8         80       69.7      29.86      12.01
2:45am            285          3          8         80       69.7      29.86      12.01
2:50am            305          3          8         80       69.7      29.86      12.01
2:55am            331          3          9         80       69.7      29.86      12.01
3:00am            297          3          9         80       69.7      29.86      12.01
3:05am            281          3          7         80       69.7      29.85      12.01
3:10am            291          4          8         80       69.7      29.85      12.01
3:15am            224          1          8         80       69.7      29.85      12.01
3:20am            212          4          8         80       69.6      29.85      12.01
3:25am            264          3          8         81       69.4      29.86      12.01
3:30am            252          1          8         81       69.3      29.86      12.01
3:35am            200          1          6         81       69.2      29.85      12.01
3:40am            293          2          6         81       69.1      29.85      12.01
3:45am            247          4          7         81       69.0      29.85      12.01
3:50am            226          3          7         82       68.9      29.85      12.01
3:55am            257          2          7         82       68.8      29.85      12.01
4:00am            347          3          7         82       68.8      29.85      12.01
4:05am            275          3          7         82       68.7      29.85      12.01
4:10am            259          4          8         82       68.6      29.85      12.01
4:15am            271          3          8         83       68.5      29.85      12.01
4:20am            284          2          8         83       68.4      29.85      12.01
4:25am            258          1          8         83       68.3      29.85      12.01
4:30am            278          0          8         83       68.2      29.85      12.01
4:35am            230          2          5         83       68.1      29.85      12.01
4:40am            295          5          6         84       68.0      29.85      12.01
4:45am            268          3          8         84       68.0      29.85      12.01
4:50am            298          7          8         84       67.9      29.85      12.01
4:55am            286          4         11         84       67.9      29.84      12.01
5:00am            274          1         11         84       67.7      29.85      12.01
5:05am            298          3          7         85       67.6      29.85      12.01
5:10am            280          5          8         85       67.5      29.85      12.01
5:15am            266          2          8         85       67.4      29.85      12.01
5:20am            231          1          8         85       67.5      29.85      12.01
5:25am            292          4          8         86       67.4      29.85      12.01
5:30am            266          8          9         85       67.4      29.84      12.01
5:35am            292          3          8         85       67.5      29.85      12.01
5:40am            285          3          8         85       67.5      29.85      12.01
5:45am            298          1          8         86       67.5      29.85      12.01
5:50am            226          2          8         86       67.7      29.85      12.01
5:55am            288          2          9         85       68.0      29.85      12.01
6:00am            267          4          9         85       68.3      29.85      12.01
6:05am            275          4          7         85       68.4      29.84      12.01
6:10am            301          3          9         85       68.6      29.84      12.01
6:15am            298          2          9         85       68.6      29.84      12.01
6:20am            312          5          9         85       68.8      29.84      12.01
6:25am            297          3          9         85       68.9      29.84      12.01
6:30am            290          4          9         85       69.0      29.83      12.01
6:35am            292          5          9         85       69.2      29.83      12.01
6:40am            295          2          9         85       69.5      29.83      12.01
6:45am            311          3          9         85       69.6      29.83      12.01
6:50am            284          2         11         85       69.7      29.83      12.01
6:55am            309          5         11         85       69.9      29.83      12.01
7:00am            261          3         11         85       70.3      29.83      12.01
7:05am            290          5          8         85       70.8      29.83      12.01
7:10am            210          1          8         84       71.4      29.82      12.01
7:15am            281          2          8         83       71.9      29.82      12.01
7:20am            287          4          8         83       71.7      29.82      12.01
7:25am            250          3          8         83       71.3      29.83      12.01
7:30am            273          1          8         84       71.0      29.82      12.01
7:35am            258          1          6         85       70.9      29.82      12.01
7:40am            267          1          6         85       70.9      29.82      12.01
7:45am            276          3          6         85       71.0      29.82      12.01
7:50am            274          4          6         85       71.1      29.82      12.01
7:55am            262          4          6         85       71.2      29.82      12.01
8:00am            293          5          6         85       71.4      29.82      12.01
8:05am            274          3          7         85       71.5      29.82      12.01
8:10am            275          1          7         86       71.7      29.82      12.01
8:15am            272          1          7         85       71.8      29.81      12.01
8:20am            196          0          7         86       72.0      29.81      12.01
8:25am            303          2          7         85       72.5      29.81      12.01
8:30am            276          0          7         85       73.0      29.81      12.01
8:35am            212          0          4         83       73.8      29.81      12.01
8:40am            283          0          7         83       74.0      29.82      12.01
8:45am            295          3          8         82       74.0      29.82      12.01
8:50am            285          3          9         83       73.7      29.82      12.01
8:55am            210          2         11         83       73.6      29.82      12.01
9:00am            253          2         11         83       73.4      29.82      12.01
9:05am            283          8         10         84       73.4      29.82      12.01
9:10am            263          2         10         84       73.6      29.82      12.01
9:15am            300          4         14         83       73.8      29.82      12.01
9:20am            279          6         14         83       73.5      29.81      12.01
9:25am            360          2         14         84       73.9      29.81      12.01
9:30am            225          2         14         83       74.3      29.81      12.01
9:35am            290          5         14         82       74.5      29.81      12.01
9:40am            235          4         14         82       74.5      29.81      12.01
9:45am            110          2         14         82       74.6      29.81      12.01
9:50am            281          5         14         83       75.3      29.81      12.01
9:55am            214          4         14         80       75.9      29.81      12.01
10:00am           244          6         14         80       76.1      29.81      12.01
10:05am           235          7          8         80       75.6      29.81      12.01
10:10am           255          4          9         81       75.9      29.81      12.01
10:15am           278          3          9         81       76.1      29.81      12.01
10:20am           250          4          9         81       75.6      29.81      12.01
10:25am           208          4          9         82       75.2      29.81      12.01
10:30am           278          4          9         82       75.3      29.80      12.01
10:35am           276          3          7         83       75.4      29.80      12.01
10:40am           307          3          7         82       75.5      29.80      12.01
10:45am           301          4         13         81       75.7      29.80      12.01
10:50am           156          1         13         81       76.0      29.80      12.01
10:55am           258          6         13         81       76.7      29.79      12.01
11:00am           180          4         13         79       77.1      29.79      12.01
11:05am           186          2         10         80       77.0      29.79      12.01
11:10am           271          5         10         79       77.0      29.79      12.01
11:15am           271          1         10         79       76.8      29.79      12.01
11:20am           258          4         10         80       76.6      29.79      12.01
11:25am           290          4         10         80       76.4      29.79      12.01
11:30am           277          3         10         81       76.4      29.79      12.01
11:35am           213          3         11         80       76.4      29.79      12.01
11:40am           235          6         11         81       76.4      29.79      12.01
11:45am           273          3         11         80       76.4      29.79      12.01
11:50am           293          3         11         80       76.6      29.79      12.01
11:55am           210          3         11         80       76.5      29.79      12.01
12:00pm           279          4         11         80       76.6      29.79      12.01
12:05pm           252          5          8         80       76.4      29.79      12.01
12:10pm           291          4          8         81       76.4      29.78      12.01
12:15pm           277          4          9         80       76.8      29.78      12.01
12:20pm           302          6         11         79       77.0      29.77      12.01
12:25pm           250          6         11         79       77.2      29.78      12.01
12:30pm           167          1         11         79       77.9      29.77      12.01
12:35pm           219          5          5         76       79.0      29.77      12.01
12:40pm           347          0          7         77       79.8      29.76      12.01
12:45pm           295          4         11         74       79.9      29.77      12.01
12:50pm           286          7         11         75       79.2      29.77      12.01
12:55pm           272          6         11         76       78.3      29.77      12.01
1:00pm            223          3         11         77       77.7      29.77      12.01
1:05pm            258          2          8         79       77.7      29.77      12.01
1:10pm            302          6          8         79       77.6      29.76      12.01
1:15pm            287          2          9         79       77.5      29.76      12.01
1:20pm            295          3          9         79       77.4      29.75      12.01
1:25pm            283          6          9         80       77.5      29.75      12.01
1:30pm            241          5          9         79       77.5      29.75      12.01
1:35pm            262          7          9         79       77.7      29.74      12.01
1:40pm            258          5          9         78       78.2      29.74      12.01
1:45pm            266          4          9         78       78.9      29.74      12.01
1:50pm            129          1          9         77       79.0      29.74      12.01
1:55pm            301          6         13         76       79.0      29.74      12.01
2:00pm            302          4         13         77       79.6      29.73      12.01
2:05pm            340          3          8         75       80.3      29.73      12.01
2:10pm            262          7         10         73       80.9      29.72      12.01
2:15pm            304          2         15         73       80.7      29.73      12.01
2:20pm            273          5         15         74       80.8      29.72      12.01
2:25pm            351          5         15         73       81.5      29.72      12.01
2:30pm            255          3         15         72       81.8      29.72      12.01
2:35pm            297          5         11         70       81.9      29.71      12.01
2:40pm            289         10         11         70       81.9      29.70      12.01
2:45pm            266          6         11         70       82.1      29.70      12.01
2:50pm            321          5         11         70       81.8      29.70      12.01
2:55pm            240          4         11         71       81.7      29.70      12.01
3:00pm            260          2         11         72       81.3      29.70      12.01
3:05pm            271          3         10         71       81.2      29.69      12.01
3:10pm            293          3         10         72       81.1      29.70      12.01
3:15pm            307          5         10         73       81.2      29.69      12.01
3:20pm            274          5         11         72       81.2      29.69      12.01
3:25pm            321          0         11         72       81.7      29.69      12.01
3:30pm            344          2         11         71       82.3      29.68      12.01
3:35pm            172          1          8         70       82.7      29.68      12.01
3:40pm            160          6          9         68       82.9      29.68      12.01
3:45pm            158          2          9         71       83.4      29.67      12.01
3:50pm            290          4         10         68       83.2      29.68      12.01
3:55pm            270          3         10         69       82.8      29.68      12.01
4:00pm            219          4         10         70       83.4      29.68      12.01
4:05pm            240          1         13         69       83.3      29.67      12.01
4:10pm            301          5         13         67       83.4      29.68      12.01
4:15pm            308          5         13         69       83.0      29.67      12.01
4:20pm            148          2         13         70       83.1      29.67      12.01
4:25pm            123          3         13         68       83.7      29.66      12.01
4:30pm            229          3         13         67       84.1      29.66      12.01
4:35pm            217          7         12         67       83.6      29.66      12.01
4:40pm            281          4         12         67       83.4      29.66      12.01
4:45pm            264          3         12         68       83.0      29.66      12.01
4:50pm            290          4         12         68       82.8      29.66      12.01
4:55pm            250          5         15         68       83.0      29.65      12.01
5:00pm            285          4         15         68       83.0      29.65      12.01
5:05pm            300         11         14         68       82.7      29.65      12.01
5:10pm            323          7         14         69       82.0      29.65      12.01
5:15pm            290          3         14         70       81.5      29.65      12.01
5:20pm             37          3         14         71       81.2      29.65      12.01
5:25pm            274          2         14         72       81.0      29.65      12.01
5:30pm            277          2         14         72       80.8      29.65      12.01
5:35pm            221          0         10         73       80.6      29.65      12.01
5:40pm            197          4         10         74       80.3      29.65      12.01
5:45pm            298          6         10         74       80.1      29.65      12.01
5:50pm            271          4         10         75       79.9      29.64      12.01
5:55pm            267          4         10         76       79.6      29.64      12.01
6:00pm            277          2         10         77       79.3      29.64      12.01
6:05pm            308          3          8         79       78.9      29.65      12.01
6:10pm            277          4          8         80       78.3      29.65      12.01
6:15pm            287          2          8         81       77.8      29.64      12.01
6:20pm            274          7          8         83       77.2      29.65      12.01
6:25pm            287          5          8         85       76.7      29.65      12.01
6:30pm            288          1          8         86       76.3      29.65      12.01
6:35pm            293          2          6         87       76.1      29.65      12.01
6:40pm            293          2          6         87       76.2      29.65      12.01
6:45pm            241          2          7         88       76.3      29.66      12.01
6:50pm            304          2          7         88       76.1      29.65      12.01
6:55pm            248          1          7         89       75.9      29.65      12.01
7:00pm            247          2          7         89       75.5      29.66      12.01
7:05pm            253          4          4         89       75.1      29.66      12.01
7:10pm            241          4          9         89       74.3      29.67      12.01
7:15pm            275          6         11         90       73.3      29.67      12.01
7:20pm            264          5         11         91       72.6      29.67      12.01
7:25pm            231          0         11         92       72.2      29.67      12.01
7:30pm            238          2         11         92       72.0      29.67      12.01
7:35pm            236          0          4         93       71.9      29.67      12.01
7:40pm            263          0          5         93       71.6      29.67      12.01
7:45pm            229          0          5         93       71.6      29.67      12.01
7:50pm            267          0          5         93       71.6      29.67      12.01
7:55pm            300          1          5         93       71.4      29.66      12.01
8:00pm            279          1          5         93       71.4      29.67      12.01
8:05pm            279          3          3         93       71.4      29.66      12.01
8:10pm            265          2          3         93       71.3      29.66      12.01
8:15pm            272          0          3         93       71.2      29.67      12.01
8:20pm            286          0          3         93       71.2      29.67      12.01
8:25pm            283          0          3         93       71.1      29.67      12.01
8:30pm            263          1          3         93       70.9      29.67      12.01
8:35pm            265          0          3         94       70.8      29.67      12.01
8:40pm            243          1          7         94       70.6      29.67      12.01
8:45pm            274          1          7         94       70.5      29.68      12.01
8:50pm            280          0          7         94       70.3      29.68      12.01
8:55pm            272          0          7         95       70.2      29.68      12.01
9:00pm            266          1          7         95       70.1      29.68      12.01
9:05pm            274          0          1         95       70.0      29.68      12.01
9:10pm            274          0          1         95       69.8      29.69      12.01
9:15pm            274          0          1         95       69.7      29.69      12.01
9:20pm            274          0          1         95       69.6      29.69      12.01
9:25pm            274          0          1         95       69.5      29.69      12.01
9:30pm            274          0          1         95       69.4      29.70      12.01
9:35pm            270          0          1         96       69.4      29.70      12.01
9:40pm            270          0          1         96       69.4      29.71      12.01
9:45pm            269          0          1         96       69.3      29.70      12.01
9:50pm            271          0          1         96       69.3      29.70      12.01
9:55pm            271          0          1         96       69.3      29.70      12.01
10:00pm           271          0          1         96       69.2      29.70      12.01
10:05pm           274          0          2         96       69.2      29.70      12.01
10:10pm           283          0          2         96       69.1      29.71      12.01
10:15pm           283          0          2         96       69.1      29.70      12.01
10:20pm           281          0          2         96       69.0      29.71      12.01
10:25pm           279          0          2         96       69.0      29.71      12.01
10:30pm           279          0          2         96       68.8      29.71      12.01
10:35pm           279          0          0         96       68.7      29.70      12.01
10:40pm           279          0          0         96       68.6      29.71      12.01
10:45pm           281          0          0         96       68.5      29.71      12.01
10:50pm           281          0          0         96       68.4      29.70      12.01
10:55pm           278          0          1         96       68.3      29.70      12.01
11:00pm           278          0          1         96       68.3      29.70      12.01
11:05pm           278          0          0         96       68.2      29.70      12.01
11:10pm           278          0          0         96       68.1      29.70      12.01
11:15pm           278          0          0         96       68.0      29.70      12.01
11:20pm           278          0          0         96       67.8      29.70      12.01
11:25pm           278          0          0         96       67.7      29.70      12.01
11:30pm           278          0          0         96       67.5      29.70      12.01
11:35pm           278          0          0         96       67.4      29.70      12.01
11:40pm           278          0          0         96       67.3      29.71      12.01
11:45pm           278          0          0         96       67.2      29.71      12.01
11:50pm           278          0          0         97       67.2      29.71      12.01
11:55pm           278          0          0         96       67.1      29.71      12.01
