7/9/16
Time         Wind Dir   Wind Spd  Wind Gust   Humidity       Temp  Raw Barom   Tot Rain
                    °        mph        mph          %         °F         in         in
12:00am           218          3         13         94       58.4      29.85      12.01
12:05am            95          2         12         94       58.3      29.85      12.01
12:10am            92          2         12         94       58.4      29.84      12.01
12:15am           170          2         16         94       58.5      29.84      12.01
12:20am           101          9         16         94       58.4      29.85      12.01
12:25am            66          7         16         94       58.3      29.85      12.01
12:30am           151          2         16         94       58.2      29.84      12.01
12:35am            60          7          9         94       58.2      29.84      12.01
12:40am           118          2         10         94       58.2      29.85      12.01
12:45am            51          5         10         94       58.2      29.85      12.01
12:50am           207          2         10         94       58.1      29.85      12.01
12:55am            85          6         13         94       58.0      29.85      12.01
1:00am             94          7         13         94       58.0      29.85      12.01
1:05am             89          3         14         93       57.9      29.85      12.01
1:10am            188          2         14         93       58.0      29.85      12.01
1:15am             91          3         14         93       58.1      29.85      12.01
1:20am             59          1         14         92       58.2      29.84      12.01
1:25am            129          1         14         93       58.1      29.84      12.01
1:30am            190          4         14         93       58.0      29.84      12.01
1:35am             97          1          5         92       58.0      29.85      12.01
1:40am             82          6         11         92       58.0      29.86      12.01
1:45am            152          1         11         92       58.0      29.86      12.01
1:50am             99          2         11         92       57.9      29.86      12.01
1:55am            108          2         11         91       57.9      29.86      12.01
2:00am             79          3         11         91       58.0      29.85      12.01
2:05am             65          0         10         91       58.0      29.85      12.01
2:10am             67          4         10         92       57.9      29.85      12.01
2:15am            120          0         10         92       57.8      29.85      12.01
2:20am             68          7         10         93       57.6      29.85      12.01
2:25am            101          6         10         93       57.4      29.84      12.01
2:30am             63          8         11         93       57.3      29.83      12.01
2:35am             68          2         12         94       57.2      29.83      12.01
2:40am             87          6         14         94       57.1      29.83      12.01
2:45am             84          6         14         94       57.0      29.83      12.01
2:50am            149          3         14         94       56.9      29.83      12.01
2:55am            121          5         14         94       56.8      29.83      12.01
3:00am            105          2         14         94       56.7      29.83      12.01
3:05am            182          2          8         95       56.6      29.83      12.01
3:10am             49          9         15         94       56.6      29.82      12.01
3:15am            134          1         16         95       56.6      29.83      12.01
3:20am             65          8         16         95       56.6      29.83      12.01
3:25am            116          2         16         95       56.5      29.83      12.01
3:30am             62          5         16         95       56.4      29.83      12.01
3:35am             71          5         10         94       56.3      29.83      12.01
3:40am             91          5         11         95       56.2      29.83      12.01
3:45am             69          4         11         95       56.2      29.83      12.01
3:50am             36          4         11         95       56.1      29.83      12.01
3:55am            146          0         11         95       56.1      29.82      12.01
4:00am            111          3         12         95       56.0      29.82      12.01
4:05am             82          4          7         94       56.0      29.83      12.01
4:10am            119          1          9         94       55.9      29.83      12.01
4:15am             98          4         10         95       55.9      29.82      12.01
4:20am            105          1         10         95       55.9      29.82      12.01
4:25am             84          2         10         94       55.9      29.82      12.01
4:30am             71          5         10         95       55.9      29.82      12.01
4:35am             71          2          9         95       55.9      29.82      12.01
4:40am             97          7         11         95       55.8      29.82      12.01
4:45am            138          5         11         95       55.8      29.82      12.01
4:50am             70          4         11         95       55.9      29.82      12.01
4:55am             72          1         11         95       55.9      29.82      12.01
5:00am            153          2         11         95       55.9      29.82      12.01
5:05am             91          1          4         96       56.0      29.82      12.01
5:10am            141          0          5         95       56.0      29.82      12.01
5:15am            105          1         10         95       55.9      29.82      12.01
5:20am             79          6         10         95       55.9      29.82      12.01
5:25am            129          3         12         95       55.9      29.82      12.01
5:30am             51          5         14         95       55.8      29.82      12.01
5:35am             51          2         12         95       55.8      29.82      12.01
5:40am            127          1         12         95       55.9      29.82      12.01
5:45am            122          3         12         95       55.9      29.82      12.01
5:50am            114          3         18         95       55.8      29.83      12.01
5:55am             99          2         18         95       55.6      29.83      12.01
6:00am             81          2         18         95       55.7      29.83      12.01
6:05am            105          3         12         95       55.7      29.83      12.01
6:10am             81          3         12         95       55.6      29.83      12.01
6:15am             38          4         15         95       55.7      29.83      12.01
6:20am             60         10         15         95       55.8      29.83      12.01
6:25am             59          4         15         95       55.7      29.83      12.01
6:30am             61          4         16         95       55.8      29.83      12.01
6:35am            115          2         10         95       55.8      29.83      12.01
6:40am            117          3         14         95       55.8      29.83      12.01
6:45am            115          3         14         95       55.8      29.83      12.01
6:50am             72          3         14         96       55.9      29.84      12.01
6:55am             94          4         14         95       55.8      29.84      12.01
7:00am            345          2         14         95       55.8      29.83      12.01
7:05am            112          4          8         96       55.9      29.83      12.01
7:10am             96          2         12         95       55.9      29.84      12.01
7:15am             18          2         12         95       56.0      29.83      12.01
7:20am            158          3         12         95       56.1      29.84      12.01
7:25am            133          2         12         95       56.2      29.84      12.01
7:30am             94          3         12         95       56.2      29.84      12.01
7:35am            131          3         10         95       56.3      29.84      12.01
7:40am             64          7         10         95       56.3      29.84      12.01
7:45am            169          1         10         95       56.4      29.84      12.01
7:50am             78          0         10         94       56.3      29.85      12.01
7:55am             80          1         10         95       56.4      29.85      12.01
8:00am            100          6         10         94       56.5      29.84      12.01
8:05am            148          4         13         94       56.5      29.84      12.01
8:10am             50          1         13         94       56.5      29.84      12.01
8:15am             86          6         13         95       56.4      29.84      12.01
8:20am             11          2         13         95       56.3      29.85      12.01
8:25am             65          4         13         95       56.4      29.85      12.01
8:30am            137          1         13         95       56.4      29.84      12.01
8:35am            138          5          7         95       56.6      29.84      12.01
8:40am             75          7         12         94       56.7      29.84      12.01
8:45am            201          5         15         94       56.7      29.84      12.01
8:50am            101          3         15         94       56.8      29.84      12.01
8:55am            236          0         15         94       56.9      29.84      12.01
9:00am             95          4         15         93       56.9      29.84      12.01
9:05am             60          6         11         93       56.9      29.84      12.01
9:10am            115          1         11         93       56.9      29.84      12.01
9:15am            173          0         11         93       56.9      29.84      12.01
9:20am             75          2         11         93       56.8      29.85      12.01
9:25am             84          3         11         93       56.8      29.84      12.01
9:30am            105          3         11         94       57.0      29.84      12.01
9:35am             62          8         11         93       57.1      29.84      12.01
9:40am            122          4         11         93       57.0      29.84      12.01
9:45am             85          6         11         94       56.8      29.84      12.01
9:50am            252          2         11         94       56.6      29.84      12.01
9:55am            168          4         11         94       56.5      29.84      12.01
10:00am           138          3         11         94       56.6      29.84      12.01
10:05am            82          5         10         94       56.8      29.83      12.01
10:10am            89          4         13         93       56.8      29.83      12.01
10:15am           200          4         13         93       56.8      29.84      12.01
10:20am            79          5         13         94       56.7      29.84      12.01
10:25am           124          3         13         94       56.5      29.83      12.01
10:30am           127          1         13         95       56.6      29.83      12.01
10:35am           108          0         12         95       56.7      29.83      12.01
10:40am            68          4         17         95       56.7      29.83      12.01
10:45am           106          7         17         95       56.7      29.83      12.01
10:50am           116          5         17         95       56.7      29.83      12.01
10:55am            64          5         17         95       56.6      29.83      12.01
11:00am            93          3         17         95       56.6      29.83      12.01
11:05am            77          5         12         95       56.6      29.83      12.01
11:10am            40          1         12         95       56.8      29.83      12.01
11:15am           110          2         12         95       57.0      29.83      12.01
11:20am            92          2         12         95       57.1      29.83      12.01
11:25am           123          2         12         95       57.2      29.84      12.01
11:30am           108          2         12         95       57.3      29.84      12.01
11:35am            70          6         10         95       57.3      29.83      12.01
11:40am            89          1         10         95       57.4      29.83      12.01
11:45am           138          1         14         95       57.3      29.83      12.01
11:50am           134          0         14         95       57.3      29.84      12.01
11:55am           183          3         14         94       57.2      29.85      12.01
12:00pm           129          3         14         95       57.3      29.84      12.01
12:05pm           129          9          9         95       57.3      29.83      12.01
12:10pm            83          4         14         95       57.2      29.82      12.01
12:15pm            88          2         14         95       57.3      29.82      12.01
12:20pm           124          3         14         95       57.5      29.82      12.01
12:25pm           113          5         14         95       57.6      29.82      12.01
12:30pm            68          7         14         95       57.6      29.82      12.01
12:35pm            70          9          9         95       57.6      29.83      12.01
12:40pm           141          3         12         95       57.6      29.83      12.01
12:45pm            42          3         12         94       57.6      29.83      12.01
12:50pm            80          6         12         95       57.8      29.83      12.01
12:55pm            95          2         12         94       57.6      29.83      12.01
1:00pm             77          3         12         95       57.7      29.84      12.01
1:05pm            136          1          6         95       57.7      29.84      12.01
1:10pm             92          4          7         95       57.6      29.83      12.01
1:15pm            122          2          7         95       57.7      29.83      12.01
1:20pm             79          6         11         95       57.8      29.82      12.01
1:25pm            136          1         11         95       57.9      29.82      12.01
1:30pm             70          6         11         95       58.0      29.81      12.01
1:35pm            130          2          7         95       58.2      29.81      12.01
1:40pm            132          4          7         95       58.3      29.81      12.01
1:45pm            133          2          8         95       58.4      29.81      12.01
1:50pm            176          5          9         95       58.4      29.81      12.01
1:55pm             82          3          9         95       58.5      29.81      12.01
2:00pm             87          1          9         95       58.6      29.81      12.01
2:05pm             39          2          7         95       58.6      29.82      12.01
2:10pm             37          2          7         95       58.5      29.82      12.01
2:15pm             61          2          8         95       58.4      29.82      12.01
2:20pm             84          2          8         95       58.3      29.82      12.01
2:25pm             71          8          9         95       58.3      29.82      12.01
2:30pm             70          2          9         95       58.4      29.82      12.01
2:35pm             84          3          7         96       58.4      29.83      12.01
2:40pm             96          2          9         95       58.3      29.83      12.01
2:45pm             94          2          9         96       58.4      29.81      12.01
2:50pm             96          5          9         96       58.4      29.81      12.01
2:55pm            328          0          9         96       58.4      29.82      12.01
3:00pm             71          8          9         96       58.6      29.83      12.01
3:05pm             83          4          8         96       58.7      29.82      12.01
3:10pm             75          7          9         96       58.7      29.81      12.01
3:15pm             71          6          9         96       58.7      29.81      12.01
3:20pm             84          2          9         96       58.8      29.81      12.01
3:25pm             72          3          9         96       58.8      29.82      12.01
3:30pm            158          0          9         96       58.9      29.82      12.01
3:35pm            105          2          6         96       59.0      29.81      12.01
3:40pm            190          4          8         96       59.2      29.80      12.01
3:45pm            127          2          8         95       59.1      29.80      12.01
3:50pm             44          0          9         95       59.1      29.80      12.01
3:55pm             92          4          9         96       59.4      29.80      12.01
4:00pm            133          2          9         95       59.3      29.80      12.01
4:05pm            155          3         10         95       59.2      29.80      12.01
4:10pm             94          5         10         95       59.3      29.80      12.01
4:15pm            150          2         10         95       59.3      29.80      12.01
4:20pm            136          3         10         95       59.3      29.81      12.01
4:25pm             44          2         10         95       59.3      29.81      12.01
4:30pm            127          1         10         95       59.3      29.81      12.01
4:35pm             98          2         10         95       59.3      29.81      12.01
4:40pm            149          1         11         95       59.3      29.80      12.01
4:45pm             82          2         11         95       59.2      29.80      12.01
4:50pm             99          2         11         95       59.3      29.81      12.01
4:55pm             77          3         11         95       59.3      29.80      12.01
5:00pm            113          2         13         95       59.2      29.80      12.01
5:05pm             64          8         11         95       59.1      29.80      12.01
5:10pm             72          5         12         95       59.1      29.80      12.01
5:15pm             49          5         14         95       59.1      29.80      12.01
5:20pm            342          3         14         95       59.0      29.80      12.01
5:25pm            134          1         14         95       59.0      29.80      12.01
5:30pm             79          7         14         95       59.0      29.80      12.01
5:35pm             89          5         15         95       58.7      29.80      12.01
5:40pm             85          0         15         95       58.6      29.80      12.01
5:45pm             73          3         15         95       58.7      29.80      12.01
5:50pm            121          5         15         95       58.6      29.80      12.01
5:55pm             85          2         16         95       58.6      29.80      12.01
6:00pm             54          1         16         95       58.6      29.80      12.01
6:05pm             68          7          9         95       58.5      29.80      12.01
6:10pm             70          2          9         95       58.4      29.81      12.01
6:15pm            331          3         13         96       58.3      29.81      12.01
6:20pm            151          5         13         96       58.3      29.81      12.01
6:25pm             66          1         13         96       58.3      29.81      12.01
6:30pm            125          1         13         96       58.3      29.81      12.01
6:35pm             59          6         10         96       58.3      29.81      12.01
6:40pm            139          0         10         96       58.3      29.81      12.01
6:45pm            102          1         10         96       58.3      29.81      12.01
6:50pm             49          2         17         96       58.2      29.81      12.01
6:55pm             91          2         17         96       58.1      29.80      12.01
7:00pm             60          8         17         96       58.0      29.81      12.01
7:05pm             79          3         13         96       57.8      29.81      12.01
7:10pm            131          1         13         96       57.7      29.81      12.01
7:15pm             72          3         13         96       57.7      29.82      12.01
7:20pm            214          4         13         96       57.7      29.82      12.01
7:25pm             84          5         13         96       57.6      29.82      12.01
7:30pm             89          1         13         96       57.5      29.83      12.01
7:35pm             90          7          9         96       57.3      29.83      12.01
7:40pm            118          3          9         96       57.3      29.83      12.01
7:45pm            201          0          9         96       57.2      29.83      12.01
7:50pm             78          7         12         96       57.1      29.82      12.01
7:55pm             97          8         12         96       57.0      29.81      12.01
8:00pm             11          4         12         96       56.9      29.80      12.01
8:05pm             68          4         16         96       56.8      29.81      12.01
8:10pm             84          2         16         96       56.9      29.82      12.01
8:15pm             66          4         16         95       56.8      29.82      12.01
8:20pm            105          2         16         95       56.7      29.82      12.01
8:25pm             77          1         16         95       56.7      29.82      12.01
8:30pm             62          3         16         95       56.6      29.82      12.01
8:35pm            143          3          8         95       56.6      29.82      12.01
8:40pm            167          6         10         95       56.5      29.82      12.01
8:45pm             33          8         11         95       56.3      29.82      12.01
8:50pm             70          7         11         95       56.3      29.82      12.01
8:55pm            110          5         11         96       56.3      29.82      12.01
9:00pm            175          0         11         96       56.3      29.82      12.01
9:05pm             95          0         11         96       56.3      29.82      12.01
9:10pm            276          3         15         96       56.2      29.83      12.01
9:15pm            103          1         15         96       56.2      29.83      12.01
9:20pm             63          8         15         96       56.1      29.83      12.01
9:25pm            137          3         15         96       56.0      29.83      12.01
9:30pm            227          5         15         96       56.0      29.83      12.01
9:35pm             64          4         14         96       55.9      29.82      12.01
9:40pm            136          5         14         96       55.9      29.83      12.01
9:45pm            125          6         14         96       55.9      29.83      12.01
9:50pm             58          5         14         96       55.9      29.83      12.01
9:55pm             92          6         14         96       55.8      29.83      12.01
10:00pm            61          4         14         96       55.8      29.83      12.01
10:05pm           124          4         11         96       55.7      29.83      12.01
10:10pm           193          5         11         96       55.7      29.83      12.01
10:15pm            30          6         11         96       55.8      29.83      12.01
10:20pm            75          6         11         96       55.7      29.83      12.01
10:25pm            76          2         11         96       55.7      29.83      12.01
10:30pm            82          7         11         96       55.6      29.82      12.01
10:35pm           200          1         12         96       55.5      29.83      12.01
10:40pm            77          6         12         96       55.6      29.83      12.01
10:45pm            73          6         12         96       55.5      29.83      12.01
10:50pm            91          1         12         96       55.4      29.83      12.01
10:55pm           114          0         12         96       55.5      29.84      12.01
11:00pm            73          4         13         96       55.5      29.84      12.01
11:05pm            90          4         10         96       55.4      29.83      12.01
11:10pm           115          5         10         96       55.4      29.83      12.01
11:15pm           138          6         10         96       55.4      29.83      12.01
11:20pm            46          4         10         96       55.4      29.83      12.01
11:25pm            50          6         10         96       55.4      29.83      12.01
11:30pm           101          3         10         96       55.3      29.83      12.01
11:35pm           311          2         12         96       55.3      29.83      12.01
11:40pm            80          5         12         96       55.4      29.83      12.01
11:45pm            51          3         12         96       55.3      29.82      12.01
11:50pm            93          3         13         96       55.3      29.82      12.01
11:55pm            96          4         13         96       55.3      29.81      12.01
