7/6/16
Time         Wind Dir   Wind Spd  Wind Gust   Humidity       Temp  Raw Barom   Tot Rain
                    °        mph        mph          %         °F         in         in
12:00am           274          0          1         88       64.1      29.72      12.01
12:05am           274          0          0         88       64.3      29.72      12.01
12:10am           274          0          0         88       64.5      29.72      12.01
12:15am           274          1          1         88       64.9      29.72      12.01
12:20am           274          0          1         88       65.4      29.72      12.01
12:25am           274          0          1         87       66.1      29.72      12.01
12:30am           274          0          1         86       66.4      29.72      12.01
12:35am           274          0          1         86       66.2      29.72      12.01
12:40am           279          1          1         87       66.3      29.72      12.01
12:45am           279          0          2         86       66.3      29.72      12.01
12:50am           279          0          2         86       66.3      29.72      12.01
12:55am           279          0          2         86       66.2      29.72      12.01
1:00am            279          0          2         87       66.0      29.72      12.01
1:05am            279          0          1         87       65.8      29.72      12.01
1:10am            263          0          2         86       65.7      29.72      12.01
1:15am            271          0          2         85       65.6      29.72      12.01
1:20am            272          1          2         84       65.6      29.72      12.01
1:25am            273          0          2         85       65.2      29.72      12.01
1:30am            273          0          2         85       64.8      29.72      12.01
1:35am            273          0          1         87       64.5      29.72      12.01
1:40am            273          0          1         87       64.0      29.72      12.01
1:45am            273          0          1         88       63.7      29.72      12.01
1:50am            273          0          1         88       63.5      29.72      12.01
1:55am            279          0          1         89       63.3      29.73      12.01
2:00am            276          1          2         89       63.0      29.72      12.01
2:05am            281          0          2         90       62.6      29.72      12.01
2:10am            269          0          2         90       62.3      29.72      12.01
2:15am            269          0          2         91       62.1      29.72      12.01
2:20am            264          0          2         91       61.8      29.72      12.01
2:25am            273          1          2         91       61.5      29.72      12.01
2:30am            269          1          2         92       61.2      29.72      12.01
2:35am            268          0          3         92       60.9      29.72      12.01
2:40am            257          0          3         93       60.9      29.72      12.01
2:45am            267          1          3         93       60.8      29.72      12.01
2:50am            217          0          3         93       60.7      29.72      12.01
2:55am            217          0          3         93       60.7      29.72      12.01
3:00am            268          1          3         93       60.6      29.72      12.01
3:05am            273          0          1         93       60.7      29.73      12.01
3:10am            269          0          1         93       60.7      29.73      12.01
3:15am            219          0          1         93       60.7      29.73      12.01
3:20am            219          0          1         93       60.7      29.72      12.01
3:25am            271          1          1         93       60.7      29.72      12.01
3:30am            281          0          2         93       60.7      29.73      12.01
3:35am            278          0          2         93       60.7      29.73      12.01
3:40am            266          1          3         92       60.4      29.73      12.01
3:45am            276          2          3         93       60.1      29.73      12.01
3:50am            276          0          3         93       60.1      29.73      12.01
3:55am            276          0          3         93       60.0      29.73      12.01
4:00am            219          0          3         93       59.8      29.73      12.01
4:05am            212          0          1         94       59.6      29.74      12.01
4:10am            212          0          1         94       59.5      29.74      12.01
4:15am            212          0          1         94       59.4      29.74      12.01
4:20am            212          0          1         94       59.3      29.74      12.01
4:25am            216          0          1         94       59.2      29.74      12.01
4:30am            216          0          1         94       59.2      29.74      12.01
4:35am            216          0          0         94       59.1      29.74      12.01
4:40am            216          0          0         94       58.9      29.74      12.01
4:45am            216          0          1         94       58.9      29.74      12.01
4:50am            216          0          1         94       58.9      29.74      12.01
4:55am            217          0          1         94       58.9      29.74      12.01
5:00am            217          0          1         94       58.9      29.74      12.01
5:05am            217          0          0         94       58.8      29.74      12.01
5:10am            219          0          1         94       58.8      29.74      12.01
5:15am            219          0          1         94       58.9      29.74      12.01
5:20am            219          1          1         94       58.9      29.75      12.01
5:25am            219          0          2         94       58.9      29.75      12.01
5:30am            219          0          2         94       58.8      29.75      12.01
5:35am            219          1          1         94       58.7      29.76      12.01
5:40am            219          0          1         94       58.6      29.76      12.01
5:45am            219          0          1         94       58.6      29.76      12.01
5:50am            219          0          1         94       58.8      29.76      12.01
5:55am            219          0          1         94       59.0      29.76      12.01
6:00am            219          0          1         94       59.5      29.76      12.01
6:05am            221          1          2         93       59.9      29.76      12.01
6:10am            222          0          2         92       60.2      29.77      12.01
6:15am            222          1          2         92       60.4      29.76      12.01
6:20am            223          1          2         91       60.5      29.76      12.01
6:25am            223          1          2         91       60.7      29.77      12.01
6:30am            225          2          3         91       60.9      29.77      12.01
6:35am            222          0          2         90       61.3      29.77      12.01
6:40am            223          0          2         89       61.8      29.77      12.01
6:45am            220          0          2         89       62.4      29.77      12.01
6:50am            220          0          2         88       63.2      29.77      12.01
6:55am            219          1          2         86       63.8      29.77      12.01
7:00am            222          1          2         84       64.3      29.76      12.01
7:05am            224          2          3         84       64.7      29.77      12.01
7:10am            222          2          3         83       64.9      29.77      12.01
7:15am            224          1          3         82       65.2      29.76      12.01
7:20am            224          2          3         82       65.8      29.77      12.01
7:25am            221          0          3         82       66.3      29.76      12.01
7:30am            223          1          3         80       66.8      29.76      12.01
7:35am            222          1          2         81       67.7      29.76      12.01
7:40am            222          0          2         79       68.5      29.76      12.01
7:45am            223          1          2         78       69.1      29.76      12.01
7:50am            222          0          2         77       69.6      29.76      12.01
7:55am            221          0          2         76       70.4      29.76      12.01
8:00am            224          2          2         74       71.3      29.76      12.01
8:05am            223          1          2         74       72.1      29.76      12.01
8:10am            291          1          2         71       73.1      29.76      12.01
8:15am            262          1          2         69       73.6      29.76      12.01
8:20am            290          2          2         68       74.0      29.76      12.01
8:25am            258          1          4         69       74.2      29.76      12.01
8:30am            250          0          4         69       74.4      29.76      12.01
8:35am            289          2          4         67       74.7      29.76      12.01
8:40am            284          3          4         67       74.8      29.76      12.01
8:45am            276          3          4         68       75.0      29.76      12.01
8:50am            283          4          8         67       74.8      29.76      12.01
8:55am            275          4          8         66       75.1      29.76      12.01
9:00am            269          4          8         66       75.0      29.76      12.01
9:05am            253          0          6         67       75.3      29.76      12.01
9:10am            207          2          6         65       75.8      29.76      12.01
9:15am            281          3          6         66       76.1      29.76      12.01
9:20am            259          5          6         63       76.1      29.76      12.01
9:25am            269          2          6         64       76.5      29.76      12.01
9:30am            283          2          6         63       76.8      29.76      12.01
9:35am            291          5          7         63       76.7      29.76      12.01
9:40am            288          7          7         65       77.1      29.76      12.01
9:45am            211          1          7         65       77.4      29.76      12.01
9:50am            265          2          7         61       77.6      29.76      12.01
9:55am            305          2          7         62       77.9      29.76      12.01
10:00am           269          3          7         61       78.6      29.76      12.01
10:05am           186          2          6         60       78.4      29.76      12.01
10:10am           267          3          6         61       78.4      29.76      12.01
10:15am           250          3          6         61       79.0      29.76      12.01
10:20am           246          0          6         59       79.2      29.76      12.01
10:25am           287          0          6         58       79.4      29.76      12.01
10:30am           293          0          6         57       79.3      29.76      12.01
10:35am           259          1          5         58       79.4      29.76      12.01
10:40am           276          2          5         57       79.9      29.76      12.01
10:45am           304          4          5         56       80.0      29.76      12.01
10:50am           290          3          5         56       80.3      29.77      12.01
10:55am           256          1          5         57       80.4      29.77      12.01
11:00am           280          4          5         56       81.1      29.77      12.01
11:05am           262          4          5         56       81.4      29.77      12.01
11:10am           272          2          5         54       81.6      29.77      12.01
11:15am           275          1          6         55       81.5      29.77      12.01
11:20am           240          2          6         55       81.8      29.77      12.01
11:25am           279          2          6         54       82.1      29.77      12.01
11:30am           303          4          7         52       81.7      29.77      12.01
11:35am           238          6          8         55       81.8      29.78      12.01
11:40am           281          5          8         56       82.2      29.78      12.01
11:45am           115          6          8         54       82.2      29.78      12.01
11:50am           274          4          8         54       82.4      29.78      12.01
11:55am           269          3          8         53       82.4      29.78      12.01
12:00pm           244          2          8         56       82.5      29.78      12.01
12:05pm           243          3          8         53       82.5      29.78      12.01
12:10pm           288          2          8         57       83.0      29.78      12.01
12:15pm           286          2          8         53       83.4      29.77      12.01
12:20pm           291          3          8         50       84.2      29.77      12.01
12:25pm           294          2          8         53       84.1      29.77      12.01
12:30pm           277          4          8         53       83.5      29.77      12.01
12:35pm           209          3          5         53       83.1      29.76      12.01
12:40pm           278          7          7         53       83.5      29.76      12.01
12:45pm           230          2          7         53       83.4      29.76      12.01
12:50pm           273          6         11         49       83.9      29.76      12.01
12:55pm           270          1         11         54       84.0      29.76      12.01
1:00pm            224          2         11         50       84.7      29.75      12.01
1:05pm            349          1          8         51       84.5      29.75      12.01
1:10pm            271          1          9         51       84.3      29.75      12.01
1:15pm            252          4          9         51       85.0      29.75      12.01
1:20pm            265          3          9         52       84.4      29.75      12.01
1:25pm            255          3          9         54       83.9      29.75      12.01
1:30pm            275          8         10         51       84.7      29.75      12.01
1:35pm            219          3          8         52       84.9      29.74      12.01
1:40pm            293          2          9         53       84.8      29.74      12.01
1:45pm            213          1          9         52       85.3      29.74      12.01
1:50pm            259          2          9         50       85.0      29.74      12.01
1:55pm            172          2          9         50       85.3      29.74      12.01
2:00pm            224          4          9         51       86.2      29.74      12.01
2:05pm            210          2          6         50       86.7      29.74      12.01
2:10pm            168          2          7         51       86.4      29.74      12.01
2:15pm            236          2          9         49       86.8      29.74      12.01
2:20pm            271          9         11         47       85.9      29.74      12.01
2:25pm            278          3         11         49       85.4      29.75      12.01
2:30pm            298          6         11         49       84.8      29.74      12.01
2:35pm            241          6         10         50       85.4      29.74      12.01
2:40pm            243          1         10         49       86.0      29.74      12.01
2:45pm            215          3         10         47       86.6      29.74      12.01
2:50pm            288          1         10         48       86.8      29.74      12.01
2:55pm            273          2         10         45       86.3      29.74      12.01
3:00pm            235          5         10         48       86.5      29.74      12.01
3:05pm            285          2          7         45       86.5      29.74      12.01
3:10pm            295          4          7         47       86.4      29.74      12.01
3:15pm            278          4          8         45       87.1      29.74      12.01
3:20pm            319          2          8         45       87.7      29.74      12.01
3:25pm            264          3          8         44       87.4      29.74      12.01
3:30pm            284          1          8         45       86.6      29.74      12.01
3:35pm            283          5          9         44       86.7      29.74      12.01
3:40pm            238          2          9         47       86.6      29.73      12.01
3:45pm            269          3          9         48       87.5      29.74      12.01
3:50pm            275          4          9         45       87.2      29.73      12.01
3:55pm            278          2          9         43       86.5      29.73      12.01
4:00pm            278          3          9         45       86.3      29.73      12.01
4:05pm            195          2          6         46       86.3      29.73      12.01
4:10pm            184          1          6         46       85.9      29.73      12.01
4:15pm            286          2          6         47       85.5      29.73      12.01
4:20pm            276          1          6         48       85.9      29.73      12.01
4:25pm            197          2          8         46       86.7      29.73      12.01
4:30pm            259          0          8         46       86.9      29.73      12.01
4:35pm            268          3          5         45       87.3      29.73      12.01
4:40pm            240          2          5         44       87.4      29.73      12.01
4:45pm            262          3          7         41       87.2      29.73      12.01
4:50pm            264          3          7         43       87.3      29.73      12.01
4:55pm            279          5          7         41       87.2      29.73      12.01
5:00pm            255          0          7         41       87.5      29.73      12.01
5:05pm            259          1          3         39       88.0      29.73      12.01
5:10pm            296          0          7         38       87.9      29.73      12.01
5:15pm            214          2          7         39       88.1      29.72      12.01
5:20pm             60          0          7         42       88.5      29.73      12.01
5:25pm            273          2          7         38       88.4      29.72      12.01
5:30pm            260          2          8         41       87.7      29.72      12.01
5:35pm            297          2          5         38       87.7      29.73      12.01
5:40pm            174          0          5         40       87.8      29.72      12.01
5:45pm            256          2          5         39       87.5      29.72      12.01
5:50pm            282          1          5         43       87.8      29.72      12.01
5:55pm            255          0          5         41       87.8      29.72      12.01
6:00pm            212          2          5         40       87.3      29.72      12.01
6:05pm            276          4          5         41       86.8      29.72      12.01
6:10pm            248          1          5         42       86.9      29.72      12.01
6:15pm            285          1          5         41       86.9      29.73      12.01
6:20pm            290          2          5         42       86.8      29.73      12.01
6:25pm            281          0          5         44       86.2      29.73      12.01
6:30pm            233          1          5         44       85.6      29.72      12.01
6:35pm            202          1          4         46       85.0      29.72      12.01
6:40pm            257          0          4         47       84.5      29.72      12.01
6:45pm            271          0          4         48       84.3      29.72      12.01
6:50pm            216          0          4         49       84.0      29.72      12.01
6:55pm            265          0          4         49       83.6      29.72      12.01
7:00pm            204          0          4         50       83.2      29.73      12.01
7:05pm            221          0          1         51       82.8      29.73      12.01
7:10pm            264          0          1         52       82.6      29.73      12.01
7:15pm            264          0          1         53       82.2      29.73      12.01
7:20pm            264          0          1         54       81.8      29.73      12.01
7:25pm            264          0          1         54       81.3      29.73      12.01
7:30pm            264          0          1         53       81.0      29.73      12.01
7:35pm            262          0          1         54       80.6      29.73      12.01
7:40pm            262          0          1         55       80.2      29.74      12.01
7:45pm            262          0          1         57       79.9      29.74      12.01
7:50pm            262          0          1         58       79.4      29.74      12.01
7:55pm            262          0          1         58       78.9      29.74      12.01
8:00pm            262          0          1         59       78.3      29.74      12.01
8:05pm            262          0          0         61       77.8      29.74      12.01
8:10pm            262          0          0         63       77.4      29.74      12.01
8:15pm            262          0          0         63       76.9      29.74      12.01
8:20pm            262          0          0         65       76.4      29.74      12.01
8:25pm            262          0          1         65       75.9      29.74      12.01
8:30pm            262          0          1         67       75.6      29.74      12.01
8:35pm            262          0          0         66       75.2      29.74      12.01
8:40pm            262          0          1         67       75.0      29.74      12.01
8:45pm            262          0          1         68       74.8      29.74      12.01
8:50pm            262          0          1         69       74.2      29.74      12.01
8:55pm            262          0          1         70       73.6      29.74      12.01
9:00pm            262          0          1         71       73.0      29.74      12.01
9:05pm            278          0          2         73       72.8      29.74      12.01
9:10pm            278          0          2         74       72.7      29.74      12.01
9:15pm            278          0          2         74       72.4      29.75      12.01
9:20pm            278          0          2         75       72.1      29.75      12.01
9:25pm            278          0          2         76       71.7      29.75      12.01
9:30pm            278          0          2         76       71.4      29.75      12.01
9:35pm            278          0          0         76       70.9      29.75      12.01
9:40pm            278          0          1         78       70.7      29.75      12.01
9:45pm            279          0          1         78       70.9      29.75      12.01
9:50pm            279          0          1         78       70.9      29.75      12.01
9:55pm            279          0          1         79       70.5      29.76      12.01
10:00pm           279          0          1         80       70.2      29.75      12.01
10:05pm           280          0          0         80       70.0      29.75      12.01
10:10pm           279          0          1         80       69.8      29.75      12.01
10:15pm           279          0          1         81       69.8      29.75      12.01
10:20pm           279          0          1         81       69.6      29.75      12.01
10:25pm           279          0          1         82       69.5      29.75      12.01
10:30pm           279          0          1         82       69.2      29.75      12.01
10:35pm           279          0          0         83       68.8      29.75      12.01
10:40pm           279          0          0         84       68.5      29.75      12.01
10:45pm           279          0          0         84       68.3      29.75      12.01
10:50pm           279          0          0         85       68.2      29.75      12.01
10:55pm           279          0          0         85       68.0      29.75      12.01
11:00pm           279          0          0         85       67.7      29.75      12.01
11:05pm           279          0          0         85       67.6      29.75      12.01
11:10pm           279          0          0         86       67.5      29.75      12.01
11:15pm           280          0          0         86       67.3      29.75      12.01
11:20pm           279          0          0         86       67.2      29.75      12.01
11:25pm           279          0          0         86       67.1      29.75      12.01
11:30pm           279          0          0         87       66.9      29.75      12.01
11:35pm           279          0          1         88       66.6      29.75      12.01
11:40pm           273          0          1         88       66.4      29.75      12.01
11:45pm           273          0          1         89       66.2      29.75      12.01
11:50pm           273          0          1         89       66.0      29.75      12.01
11:55pm           276          1          1         90       65.8      29.75      12.01
