7/29/16
Time         Wind Dir   Wind Spd  Wind Gust   Humidity       Temp  Raw Barom   Tot Rain
                    °        mph        mph          %         °F         in         in
12:00am           281          0          1         88       68.4      29.82      12.01
12:05am           281          0          0         88       68.4      29.82      12.01
12:10am           281          0          0         89       68.4      29.82      12.01
12:15am           281          0          1         89       68.4      29.82      12.01
12:20am           281          0          1         89       68.2      29.82      12.01
12:25am           289          0          1         89       67.9      29.82      12.01
12:30am           288          0          1         89       67.7      29.82      12.01
12:35am           288          0          0         90       67.5      29.82      12.01
12:40am           285          0          1         90       67.5      29.82      12.01
12:45am           273          0          1         90       67.6      29.82      12.01
12:50am           215          0          1         90       67.4      29.81      12.01
12:55am           215          0          1         90       67.2      29.81      12.01
1:00am            215          0          1         90       67.1      29.81      12.01
1:05am            215          0          1         90       66.9      29.81      12.01
1:10am            219          0          1         91       66.8      29.81      12.01
1:15am            264          0          1         91       66.7      29.81      12.01
1:20am            264          0          1         91       66.6      29.81      12.01
1:25am            270          0          1         91       66.5      29.81      12.01
1:30am            270          0          1         92       66.5      29.81      12.01
1:35am            270          0          0         92       66.4      29.81      12.01
1:40am            270          0          0         92       66.5      29.81      12.01
1:45am            270          0          0         92       66.6      29.81      12.01
1:50am            270          0          0         92       66.5      29.81      12.01
1:55am            270          0          0         92       66.6      29.81      12.01
2:00am            270          0          1         92       66.5      29.81      12.01
2:05am            270          0          1         92       66.5      29.80      12.01
2:10am            270          0          1         92       66.4      29.80      12.01
2:15am            277          0          1         92       66.4      29.81      12.01
2:20am            277          0          1         92       66.3      29.80      12.01
2:25am            277          0          1         92       66.2      29.80      12.01
2:30am            277          0          1         93       66.2      29.80      12.01
2:35am            277          0          1         93       66.3      29.80      12.01
2:40am            281          0          1         93       66.2      29.81      12.01
2:45am            281          0          1         93       66.1      29.81      12.01
2:50am            281          0          1         93       66.1      29.80      12.01
2:55am            282          0          1         93       66.2      29.80      12.01
3:00am            282          0          1         93       66.3      29.80      12.01
3:05am            272          0          1         93       66.4      29.80      12.01
3:10am            271          0          1         93       66.2      29.80      12.01
3:15am            272          0          1         93       66.1      29.80      12.01
3:20am            272          0          1         93       66.0      29.80      12.01
3:25am            272          0          1         93       65.8      29.80      12.01
3:30am            272          0          1         93       65.8      29.80      12.01
3:35am            272          0          1         93       65.7      29.80      12.01
3:40am            274          0          2         93       65.7      29.80      12.01
3:45am            250          0          2         94       65.6      29.81      12.01
3:50am            247          0          2         94       65.6      29.81      12.01
3:55am            247          0          2         94       65.6      29.80      12.01
4:00am            247          0          2         94       65.6      29.81      12.01
4:05am            269          0          1         94       65.7      29.81      12.01
4:10am            222          0          1         94       65.8      29.80      12.01
4:15am            222          0          1         94       65.9      29.80      12.01
4:20am            222          0          1         93       65.9      29.80      12.01
4:25am            222          0          1         93       65.8      29.80      12.01
4:30am            222          0          1         93       65.8      29.80      12.01
4:35am            222          0          0         93       65.7      29.80      12.01
4:40am            222          0          0         93       65.6      29.80      12.01
4:45am            222          0          0         94       65.6      29.79      12.01
4:50am            222          0          0         94       65.6      29.79      12.01
4:55am            236          0          1         94       65.6      29.79      12.01
5:00am            236          0          1         94       65.6      29.79      12.01
5:05am            284          0          1         94       65.6      29.79      12.01
5:10am            262          0          1         94       65.7      29.80      12.01
5:15am            264          0          1         94       65.6      29.80      12.01
5:20am            262          0          1         94       65.5      29.80      12.01
5:25am            275          0          1         94       65.4      29.80      12.01
5:30am            273          0          1         94       65.3      29.80      12.01
5:35am            288          0          1         94       65.2      29.80      12.01
5:40am            288          0          1         94       65.1      29.80      12.01
5:45am            290          0          1         95       65.2      29.80      12.01
5:50am            290          0          1         95       65.4      29.80      12.01
5:55am            288          0          1         95       65.6      29.80      12.01
6:00am            306          0          2         94       65.7      29.80      12.01
6:05am            308          0          1         94       65.8      29.80      12.01
6:10am            285          0          2         93       65.6      29.80      12.01
6:15am            263          0          2         94       65.3      29.80      12.01
6:20am            263          0          2         94       65.2      29.81      12.01
6:25am            263          0          2         94       65.2      29.81      12.01
6:30am            233          0          2         94       65.2      29.81      12.01
6:35am            233          0          1         94       65.2      29.81      12.01
6:40am            234          0          1         94       65.2      29.81      12.01
6:45am            243          0          1         94       65.3      29.81      12.01
6:50am            243          0          1         94       65.4      29.81      12.01
6:55am            243          0          1         94       65.4      29.81      12.01
7:00am            243          0          1         94       65.5      29.81      12.01
7:05am            243          0          0         94       65.6      29.82      12.01
7:10am            243          0          1         94       65.7      29.82      12.01
7:15am            243          0          1         94       65.9      29.82      12.01
7:20am            243          0          1         94       66.1      29.81      12.01
7:25am            243          0          1         94       66.3      29.82      12.01
7:30am            243          0          1         93       66.4      29.82      12.01
7:35am            243          0          1         93       66.6      29.82      12.01
7:40am            243          0          1         93       66.9      29.82      12.01
7:45am            243          0          1         93       67.2      29.82      12.01
7:50am            243          0          1         92       67.5      29.82      12.01
7:55am            243          0          1         91       67.9      29.82      12.01
8:00am            274          1          1         90       68.0      29.82      12.01
8:05am            274          0          1         91       68.1      29.82      12.01
8:10am            290          0          2         91       68.1      29.82      12.01
8:15am            273          0          2         91       68.3      29.82      12.01
8:20am            308          2          2         90       68.5      29.82      12.01
8:25am            281          2          2         90       68.7      29.82      12.01
8:30am            250          0          2         90       68.9      29.82      12.01
8:35am            261          0          1         89       69.5      29.82      12.01
8:40am            208          0          1         87       70.4      29.82      12.01
8:45am            214          0          2         85       71.8      29.82      12.01
8:50am            278          1          2         81       72.9      29.82      12.01
8:55am            311          0          2         80       73.2      29.82      12.01
9:00am            274          0          2         79       73.2      29.82      12.01
9:05am            293          0          2         81       73.2      29.81      12.01
9:10am             68          2          4         80       73.4      29.82      12.01
9:15am             72          1          4         79       73.5      29.81      12.01
9:20am             79          1          4         80       73.5      29.81      12.01
9:25am             93          0          4         80       73.6      29.81      12.01
9:30am             65          1          4         79       73.6      29.81      12.01
9:35am             58          0          4         80       73.3      29.81      12.01
9:40am             58          1          4         79       73.5      29.81      12.01
9:45am            100          0          4         79       73.9      29.82      12.01
9:50am             95          0          4         78       74.1      29.81      12.01
9:55am             75          0          4         77       74.1      29.82      12.01
10:00am            84          2          4         79       73.8      29.82      12.01
10:05am            65          2          2         78       73.7      29.82      12.01
10:10am            72          1          2         78       73.7      29.82      12.01
10:15am           102          0          2         79       73.8      29.82      12.01
10:20am            68          0          3         78       73.9      29.82      12.01
10:25am            72          0          3         77       74.1      29.82      12.01
10:30am            71          0          3         78       74.4      29.82      12.01
10:35am            91          0          2         77       74.4      29.82      12.01
10:40am            76          0          3         78       74.1      29.82      12.01
10:45am            72          1          3         80       74.1      29.82      12.01
10:50am           110          1          3         80       74.1      29.82      12.01
10:55am            88          2          3         79       74.1      29.82      12.01
11:00am           101          1          3         79       74.0      29.82      12.01
11:05am           257          1          3         80       73.8      29.82      12.01
11:10am            91          1          3         79       73.9      29.82      12.01
11:15am           113          1          3         80       73.8      29.82      12.01
11:20am           104          0          3         79       73.9      29.83      12.01
11:25am            99          0          3         80       74.0      29.82      12.01
11:30am            84          2          4         79       74.8      29.82      12.01
11:35am            86          1          5         78       74.9      29.82      12.01
11:40am           108          1          5         77       75.0      29.82      12.01
11:45am            94          3          5         77       75.6      29.82      12.01
11:50am           115          5          5         76       76.5      29.82      12.01
11:55am           127          2          7         74       76.6      29.82      12.01
12:00pm           115          1          7         70       77.8      29.82      12.01
12:05pm            98          3          7         68       77.9      29.81      12.01
12:10pm            68          4          7         69       77.1      29.81      12.01
12:15pm           133          2          7         70       77.5      29.81      12.01
12:20pm            97          1          7         69       78.0      29.82      12.01
12:25pm            95          2          7         67       78.1      29.82      12.01
12:30pm            72          4          7         65       78.4      29.82      12.01
12:35pm           146          1          5         67       77.9      29.81      12.01
12:40pm            88          3          9         65       78.1      29.81      12.01
12:45pm           108          2          9         66       78.5      29.81      12.01
12:50pm            72          4          9         66       79.2      29.81      12.01
12:55pm           119          2          9         66       79.0      29.81      12.01
1:00pm             72          4          9         63       79.4      29.81      12.01
1:05pm             93          3          6         62       79.6      29.80      12.01
1:10pm            136          1          7         63       79.4      29.80      12.01
1:15pm             84          4          7         64       78.9      29.80      12.01
1:20pm            101          1          7         65       78.5      29.80      12.01
1:25pm             80          1          7         65       77.9      29.80      12.01
1:30pm             72          0          7         67       77.6      29.80      12.01
1:35pm            106          0          4         69       77.6      29.80      12.01
1:40pm             12          0          4         73       77.3      29.80      12.01
1:45pm            251          0          4         79       76.0      29.80      12.01
1:50pm            285          0          4         82       74.6      29.80      12.01
1:55pm            256          0          4         85       74.0      29.80      12.01
2:00pm            276          1          4         87       73.5      29.80      12.01
2:05pm            276          0          1         90       73.3      29.79      12.01
2:10pm            283          1          2         90       73.7      29.79      12.01
2:15pm            271          0          2         85       74.8      29.79      12.01
2:20pm            274          2          2         82       76.1      29.79      12.01
2:25pm            284          0          2         83       76.8      29.79      12.01
2:30pm            215          1          3         78       78.0      29.79      12.01
2:35pm             70          1          2         77       78.8      29.78      12.01
2:40pm            273          1          2         75       79.2      29.79      12.01
2:45pm             54          1          3         72       79.0      29.78      12.01
2:50pm             56          0          3         75       78.4      29.78      12.01
2:55pm             98          0          3         74       78.5      29.79      12.01
3:00pm             93          1          3         75       78.2      29.79      12.01
3:05pm            127          2          4         73       77.4      29.79      12.01
3:10pm             37          2          4         72       76.6      29.79      12.01
3:15pm             97          2          5         75       76.3      29.79      12.01
3:20pm             66          2          7         73       76.4      29.79      12.01
3:25pm            112          2          7         71       76.4      29.78      12.01
3:30pm            148          2          7         73       76.5      29.79      12.01
3:35pm            104          5          6         70       76.7      29.78      12.01
3:40pm            117          2         10         70       76.7      29.79      12.01
3:45pm             95          3         10         71       76.7      29.79      12.01
3:50pm             92          3         10         71       77.1      29.78      12.01
3:55pm             89          2         10         70       77.4      29.79      12.01
4:00pm            112          1         10         69       77.7      29.78      12.01
4:05pm             68          4          8         70       77.9      29.78      12.01
4:10pm             75          4          8         70       78.0      29.78      12.01
4:15pm             75          7          8         68       78.3      29.78      12.01
4:20pm            124          2         10         71       77.5      29.78      12.01
4:25pm             92          2         10         71       77.2      29.79      12.01
4:30pm            162          2         10         70       77.5      29.78      12.01
4:35pm             72         11         12         69       78.1      29.78      12.01
4:40pm             44          4         12         71       77.5      29.78      12.01
4:45pm             98          2         12         70       77.3      29.78      12.01
4:50pm             97          4         12         72       77.3      29.78      12.01
4:55pm            136          1         12         72       77.3      29.79      12.01
5:00pm             70          5         12         71       77.2      29.79      12.01
5:05pm             78          3          7         72       77.2      29.79      12.01
5:10pm             63          2          7         72       77.1      29.79      12.01
5:15pm            146          3          7         73       77.1      29.79      12.01
5:20pm             99          2          7         73       77.2      29.79      12.01
5:25pm            143          1          7         72       77.4      29.80      12.01
5:30pm            130          4          7         72       77.5      29.79      12.01
5:35pm             80          2          5         72       77.4      29.80      12.01
5:40pm             79          1          6         73       77.4      29.79      12.01
5:45pm             96          2          6         73       77.0      29.79      12.01
5:50pm             48          0          6         75       76.8      29.79      12.01
5:55pm             59          0          6         75       76.6      29.79      12.01
6:00pm             59          0          6         75       76.7      29.79      12.01
6:05pm             59          0          0         74       77.4      29.79      12.01
6:10pm            143          0          1         72       77.7      29.79      12.01
6:15pm            143          0          1         73       77.9      29.80      12.01
6:20pm             46          0          2         66       77.6      29.80      12.01
6:25pm            349          0          2         65       77.6      29.80      12.01
6:30pm            283          0          2         63       77.5      29.80      12.01
6:35pm             45          3          4         60       77.4      29.81      12.01
6:40pm            335          1          4         61       77.3      29.81      12.01
6:45pm              2          0          4         60       77.3      29.81      12.01
6:50pm            352          0          4         59       77.2      29.81      12.01
6:55pm            352          0          4         59       77.1      29.81      12.01
7:00pm            352          0          4         63       77.1      29.81      12.01
7:05pm            352          0          1         64       76.9      29.81      12.01
7:10pm            352          0          1         65       76.7      29.82      12.01
7:15pm            349          0          1         68       76.3      29.82      12.01
7:20pm              4          0          1         62       76.0      29.82      12.01
7:25pm            323          0          1         62       76.1      29.82      12.01
7:30pm            352          0          1         61       76.2      29.82      12.01
7:35pm            319          0          1         63       76.2      29.83      12.01
7:40pm             71          0          1         62       76.1      29.83      12.01
7:45pm             65          0          2         61       76.0      29.82      12.01
7:50pm             69          2          2         61       75.9      29.83      12.01
7:55pm             50          0          2         62       75.6      29.83      12.01
8:00pm             51          0          2         63       75.3      29.83      12.01
8:05pm             49          0          0         67       74.8      29.83      12.01
8:10pm             49          0          0         70       74.2      29.83      12.01
8:15pm             49          0          0         71       73.5      29.83      12.01
8:20pm             49          0          0         73       72.8      29.83      12.01
8:25pm             49          0          0         75       72.2      29.83      12.01
8:30pm             49          0          1         77       71.5      29.83      12.01
8:35pm             49          0          1         79       70.6      29.84      12.01
8:40pm             49          0          1         80       70.0      29.84      12.01
8:45pm             49          0          1         82       69.5      29.84      12.01
8:50pm            309          0          1         84       69.1      29.84      12.01
8:55pm            275          2          2         85       68.8      29.84      12.01
9:00pm            274          0          2         86       68.5      29.85      12.01
9:05pm            281          0          2         87       68.2      29.85      12.01
9:10pm            272          1          2         87       67.9      29.85      12.01
9:15pm            283          1          2         88       67.7      29.85      12.01
9:20pm            281          2          2         88       67.4      29.85      12.01
9:25pm            276          0          2         88       67.4      29.85      12.01
9:30pm            281          1          2         88       67.4      29.85      12.01
9:35pm            286          0          2         87       67.3      29.85      12.01
9:40pm            290          1          3         81       67.5      29.86      12.01
9:45pm            270          0          5         78       68.4      29.86      12.01
9:50pm            267          0          5         77       68.6      29.86      12.01
9:55pm            128          1          7         77       68.8      29.86      12.01
10:00pm           264          0          7         74       69.2      29.86      12.01
10:05pm           274          2          3         73       69.4      29.86      12.01
10:10pm           264          2          3         74       69.4      29.86      12.01
10:15pm           136          0          3         72       69.4      29.86      12.01
10:20pm           260          0          4         73       69.3      29.86      12.01
10:25pm           280          2          4         74       69.1      29.86      12.01
10:30pm           302          0          4         74       68.8      29.87      12.01
10:35pm           274          0          4         74       68.9      29.87      12.01
10:40pm           274          0          4         74       68.7      29.87      12.01
10:45pm           243          0          4         74       68.5      29.87      12.01
10:50pm           211          0          4         75       68.2      29.87      12.01
10:55pm           214          0          4         76       67.9      29.87      12.01
11:00pm           276          1          4         77       67.6      29.88      12.01
11:05pm           259          0          2         78       67.3      29.88      12.01
11:10pm           248          0          2         78       67.0      29.88      12.01
11:15pm           195          0          2         78       66.8      29.88      12.01
11:20pm           223          0          2         79       66.7      29.88      12.01
11:25pm           238          0          4         78       66.7      29.88      12.01
11:30pm           268          0          4         79       66.5      29.89      12.01
11:35pm           191          0          2         80       66.1      29.88      12.01
11:40pm           191          0          2         81       65.7      29.89      12.01
11:45pm           191          0          2         82       65.3      29.89      12.01
11:50pm           229          0          2         83       64.9      29.88      12.01
11:55pm           229          0          2         84       64.6      29.88      12.01
