8/25/16
Time         Wind Dir   Wind Spd  Wind Gust   Humidity       Temp  Raw Barom   Tot Rain
                    °        mph        mph          %         °F         in         in
12:00am           238          0          4         85       65.8      30.05      12.01
12:05am           238          0          0         86       65.4      30.05      12.01
12:10am           238          0          0         86       65.1      30.05      12.01
12:15am           272          1          1         87       65.0      30.05      12.01
12:20am           257          1          2         87       65.1      30.05      12.01
12:25am           266          1          2         87       65.0      30.05      12.01
12:30am           266          0          2         87       65.0      30.04      12.01
12:35am            67          0          1         87       65.0      30.04      12.01
12:40am            67          0          1         87       65.1      30.04      12.01
12:45am            67          0          1         87       65.0      30.03      12.01
12:50am           261          2          2         87       65.0      30.03      12.01
12:55am           242          2          4         86       65.1      30.03      12.01
1:00am            266          2          5         85       65.4      30.03      12.01
1:05am            277          5          6         84       65.8      30.02      12.01
1:10am            279          5          8         81       66.9      30.02      12.01
1:15am            274          0          8         80       67.4      30.01      12.01
1:20am            283          2          8         80       67.4      30.01      12.01
1:25am             32          1          8         81       67.3      30.01      12.01
1:30am            245          5          8         81       67.0      30.01      12.01
1:35am            281          0          5         82       66.7      30.01      12.01
1:40am            274          0          6         82       66.6      30.01      12.01
1:45am            225          0          6         82       66.3      30.02      12.01
1:50am            218          0          6         83       65.9      30.01      12.01
1:55am            238          4          7         84       65.6      30.01      12.01
2:00am            276          6          7         84       65.5      30.01      12.01
2:05am            259          5          6         84       65.6      30.01      12.01
2:10am            265          5          7         84       65.8      30.01      12.01
2:15am            295          5          7         84       65.4      30.01      12.01
2:20am            208          2          7         84       65.6      30.01      12.01
2:25am            262          3          7         84       65.7      30.01      12.01
2:30am            290          3          7         84       65.7      30.01      12.01
2:35am            276          4          5         85       65.3      30.01      12.01
2:40am            279          3          6         85       65.0      30.00      12.01
2:45am            278          0          6         86       64.9      30.00      12.01
2:50am            260          0          6         86       64.5      30.00      12.01
2:55am            236          0          6         87       64.4      30.00      12.01
3:00am            273          1          6         87       64.3      30.00      12.01
3:05am            281          0          3         87       64.1      29.99      12.01
3:10am            273          0          3         87       64.0      29.99      12.01
3:15am            285          0          3         88       63.9      30.00      12.01
3:20am            270          2          4         88       63.7      30.00      12.01
3:25am            243          4          6         88       63.6      29.99      12.01
3:30am            276          3          6         88       63.7      30.00      12.01
3:35am            277          2          4         88       63.7      30.00      12.01
3:40am            273          2          4         88       63.5      29.99      12.01
3:45am            284          3          4         89       63.3      29.99      12.01
3:50am            278          1          4         89       62.9      30.00      12.01
3:55am            285          2          4         90       62.5      30.00      12.01
4:00am            273          0          4         91       62.2      30.00      12.01
4:05am            240          0          1         91       62.1      30.00      12.01
4:10am            240          0          1         91       61.9      30.00      12.01
4:15am            240          0          1         91       61.8      30.00      12.01
4:20am            240          0          1         91       61.4      30.00      12.01
4:25am            240          0          1         91       61.0      30.00      12.01
4:30am            240          1          1         92       61.0      30.00      12.01
4:35am            341          0          1         92       61.1      30.00      12.01
4:40am            340          0          1         93       61.0      30.00      12.01
4:45am            215          3          3         94       61.3      29.99      12.01
4:50am            263          4          5         92       62.2      30.00      12.01
4:55am            264          1          6         90       63.0      29.99      12.01
5:00am            189          3          9         89       63.3      29.99      12.01
5:05am            249          2          5         89       63.4      29.99      12.01
5:10am            219          0          5         89       63.3      29.99      12.01
5:15am            279          2          5         89       63.4      29.99      12.01
5:20am            271          1          5         89       63.4      29.99      12.01
5:25am            293          0          5         89       63.4      30.00      12.01
5:30am            278          6          6         89       63.1      30.00      12.01
5:35am            251          1          6         90       62.9      30.00      12.01
5:40am            241          2          6         90       63.2      30.00      12.01
5:45am            279          2          6         89       63.2      30.00      12.01
5:50am            274          0          6         89       62.9      30.00      12.01
5:55am            265          1          6         90       62.6      30.00      12.01
6:00am            281          5          6         91       62.6      29.99      12.01
6:05am            291          1          7         91       62.8      29.98      12.01
6:10am            285          0          7         90       63.1      29.98      12.01
6:15am            269          1          7         90       62.9      29.98      12.01
6:20am            289          1          7         90       62.4      29.99      12.01
6:25am            260          1          7         91       61.9      29.99      12.01
6:30am            265          0          7         92       61.7      29.99      12.01
6:35am            257          2          3         92       61.6      29.99      12.01
6:40am            271          4          6         93       61.5      29.99      12.01
6:45am            275          3          6         93       61.7      29.99      12.01
6:50am            280          4          6         93       62.0      29.99      12.01
6:55am            251          2          6         92       62.2      29.99      12.01
7:00am            285          3          6         92       62.4      29.99      12.01
7:05am            259          2          4         92       62.8      29.99      12.01
7:10am            281          2          4         90       63.4      29.99      12.01
7:15am            230          0          4         89       63.9      29.99      12.01
7:20am            297          3          5         88       64.5      29.98      12.01
7:25am            278          2          6         87       65.4      29.98      12.01
7:30am            279          2          9         86       65.6      29.98      12.01
7:35am            296          1          5         86       65.6      29.98      12.01
7:40am            304          4          9         86       65.8      29.98      12.01
7:45am            273          4          9         85       65.9      29.98      12.01
7:50am            284          3          9         85       66.1      29.98      12.01
7:55am            273          3          9         85       66.4      29.98      12.01
8:00am            257          2          9         85       66.9      29.98      12.01
8:05am            283          4         12         83       67.0      29.98      12.01
8:10am            290          1         12         84       67.0      29.97      12.01
8:15am            283          2         12         83       67.4      29.97      12.01
8:20am            195          0         12         84       67.9      29.97      12.01
8:25am            264          2         12         83       68.5      29.98      12.01
8:30am            211          0         12         82       68.9      29.97      12.01
8:35am            258          1          4         80       69.4      29.97      12.01
8:40am            193          0          7         80       69.9      29.97      12.01
8:45am            288          5          7         80       70.1      29.97      12.01
8:50am            153          1          8         79       70.1      29.96      12.01
8:55am            183          3          8         79       70.8      29.97      12.01
9:00am            243          2          8         78       71.4      29.97      12.01
9:05am            288          3          5         77       71.7      29.97      12.01
9:10am            278          2          6         77       71.8      29.97      12.01
9:15am            259          4          7         77       71.6      29.97      12.01
9:20am            281          0          7         78       71.6      29.96      12.01
9:25am            270          2          7         78       71.7      29.96      12.01
9:30am            288          3          7         78       72.3      29.96      12.01
9:35am            139          3          4         76       73.1      29.96      12.01
9:40am            212          2          5         74       73.7      29.96      12.01
9:45am            205          1          7         74       74.0      29.95      12.01
9:50am            284          2          7         72       74.2      29.95      12.01
9:55am            293          3          7         73       74.5      29.95      12.01
10:00am           226          2          7         72       75.1      29.95      12.01
10:05am           164          2          6         71       75.7      29.95      12.01
10:10am           254          2          7         70       75.6      29.95      12.01
10:15am           235          3          8         71       75.7      29.95      12.01
10:20am           266          3          8         71       76.2      29.95      12.01
10:25am           304          3          8         70       76.5      29.94      12.01
10:30am           224          3          8         69       77.3      29.94      12.01
10:35am           241          7          8         67       77.9      29.94      12.01
10:40am           210          0          8         66       77.8      29.94      12.01
10:45am           177          1         10         68       78.1      29.94      12.01
10:50am           255          0         10         65       78.5      29.94      12.01
10:55am           303          6         10         65       79.4      29.94      12.01
11:00am           215          2         10         65       79.8      29.94      12.01
11:05am           215          2         10         63       80.1      29.94      12.01
11:10am           256          4         10         63       79.7      29.94      12.01
11:15am           297          2         10         66       79.2      29.94      12.01
11:20am           285          4         10         66       78.7      29.94      12.01
11:25am           279          3         10         67       77.9      29.94      12.01
11:30am           231          4         10         68       77.5      29.94      12.01
11:35am           271          5          8         68       77.2      29.94      12.01
11:40am           238          2          8         70       77.0      29.94      12.01
11:45am           215          1          8         69       77.1      29.93      12.01
11:50am           264          2          8         69       77.4      29.93      12.01
11:55am           264          1          9         70       77.4      29.94      12.01
12:00pm           128          2          9         68       78.2      29.93      12.01
12:05pm           290          6          8         65       79.1      29.93      12.01
12:10pm           243          3         10         67       79.5      29.93      12.01
12:15pm           238          3         10         65       79.9      29.93      12.01
12:20pm           293          0         10         65       79.4      29.93      12.01
12:25pm           280          2         10         66       78.9      29.92      12.01
12:30pm           281          7         10         66       78.8      29.92      12.01
12:35pm           290          2          9         68       78.7      29.92      12.01
12:40pm           266          1          9         68       78.9      29.92      12.01
12:45pm           283          1          9         68       79.1      29.92      12.01
12:50pm           257          0          9         67       79.2      29.92      12.01
12:55pm           289          2          9         69       78.8      29.92      12.01
1:00pm            218          5         10         67       78.5      29.92      12.01
1:05pm            284          3          8         68       78.2      29.92      12.01
1:10pm            281          5          8         68       78.0      29.92      12.01
1:15pm            276          3          8         68       77.8      29.92      12.01
1:20pm            271          7          8         69       77.9      29.92      12.01
1:25pm            285          6          8         69       77.8      29.92      12.01
1:30pm            293          5         13         69       77.5      29.91      12.01
1:35pm            153          2          5         71       77.4      29.91      12.01
1:40pm            278          3          8         71       77.2      29.91      12.01
1:45pm            245          2          9         71       77.0      29.91      12.01
1:50pm            262          2          9         73       76.5      29.91      12.01
1:55pm            265          1          9         75       76.3      29.91      12.01
2:00pm            277          2          9         75       76.1      29.91      12.01
2:05pm            270          1          9         74       76.0      29.91      12.01
2:10pm            286          3          9         75       76.2      29.91      12.01
2:15pm            287          2          9         73       76.3      29.91      12.01
2:20pm            290          5          9         74       76.4      29.91      12.01
2:25pm            338          2          9         73       76.4      29.90      12.01
2:30pm            226          1          9         74       76.5      29.90      12.01
2:35pm              4          3          4         74       76.6      29.90      12.01
2:40pm            283          4          8         73       76.6      29.90      12.01
2:45pm            217          0          9         74       76.4      29.90      12.01
2:50pm            272          1          9         75       76.3      29.90      12.01
2:55pm            300          4          9         75       76.3      29.90      12.01
3:00pm            221          0          9         75       76.3      29.89      12.01
3:05pm            264          1          1         75       76.4      29.89      12.01
3:10pm            298          0          3         76       76.5      29.89      12.01
3:15pm            282          0          3         76       76.6      29.89      12.01
3:20pm            229          0          3         76       76.7      29.89      12.01
3:25pm            264          1          4         75       77.0      29.89      12.01
3:30pm            214          4          7         74       77.1      29.89      12.01
3:35pm            195          0          8         73       77.2      29.89      12.01
3:40pm            263          4          8         73       77.1      29.89      12.01
3:45pm            274          3          8         74       77.0      29.89      12.01
3:50pm            274          4          8         74       76.9      29.89      12.01
3:55pm            296          5          8         73       77.0      29.89      12.01
4:00pm            306          3          8         74       76.9      29.89      12.01
4:05pm            274          3          6         74       77.0      29.89      12.01
4:10pm            240          1          9         74       76.9      29.89      12.01
4:15pm            249          2          9         75       76.8      29.89      12.01
4:20pm            285          1          9         79       76.3      29.89      12.01
4:25pm            274          5          9         79       75.5      29.88      12.01
4:30pm            265          1          9         81       75.2      29.89      12.01
4:35pm            283          0          3         84       75.1      29.89      12.01
4:40pm            269          2          3         83       75.0      29.88      12.01
4:45pm            293          4          5         82       75.1      29.88      12.01
4:50pm            264          3          5         82       75.2      29.88      12.01
4:55pm            290          2          6         82       75.2      29.89      12.01
5:00pm            281          3          6         83       75.2      29.89      12.01
5:05pm            282          4          7         83       74.9      29.89      12.01
5:10pm            278          3         11         85       74.2      29.90      12.01
5:15pm            268          2         11         86       73.6      29.89      12.01
5:20pm            256          4         11         87       73.0      29.89      12.01
5:25pm            280          3         11         88       72.8      29.89      12.01
5:30pm            214          1         11         88       72.7      29.89      12.01
5:35pm            277          0          5         89       72.7      29.89      12.01
5:40pm            276          1          5         88       72.6      29.89      12.01
5:45pm            251          1          5         89       72.7      29.89      12.01
5:50pm            278          2          5         89       72.7      29.89      12.01
5:55pm            274          2          5         88       72.7      29.89      12.01
6:00pm            270          2          5         88       72.6      29.89      12.01
6:05pm            184          1          4         89       72.5      29.89      12.01
6:10pm            283          2          5         88       72.5      29.89      12.01
6:15pm            279          0          5         89       72.4      29.89      12.01
6:20pm            259          0          5         89       72.4      29.89      12.01
6:25pm            259          0          5         89       72.4      29.89      12.01
6:30pm            277          0          5         89       72.4      29.89      12.01
6:35pm            283          0          1         90       72.3      29.89      12.01
6:40pm            283          0          1         90       72.2      29.89      12.01
6:45pm            256          0          2         91       72.2      29.89      12.01
6:50pm            257          1          2         91       72.1      29.90      12.01
6:55pm            273          1          3         90       72.0      29.90      12.01
7:00pm            281          0          3         91       71.9      29.90      12.01
7:05pm            286          1          2         91       71.8      29.90      12.01
7:10pm            273          1          3         91       71.7      29.90      12.01
7:15pm            263          0          3         92       71.6      29.90      12.01
7:20pm            277          0          3         92       71.5      29.90      12.01
7:25pm            257          1          4         92       71.4      29.89      12.01
7:30pm            268          3          4         92       71.4      29.89      12.01
7:35pm            213          0          4         92       71.3      29.89      12.01
7:40pm            275          0          4         93       71.3      29.89      12.01
7:45pm            274          0          4         93       71.3      29.89      12.01
7:50pm            285          1          4         93       71.2      29.89      12.01
7:55pm            282          0          4         93       71.3      29.90      12.01
8:00pm            288          0          4         93       71.2      29.90      12.01
8:05pm            267          0          1         93       71.1      29.90      12.01
8:10pm            267          0          1         93       71.1      29.90      12.01
8:15pm            266          0          1         94       71.1      29.90      12.01
8:20pm            266          0          1         94       71.1      29.90      12.01
8:25pm            280          0          2         94       71.0      29.90      12.01
8:30pm            269          0          2         94       71.0      29.90      12.01
8:35pm            269          0          2         94       70.9      29.90      12.01
8:40pm            278          1          2         94       70.9      29.90      12.01
8:45pm            265          1          3         94       70.9      29.90      12.01
8:50pm            287          0          3         94       70.9      29.90      12.01
8:55pm            252          0          5         94       70.8      29.90      12.01
9:00pm            273          1          5         94       70.8      29.91      12.01
9:05pm            278          0          4         94       70.8      29.91      12.01
9:10pm            271          1          4         94       70.8      29.91      12.01
9:15pm            242          1          4         94       70.8      29.91      12.01
9:20pm            274          0          4         94       70.8      29.90      12.01
9:24pm            237          0          4         94       70.9      29.90      12.01
9:30pm            273          2          4         95       70.8      29.90      12.01
9:35pm            281          0          3         95       70.8      29.90      12.01
9:40pm            262          0          3         95       70.7      29.90      12.01
9:45pm            272          1          3         95       70.7      29.90      12.01
9:50pm            273          0          3         95       70.6      29.90      12.01
9:55pm            252          0          3         95       70.6      29.90      12.01
10:00pm           252          0          3         95       70.6      29.90      12.01
10:05pm           272          0          1         95       70.6      29.89      12.01
10:10pm           285          0          3         95       70.5      29.89      12.01
10:15pm           266          0          3         95       70.4      29.89      12.01
10:19pm           275          0          4         95       70.4      29.89      12.01
10:24pm           283          3          6         95       70.3      29.89      12.01
10:30pm           285          1          6         95       70.2      29.89      12.01
10:35pm           269          2          3         95       70.1      29.89      12.01
10:40pm           268          0          7         95       70.1      29.89      12.01
10:45pm           304          2          7         95       70.0      29.89      12.01
10:50pm           271          1          7         95       69.9      29.89      12.01
10:55pm           268          0          7         95       69.8      29.88      12.01
11:00pm           271          2          7         95       69.8      29.89      12.01
11:05pm           238          0          2         95       69.7      29.89      12.01
11:10pm           239          1          3         96       69.6      29.89      12.01
11:15pm           284          0          4         96       69.6      29.89      12.01
11:20pm           265          4          4         96       69.6      29.89      12.01
11:25pm           283          2          4         96       69.6      29.89      12.01
11:30pm           298          1          6         96       69.6      29.89      12.01
11:35pm           281          3          4         96       69.7      29.88      12.01
11:40pm           288          4          6         96       69.7      29.88      12.01
11:45pm           272          2          6         95       69.7      29.88      12.01
11:50pm           210          1          6         95       69.6      29.88      12.01
11:55pm           281          5          6         95       69.6      29.88      12.01
