8/24/16
Time         Wind Dir   Wind Spd  Wind Gust   Humidity       Temp  Raw Barom   Tot Rain
                    °        mph        mph          %         °F         in         in
12:00am           269          0          5         88       58.8      30.18      12.01
12:05am           287          0          1         88       58.7      30.19      12.01
12:10am           273          0          1         88       58.5      30.19      12.01
12:15am           268          1          3         88       58.4      30.19      12.01
12:20am           262          0          3         89       58.1      30.20      12.01
12:25am           262          0          3         90       57.8      30.19      12.01
12:30am           266          0          3         90       57.6      30.19      12.01
12:35am           272          1          2         91       57.5      30.19      12.01
12:40am           280          2          3         91       57.4      30.19      12.01
12:45am           266          1          3         91       57.2      30.19      12.01
12:50am           248          0          3         91       57.1      30.18      12.01
12:55am           265          0          3         92       57.0      30.18      12.01
1:00am            231          0          3         92       57.0      30.18      12.01
1:05am            266          3          3         91       57.2      30.19      12.01
1:10am            277          0          3         91       57.4      30.18      12.01
1:15am            287          3          4         90       57.3      30.18      12.01
1:20am            281          1          4         90       57.2      30.18      12.01
1:25am            280          0          4         91       57.1      30.18      12.01
1:30am            266          0          4         91       57.0      30.18      12.01
1:35am            266          0          1         91       57.1      30.18      12.01
1:40am            265          0          1         92       57.1      30.18      12.01
1:45am            260          0          1         92       56.9      30.18      12.01
1:50am            248          0          1         92       56.7      30.19      12.01
1:55am            240          0          1         92       56.5      30.18      12.01
1:59am            240          0          1         92       56.4      30.18      12.01
2:05am            240          0          0         92       56.3      30.18      12.01
2:10am            240          0          1         93       56.2      30.18      12.01
2:15am            240          0          1         93       56.1      30.18      12.01
2:20am            240          0          1         93       56.0      30.18      12.01
2:25am            240          0          1         93       55.9      30.18      12.01
2:30am            236          0          1         93       55.7      30.18      12.01
2:35am            231          0          2         94       55.6      30.18      12.01
2:40am            211          0          2         94       55.5      30.18      12.01
2:45am            212          0          2         94       55.4      30.18      12.01
2:50am            220          0          2         94       55.3      30.18      12.01
2:55am            220          0          2         94       55.2      30.18      12.01
3:00am            220          0          2         94       55.1      30.17      12.01
3:05am            285          1          2         94       55.0      30.17      12.01
3:10am            255          0          2         94       54.9      30.17      12.01
3:15am            262          0          2         95       54.8      30.17      12.01
3:20am            283          1          2         95       54.8      30.17      12.01
3:25am            283          0          2         95       54.7      30.18      12.01
3:30am            270          0          2         95       54.7      30.18      12.01
3:35am            270          0          1         95       54.8      30.17      12.01
3:40am            270          0          1         95       54.8      30.17      12.01
3:45am            270          0          1         95       54.7      30.17      12.01
3:50am            270          0          1         95       54.5      30.17      12.01
3:55am            270          0          1         95       54.4      30.17      12.01
4:00am            270          0          1         95       54.2      30.17      12.01
4:05am            229          0          1         95       54.1      30.17      12.01
4:10am            262          0          1         95       54.0      30.17      12.01
4:15am            250          0          1         95       54.0      30.17      12.01
4:20am            250          0          1         95       53.9      30.17      12.01
4:25am            250          0          1         95       53.8      30.17      12.01
4:30am            250          0          1         96       53.8      30.17      12.01
4:35am            250          0          0         96       53.7      30.17      12.01
4:40am            250          0          0         96       53.7      30.17      12.01
4:45am            250          0          0         96       53.7      30.17      12.01
4:50am            250          0          0         96       53.8      30.17      12.01
4:55am            250          0          1         96       53.8      30.17      12.01
5:00am            257          0          1         96       53.9      30.16      12.01
5:05am            257          0          0         96       53.9      30.17      12.01
5:10am            257          0          0         96       53.8      30.16      12.01
5:15am            257          0          1         96       53.8      30.16      12.01
5:20am            257          1          1         96       53.6      30.16      12.01
5:25am            257          0          1         96       53.4      30.17      12.01
5:29am            257          0          1         96       53.3      30.17      12.01
5:35am            257          0          1         96       53.2      30.17      12.01
5:40am            257          0          1         96       53.1      30.17      12.01
5:45am            257          0          1         96       53.1      30.18      12.01
5:50am            221          0          1         96       53.1      30.17      12.01
5:55am            262          0          1         96       53.1      30.18      12.01
6:00am            266          0          1         96       53.0      30.18      12.01
6:05am            266          0          1         96       53.0      30.18      12.01
6:10am            232          0          1         96       53.0      30.18      12.01
6:15am            232          0          1         96       52.9      30.19      12.01
6:20am            232          0          1         96       52.8      30.19      12.01
6:25am            232          0          1         96       52.9      30.19      12.01
6:30am            266          0          1         97       53.1      30.19      12.01
6:35am            266          0          1         97       53.3      30.19      12.01
6:40am            266          0          1         97       53.4      30.19      12.01
6:45am            220          0          1         97       53.5      30.19      12.01
6:50am            218          0          1         97       53.8      30.20      12.01
6:55am            216          0          1         97       54.2      30.20      12.01
7:00am            216          0          1         96       54.7      30.20      12.01
7:05am            219          1          1         96       55.2      30.20      12.01
7:09am            220          0          1         96       55.6      30.20      12.01
7:15am            191          0          1         96       56.1      30.19      12.01
7:20am            274          1          2         95       56.5      30.20      12.01
7:24am            242          0          2         94       57.1      30.20      12.01
7:30am            257          0          2         92       57.6      30.20      12.01
7:35am            252          0          2         92       58.3      30.20      12.01
7:40am            283          1          3         90       58.6      30.20      12.01
7:45am            268          0          3         91       59.1      30.20      12.01
7:50am            274          0          3         88       59.5      30.21      12.01
7:54am            276          0          3         88       60.0      30.21      12.01
8:00am            276          0          3         86       60.6      30.21      12.01
8:04am            264          1          1         86       61.3      30.21      12.01
8:09am            277          2          2         86       62.4      30.21      12.01
8:15am            286          0          2         83       62.8      30.20      12.01
8:20am            259          0          3         83       63.2      30.20      12.01
8:25am            254          2          3         82       63.7      30.20      12.01
8:30am            267          1          3         81       63.9      30.19      12.01
8:35am            276          2          3         82       64.3      30.19      12.01
8:40am            253          0          3         81       64.8      30.19      12.01
8:45am            276          2          3         79       65.4      30.18      12.01
8:50am            293          2          3         78       65.7      30.19      12.01
8:54am            278          2          3         78       66.1      30.19      12.01
9:00am            266          1          3         79       66.6      30.19      12.01
9:05am            267          3          3         77       67.1      30.18      12.01
9:10am            276          3          4         76       67.5      30.19      12.01
9:15am            274          2          4         77       68.1      30.19      12.01
9:20am            284          3          4         75       68.5      30.19      12.01
9:25am            197          2          4         74       68.8      30.19      12.01
9:30am            248          1          4         74       69.1      30.18      12.01
9:35am            280          3          4         71       69.8      30.18      12.01
9:40am            262          2          4         71       70.3      30.18      12.01
9:45am            257          0          4         71       70.7      30.18      12.01
9:50am            291          3          5         68       71.2      30.18      12.01
9:54am            295          4          5         67       71.4      30.18      12.01
10:00am           277          3          6         68       71.6      30.18      12.01
10:05am           263          4          7         68       71.8      30.18      12.01
10:10am           299          5          7         67       72.0      30.18      12.01
10:15am           243          3          8         66       72.0      30.18      12.01
10:20am           257          2          8         66       72.3      30.18      12.01
10:25am           280          3          8         66       72.5      30.18      12.01
10:30am           250          2          8         64       73.0      30.17      12.01
10:35am           288          2          5         66       73.2      30.17      12.01
10:39am           255          0          6         64       73.8      30.17      12.01
10:45am           223          1          6         61       74.8      30.17      12.01
10:50am           267          2          6         60       74.8      30.17      12.01
10:55am           245          3          6         61       74.9      30.16      12.01
11:00am           294          4          6         61       75.3      30.16      12.01
11:05am           283          5          5         61       75.8      30.17      12.01
11:10am           281          2          6         59       75.8      30.17      12.01
11:15am           279          2          7         60       75.8      30.17      12.01
11:20am           193          1          7         60       76.2      30.17      12.01
11:25am           276          2          7         60       76.8      30.17      12.01
11:30am           248          1          7         58       76.8      30.16      12.01
11:35am           191          0          5         57       77.3      30.16      12.01
11:40am           258          1          6         56       77.6      30.16      12.01
11:45am           282          3          6         54       77.7      30.16      12.01
11:50am           197          2          6         55       77.4      30.16      12.01
11:55am           325          2          6         57       77.9      30.15      12.01
12:00pm           254          1          6         61       77.8      30.15      12.01
12:04pm           285          1          5         58       78.3      30.15      12.01
12:10pm           264          3          5         58       78.7      30.15      12.01
12:14pm           268          2          7         57       78.7      30.15      12.01
12:19pm           266          4          7         56       79.1      30.15      12.01
12:25pm           279          4          7         57       79.7      30.15      12.01
12:30pm           282          5          7         56       79.5      30.15      12.01
12:35pm           257          1          8         56       79.2      30.15      12.01
12:40pm           240          0          8         54       79.6      30.14      12.01
12:45pm           229          3          8         52       80.1      30.14      12.01
12:50pm           264          3          8         54       80.6      30.14      12.01
12:55pm           200          1          8         53       80.5      30.14      12.01
1:00pm            271          1          8         52       80.6      30.14      12.01
1:05pm            221          1          4         56       80.6      30.13      12.01
1:10pm            284          5          5         53       81.5      30.13      12.01
1:14pm            272          1          6         54       80.9      30.13      12.01
1:20pm            269          7          7         53       81.4      30.13      12.01
1:25pm            210          1         11         52       80.8      30.13      12.01
1:30pm            271          2         11         55       81.1      30.13      12.01
1:35pm            260          6          7         53       81.2      30.13      12.01
1:39pm            267          3          7         50       81.4      30.13      12.01
1:45pm            302          4          9         50       81.2      30.12      12.01
1:49pm            229          2          9         54       81.6      30.12      12.01
1:55pm            255          3          9         52       82.3      30.12      12.01
2:00pm            265          2          9         51       82.8      30.12      12.01
2:05pm            271          4          6         49       82.8      30.11      12.01
2:10pm            219          3          9         47       82.5      30.11      12.01
2:15pm            278          8         10         48       82.8      30.11      12.01
2:20pm            161          0         10         51       82.1      30.11      12.01
2:25pm            318          6         10         48       82.5      30.11      12.01
2:30pm            226          0         10         51       82.5      30.10      12.01
2:35pm            246          7         10         49       82.7      30.10      12.01
2:40pm            267          2         10         49       82.6      30.10      12.01
2:45pm            277          4         10         50       82.5      30.10      12.01
2:50pm            282          3         10         48       82.7      30.10      12.01
2:55pm            298          2         10         50       83.0      30.10      12.01
3:00pm            249          2         10         50       82.8      30.10      12.01
3:05pm            230          2          6         46       83.4      30.09      12.01
3:10pm            224          2          7         50       83.1      30.10      12.01
3:15pm            281          2          7         49       83.1      30.10      12.01
3:20pm            285          6          7         50       82.8      30.09      12.01
3:25pm            253          1         10         53       82.7      30.09      12.01
3:30pm            236          1         10         49       83.0      30.09      12.01
3:35pm            238          6          7         49       83.1      30.09      12.01
3:40pm            281          4          7         51       82.8      30.09      12.01
3:45pm            275          4          7         50       82.9      30.09      12.01
3:50pm            275          8          8         48       83.2      30.09      12.01
3:55pm            271          2          8         47       83.1      30.09      12.01
4:00pm            203          1          8         50       82.8      30.08      12.01
4:05pm            177          2          6         49       82.8      30.08      12.01
4:10pm            257          0          6         49       83.1      30.08      12.01
4:15pm            300          7          7         52       83.2      30.08      12.01
4:20pm            267          2          7         52       82.8      30.08      12.01
4:25pm            230          3          7         53       82.7      30.08      12.01
4:30pm            268          3          7         52       82.8      30.08      12.01
4:35pm            266          2          5         52       82.9      30.08      12.01
4:40pm            309          3          5         52       82.8      30.08      12.01
4:45pm            243          3          5         54       82.5      30.08      12.01
4:50pm            232          2          5         55       82.1      30.08      12.01
4:55pm            266          3          5         55       81.7      30.08      12.01
5:00pm            276          1          5         59       81.5      30.08      12.01
5:05pm            243          2          4         57       81.2      30.08      12.01
5:10pm            269          2          4         58       81.0      30.08      12.01
5:15pm            276          2          4         58       80.8      30.08      12.01
5:20pm            286          2          4         59       80.7      30.08      12.01
5:25pm            289          2          4         59       80.8      30.08      12.01
5:30pm            271          2          4         60       80.8      30.08      12.01
5:35pm            270          0          5         62       80.8      30.08      12.01
5:40pm            250          0          5         60       81.0      30.07      12.01
5:45pm            287          2          5         60       81.1      30.07      12.01
5:50pm            262          1          5         59       81.0      30.07      12.01
5:55pm            276          2          5         58       80.7      30.07      12.01
6:00pm            268          0          5         59       80.5      30.07      12.01
6:05pm            262          1          3         62       80.3      30.07      12.01
6:10pm            274          0          3         62       80.2      30.07      12.01
6:15pm            269          1          4         62       80.0      30.07      12.01
6:20pm            283          2          4         61       79.8      30.07      12.01
6:25pm            270          1          4         61       79.6      30.07      12.01
6:30pm            275          1          4         62       79.4      30.07      12.01
6:35pm            257          0          2         63       79.2      30.07      12.01
6:40pm            283          2          3         65       78.9      30.07      12.01
6:45pm            274          0          3         66       78.5      30.07      12.01
6:50pm            269          1          3         64       78.2      30.07      12.01
6:55pm            259          2          3         65       78.1      30.07      12.01
7:00pm            278          1          4         65       77.8      30.07      12.01
7:05pm            264          0          2         65       77.6      30.07      12.01
7:10pm            264          0          2         66       77.3      30.07      12.01
7:15pm            278          0          2         67       77.0      30.07      12.01
7:20pm            276          0          2         67       76.8      30.07      12.01
7:25pm            276          0          2         69       76.4      30.07      12.01
7:30pm            352          0          2         69       76.0      30.07      12.01
7:35pm            309          0          1         70       75.7      30.07      12.01
7:40pm            309          0          1         71       75.3      30.07      12.01
7:45pm            309          0          1         73       74.7      30.07      12.01
7:50pm            289          0          1         75       74.0      30.07      12.01
7:55pm            283          0          1         76       73.5      30.07      12.01
8:00pm            281          1          2         75       73.4      30.07      12.01
8:05pm            276          0          1         75       73.3      30.07      12.01
8:10pm            323          1          1         74       73.1      30.07      12.01
8:15pm            290          1          1         74       73.1      30.07      12.01
8:20pm            283          0          1         74       72.9      30.07      12.01
8:25pm            269          0          1         74       72.7      30.07      12.01
8:30pm            295          0          1         74       72.6      30.07      12.01
8:35pm            304          0          2         73       72.7      30.07      12.01
8:40pm            284          1          2         72       72.8      30.07      12.01
8:45pm            290          0          2         72       72.7      30.07      12.01
8:50pm            316          0          2         72       72.5      30.08      12.01
8:55pm            314          0          2         74       72.3      30.08      12.01
9:00pm            247          0          2         72       71.7      30.07      12.01
9:05pm            186          0          1         72       71.6      30.07      12.01
9:10pm            186          0          1         74       71.5      30.07      12.01
9:15pm            186          0          1         75       70.9      30.07      12.01
9:20pm            186          0          1         77       70.2      30.07      12.01
9:25pm            186          0          1         78       69.6      30.07      12.01
9:30pm            186          0          1         79       69.0      30.07      12.01
9:35pm            186          0          0         81       68.6      30.07      12.01
9:40pm            186          0          0         82       68.2      30.07      12.01
9:45pm            186          0          0         83       67.8      30.07      12.01
9:50pm            186          0          0         83       67.5      30.07      12.01
9:55pm            186          0          0         84       67.1      30.06      12.01
10:00pm           186          0          0         84       66.8      30.06      12.01
10:05pm           278          0          1         85       66.7      30.06      12.01
10:10pm           285          1          1         86       66.7      30.07      12.01
10:15pm           273          0          1         87       66.3      30.06      12.01
10:20pm           272          0          1         87       65.9      30.06      12.01
10:25pm           240          0          1         88       65.8      30.06      12.01
10:30pm           240          0          1         88       65.6      30.06      12.01
10:35pm           241          0          1         89       65.5      30.06      12.01
10:40pm           344          0          1         89       65.4      30.06      12.01
10:45pm           263          1          1         89       65.0      30.07      12.01
10:50pm           234          0          1         89       64.7      30.06      12.01
10:55pm           223          2          2         90       64.6      30.07      12.01
11:00pm           281          1          3         90       65.0      30.07      12.01
11:05pm           284          0          4         88       65.5      30.07      12.01
11:10pm           276          3          4         84       66.8      30.07      12.01
11:15pm           291          2          4         81       67.8      30.07      12.01
11:20pm           281          2          6         79       68.4      30.07      12.01
11:25pm           255          2          7         78       68.8      30.06      12.01
11:30pm           285          2          7         79       68.6      30.06      12.01
11:35pm           267          1          3         80       68.0      30.06      12.01
11:40pm           271          0          4         82       67.5      30.06      12.01
11:45pm           281          0          4         83       66.9      30.06      12.01
11:50pm           280          0          4         84       66.4      30.05      12.01
11:55pm           264          0          4         85       66.1      30.05      12.01
