9/7/16
Time         Wind Dir   Wind Spd  Wind Gust   Humidity       Temp  Raw Barom   Tot Rain
                    °        mph        mph          %         °F         in         in
12:00am           102          0          4         90       67.1      30.05      12.01
12:05am           102          0          0         90       67.1      30.04      12.01
12:10am           102          0          0         90       67.1      30.04      12.01
12:15am           283          1          1         91       67.0      30.04      12.01
12:20am           292          0          1         90       66.9      30.04      12.01
12:25am            93          0          2         91       67.0      30.04      12.01
12:30am            93          0          2         91       67.0      30.04      12.01
12:35am            88          0          1         91       67.0      30.04      12.01
12:40am            88          0          1         91       67.0      30.04      12.01
12:45am            44          1          2         91       67.0      30.04      12.01
12:50am            75          1          2         91       67.0      30.04      12.01
12:55am           138          0          3         91       67.0      30.04      12.01
1:00am            127          1          3         91       67.1      30.04      12.01
1:05am             92          2          3         91       66.9      30.04      12.01
1:10am            102          2          4         92       66.9      30.03      12.01
1:15am             96          2          5         91       66.8      30.03      12.01
1:20am             93          1          6         91       66.8      30.03      12.01
1:25am            106          1          6         91       66.7      30.03      12.01
1:30am            176          0          6         91       66.6      30.03      12.01
1:35am            283          0          1         92       66.6      30.03      12.01
1:40am             63          1          2         92       66.4      30.02      12.01
1:45am             77          0          2         92       66.4      30.02      12.01
1:50am             77          0          2         92       66.3      30.02      12.01
1:55am             17          0          2         93       66.3      30.03      12.01
2:00am            131          0          2         93       66.2      30.03      12.01
2:05am             60          2          2         93       66.2      30.03      12.01
2:10am            127          2          3         93       66.2      30.02      12.01
2:15am            134          1          3         93       66.3      30.02      12.01
2:20am            130          0          3         93       66.3      30.02      12.01
2:25am            174          0          3         93       66.3      30.02      12.01
2:30am            115          0          3         93       66.2      30.02      12.01
2:35am             89          0          2         94       66.2      30.02      12.01
2:40am             82          0          2         94       66.2      30.02      12.01
2:45am             84          2          5         93       66.2      30.02      12.01
2:50am            131          0          5         93       66.1      30.02      12.01
2:55am             77          1          5         93       66.1      30.02      12.01
3:00am             70          4          5         93       66.1      30.02      12.01
3:05am             91          0          4         93       66.1      30.02      12.01
3:10am             94          0          4         93       66.1      30.02      12.01
3:15am             75          1          4         93       66.1      30.02      12.01
3:20am             84          1          4         94       66.1      30.02      12.01
3:25am             82          2          4         94       66.1      30.02      12.01
3:30am             65          3          5         94       66.1      30.02      12.01
3:35am             96          2          5         94       66.1      30.02      12.01
3:40am             61          4          6         94       66.1      30.02      12.01
3:45am             67          4          6         94       66.1      30.02      12.01
3:50am            117          0          6         94       66.1      30.02      12.01
3:55am             95          1          6         94       66.2      30.02      12.01
4:00am             94          1          6         94       66.2      30.02      12.01
4:05am            134          2          3         94       66.1      30.02      12.01
4:10am            151          1          5         94       66.0      30.02      12.01
4:15am             60          5          5         94       66.0      30.01      12.01
4:20am            121          1          5         94       65.9      30.01      12.01
4:25am            130          0          5         94       65.9      30.01      12.01
4:30am            105          1          6         94       65.9      30.01      12.01
4:35am             72          2          5         94       65.9      30.01      12.01
4:40am             77          4          5         95       65.9      30.01      12.01
4:45am            140          3          6         95       65.9      30.01      12.01
4:50am            143          2          6         95       65.9      30.01      12.01
4:55am            102          5          8         94       65.8      30.01      12.01
5:00am            150          1          8         95       65.8      30.01      12.01
5:05am            145          2          6         95       65.7      30.01      12.01
5:10am             80          6          7         95       65.6      30.00      12.01
5:15am             74          4          8         95       65.6      30.01      12.01
5:20am            136          3          8         95       65.6      30.01      12.01
5:25am             92          4          8         95       65.6      30.01      12.01
5:30am            136          0          8         95       65.5      30.01      12.01
5:35am            133          2          9         95       65.4      30.01      12.01
5:40am             91          6         11         95       65.4      30.00      12.01
5:45am             59          5         11         95       65.4      30.01      12.01
5:50am             57          5         11         95       65.4      30.01      12.01
5:55am             99          1         11         95       65.4      30.01      12.01
6:00am            150          2         11         95       65.4      30.01      12.01
6:05am            131          1          6         95       65.3      30.01      12.01
6:10am            141          4          8         95       65.2      30.02      12.01
6:15am            131          2          8         95       65.2      30.02      12.01
6:20am             68          3          8         96       65.2      30.03      12.01
6:25am            127          4          8         95       65.2      30.03      12.01
6:30am            129          2          8         95       65.2      30.03      12.01
6:35am             95          3          7         95       65.2      30.03      12.01
6:40am            120          0          7         95       65.3      30.03      12.01
6:45am             71          2          7         95       65.4      30.03      12.01
6:50am             96          4          7         95       65.4      30.03      12.01
6:55am            147          1          7         95       65.4      30.03      12.01
7:00am            120          0          7         95       65.5      30.03      12.01
7:05am             73          6          7         95       65.5      30.03      12.01
7:10am             68          4          8         95       65.2      30.03      12.01
7:15am             71          4          8         95       65.0      30.03      12.01
7:20am             68          6          8         95       65.1      30.03      12.01
7:25am             92          2          8         96       65.1      30.03      12.01
7:30am             64          3          8         96       65.2      30.02      12.01
7:35am             98          2          8         96       65.2      30.02      12.01
7:40am             98          5          9         96       65.2      30.02      12.01
7:45am             91          4          9         96       65.2      30.03      12.01
7:50am             66          1          9         96       65.1      30.03      12.01
7:55am             56          1          9         96       65.1      30.03      12.01
8:00am             19          0          9         96       65.1      30.03      12.01
8:05am             83          0          1         96       65.2      30.03      12.01
8:10am             65          2          4         96       65.4      30.03      12.01
8:15am             79          0          4         96       65.6      30.03      12.01
8:20am             25          0          4         96       65.9      30.03      12.01
8:25am             91          2          4         96       66.0      30.04      12.01
8:30am             81          0          4         95       66.1      30.03      12.01
8:35am             93          0          2         95       66.2      30.04      12.01
8:40am             88          1          2         95       66.4      30.04      12.01
8:45am             96          0          2         94       66.4      30.04      12.01
8:50am             44          0          2         94       66.6      30.04      12.01
8:55am            136          0          2         94       66.8      30.04      12.01
9:00am             42          0          2         93       66.9      30.04      12.01
9:05am              5          0          1         93       66.9      30.04      12.01
9:10am             98          0          1         92       67.0      30.04      12.01
9:15am            117          0          2         92       67.1      30.04      12.01
9:20am             95          0          2         92       67.3      30.04      12.01
9:25am             86          1          3         91       67.4      30.03      12.01
9:30am             89          1          3         91       67.4      30.04      12.01
9:35am            105          1          2         91       67.5      30.04      12.01
9:40am             94          1          2         91       67.7      30.03      12.01
9:45am             84          0          2         90       67.8      30.03      12.01
9:50am             68          4          4         90       67.9      30.03      12.01
9:55am             86          1          4         90       68.0      30.03      12.01
10:00am            87          3          5         90       68.2      30.03      12.01
10:05am           165          1          4         90       68.5      30.03      12.01
10:10am            76          1          5         89       68.6      30.03      12.01
10:15am           169          1          5         89       69.0      30.03      12.01
10:20am            67          3          6         89       69.3      30.03      12.01
10:25am           115          1          6         88       69.5      30.02      12.01
10:30am           147          2          6         87       69.6      30.02      12.01
10:35am            63          7          9         86       69.9      30.02      12.01
10:40am            77          4         10         86       69.7      30.02      12.01
10:45am            53          6         10         86       69.6      30.02      12.01
10:50am            71          6         10         86       69.6      30.02      12.01
10:55am            91          7         10         86       69.8      30.02      12.01
11:00am            72          4         10         86       70.1      30.02      12.01
11:05am            77          4          7         85       70.5      30.01      12.01
11:10am           127          1          9         84       70.9      30.01      12.01
11:15am           123          1          9         84       71.8      30.01      12.01
11:20am           161          1          9         81       72.3      30.01      12.01
11:25am           166          6          9         79       72.7      30.01      12.01
11:30am           130          0          9         79       72.8      30.01      12.01
11:35am           104          1          7         79       73.1      30.00      12.01
11:40am            69          4         12         79       73.1      30.00      12.01
11:45am           200          3         12         80       73.1      30.00      12.01
11:50am           184          3         12         78       73.3      30.00      12.01
11:55am           122          3         12         78       73.2      30.00      12.01
12:00pm            86         12         12         79       73.0      30.00      12.01
12:05pm            86          2         11         81       72.6      30.00      12.01
12:10pm           137          0         11         81       72.2      30.00      12.01
12:15pm            99          5         11         81       72.4      30.01      12.01
12:20pm            69          5         11         81       72.3      30.01      12.01
12:25pm            79          4         14         82       71.9      30.00      12.01
12:30pm           119          2         14         83       71.4      30.00      12.01
12:35pm           114          4          9         84       71.2      30.00      12.01
12:40pm            73          1          9         84       71.4      30.00      12.01
12:45pm           131          0          9         85       71.9      30.00      12.01
12:50pm            79          5          9         84       72.1      30.00      12.01
12:55pm            79          4          9         84       72.5      30.00      12.01
1:00pm             82          2          9         84       72.9      30.00      12.01
1:05pm             94          4         10         81       73.5      30.00      12.01
1:10pm            127          2         14         80       73.4      30.00      12.01
1:15pm            165          1         14         80       73.3      30.00      12.01
1:20pm             94          3         14         80       73.4      30.00      12.01
1:25pm            193          0         14         80       73.1      30.00      12.01
1:30pm            137          1         14         80       73.1      30.00      12.01
1:35pm             53          2          7         81       72.7      30.00      12.01
1:40pm            163          2          8         82       72.5      30.00      12.01
1:45pm            243          0          8         81       72.7      30.00      12.01
1:50pm             77          1          8         81       73.1      29.99      12.01
1:55pm            128          4          8         80       73.5      30.00      12.01
2:00pm            124          4          8         80       73.2      29.99      12.01
2:05pm            222          1          4         80       73.2      29.99      12.01
2:10pm             65          2          7         80       73.1      29.99      12.01
2:15pm             85          3          7         81       73.4      29.99      12.01
2:20pm            110          1          7         80       73.2      29.99      12.01
2:25pm            148          2          7         80       73.2      29.99      12.01
2:30pm            100          3          7         80       73.0      29.99      12.01
2:35pm            143          2          6         80       72.9      29.99      12.01
2:40pm            136          1          6         81       73.1      29.99      12.01
2:45pm            139          4          6         80       73.2      29.99      12.01
2:50pm             79          2          6         80       73.0      29.99      12.01
2:55pm             93          3          7         81       73.0      29.99      12.01
3:00pm             78          5          8         81       73.1      29.99      12.01
3:05pm             86          2          6         80       73.7      29.99      12.01
3:10pm            115          6          8         79       74.0      29.99      12.01
3:15pm             87          6          9         79       74.3      29.99      12.01
3:20pm             81          5         10         78       74.4      29.98      12.01
3:25pm             68          6         10         78       74.8      29.98      12.01
3:30pm             81          5         10         78       74.6      29.98      12.01
3:35pm             86          4          9         77       74.7      29.98      12.01
3:40pm             99          1          9         77       74.8      29.98      12.01
3:45pm             97          1          9         77       75.2      29.98      12.01
3:50pm            137          3          9         77       75.7      29.98      12.01
3:55pm             54          4          9         76       75.7      29.98      12.01
4:00pm            109          1          9         75       75.7      29.98      12.01
4:05pm            126          1          5         75       75.7      29.98      12.01
4:10pm             65          2          5         77       75.8      29.98      12.01
4:15pm            136          0          5         75       75.6      29.98      12.01
4:20pm            135          0          5         76       75.6      29.98      12.01
4:25pm             45          3          7         75       76.2      29.97      12.01
4:30pm            136          2          7         75       76.1      29.97      12.01
4:35pm             76          3          8         74       76.1      29.97      12.01
4:40pm            130          3          8         76       75.7      29.97      12.01
4:45pm            120          1          8         75       75.6      29.97      12.01
4:50pm             91          2          8         76       75.5      29.96      12.01
4:55pm            141          2          8         76       75.7      29.96      12.01
5:00pm             66          4          9         75       75.7      29.95      12.01
5:05pm             91          2          7         76       75.4      29.95      12.01
5:10pm             94          6          8         76       75.2      29.95      12.01
5:15pm            101          2          8         76       75.1      29.94      12.01
5:20pm             99          5          9         76       75.0      29.93      12.01
5:25pm             65         10         10         77       75.0      29.92      12.01
5:30pm            120          1         10         77       74.8      29.92      12.01
5:35pm            147          5         12         77       74.6      29.92      12.01
5:40pm             82          5         12         78       74.5      29.92      12.01
5:45pm            129          2         12         78       74.4      29.92      12.01
5:50pm             23          6         12         79       74.3      29.92      12.01
5:55pm             84          4         12         79       74.1      29.93      12.01
6:00pm            130          4         12         80       73.9      29.92      12.01
6:05pm            146          5          8         80       73.8      29.92      12.01
6:10pm             68          2          8         80       73.4      29.92      12.01
6:15pm            127          0          8         81       73.2      29.92      12.01
6:20pm            224          0          8         82       73.2      29.92      12.01
6:25pm            201          4          8         81       73.1      29.92      12.01
6:30pm            338          1          8         81       72.9      29.92      12.01
6:35pm             98          6          8         82       72.6      29.92      12.01
6:40pm             82          8          8         83       72.5      29.92      12.01
6:45pm            110          0          8         83       72.3      29.92      12.01
6:50pm             46          4          8         84       72.2      29.92      12.01
6:55pm             69          3          8         84       72.0      29.92      12.01
7:00pm            168          0          8         85       71.7      29.92      12.01
7:05pm            124          0          5         85       71.6      29.92      12.01
7:10pm            130          0         10         86       71.4      29.92      12.01
7:15pm             79          1         10         86       71.2      29.92      12.01
7:20pm            291          0         10         86       71.0      29.92      12.01
7:25pm            240          0         10         87       70.8      29.92      12.01
7:30pm             56          5         10         87       70.6      29.93      12.01
7:35pm            176          0          5         87       70.5      29.93      12.01
7:40pm             64          0          5         88       70.3      29.93      12.01
7:45pm             78          0          5         88       70.1      29.93      12.01
7:50pm            121          0          5         89       69.9      29.94      12.01
7:55pm             49          0          5         89       69.8      29.94      12.01
8:00pm             49          0          5         89       69.7      29.94      12.01
8:05pm             84          0          2         90       69.6      29.94      12.01
8:10pm             86          0          2         90       69.5      29.94      12.01
8:15pm             75          0          2         90       69.3      29.95      12.01
8:20pm             75          0          2         90       69.2      29.95      12.01
8:25pm             75          0          2         91       69.2      29.95      12.01
8:30pm            119          0          2         91       69.2      29.95      12.01
8:35pm            100          0          1         91       69.2      29.94      12.01
8:40pm             94          1          1         91       69.2      29.95      12.01
8:45pm             60          2          2         91       69.3      29.95      12.01
8:50pm             86          1          4         91       69.4      29.95      12.01
8:55pm            123          0          4         90       69.5      29.95      12.01
9:00pm             73          2          4         90       69.5      29.95      12.01
9:05pm             65          2          2         90       69.5      29.95      12.01
9:10pm             87          0          3         90       69.6      29.95      12.01
9:15pm            129          0          3         90       69.6      29.95      12.01
9:20pm            124          1          3         90       69.6      29.95      12.01
9:25pm            128          1          3         90       69.6      29.95      12.01
9:30pm            108          0          4         90       69.6      29.95      12.01
9:35pm             87          2          4         90       69.6      29.95      12.01
9:40pm             86          1          5         90       69.4      29.94      12.01
9:45pm            108          1          5         90       69.3      29.94      12.01
9:50pm            155          0          5         90       69.1      29.94      12.01
9:55pm            114          3          5         90       69.0      29.93      12.01
10:00pm           127          0          5         91       68.7      29.93      12.01
10:05pm           224          0          4         91       68.5      29.93      12.01
10:10pm            84          0          5         91       68.3      29.93      12.01
10:14pm           134          2          6         91       68.2      29.93      12.01
10:20pm           145          0          6         91       68.0      29.93      12.01
10:25pm           136          0          6         91       67.8      29.93      12.01
10:30pm           200          0          6         92       67.6      29.93      12.01
10:35pm           169          0          3         92       67.5      29.93      12.01
10:40pm           188          0          3         92       67.3      29.92      12.01
10:45pm            75          1          3         92       67.3      29.93      12.01
10:49pm            89          0          4         92       67.3      29.93      12.01
10:55pm            72          2          4         92       67.2      29.93      12.01
11:00pm           136          1          4         93       67.1      29.93      12.01
11:05pm           145          0          2         93       67.0      29.93      12.01
11:10pm            92          2          3         93       67.0      29.93      12.01
11:15pm           100          2          4         93       67.1      29.93      12.01
11:19pm            19          0          4         93       67.0      29.93      12.01
11:25pm            19          0          4         93       67.0      29.93      12.01
11:29pm           139          2          4         93       67.0      29.93      12.01
11:34pm            86          0          2         93       67.0      29.93      12.01
11:40pm            95          0          2         93       67.0      29.92      12.01
11:44pm           135          0          3         93       66.9      29.93      12.01
11:50pm           101          0          3         93       67.0      29.93      12.01
11:55pm            47          2          4         93       66.9      29.93      12.01
