12/6/16
Time         Wind Dir   Wind Spd  Wind Gust   Humidity       Temp  Raw Barom   Tot Rain
                    °        mph        mph          %         °F         in         in
12:00am           246          0          1         96       26.3      29.96      20.49
12:05am           231          0          1         96       26.2      29.96      20.49
12:09am           230          0          1         96       26.0      29.96      20.49
12:15am           245          0          1         96       26.1      29.97      20.49
12:20am           245          0          1         96       25.9      29.96      20.49
12:25am           261          0          1         96       25.9      29.97      20.49
12:30am           272          0          1         96       26.1      29.97      20.49
12:35am           257          1          2         96       26.2      29.98      20.49
12:40am           262          0          3         96       26.6      29.98      20.49
12:45am           255          0          3         96       26.6      29.99      20.49
12:50am           240          0          3         96       26.5      29.99      20.49
12:55am           240          0          3         96       26.4      29.99      20.49
1:00am            240          0          3         96       26.3      30.00      20.49
1:05am            240          0          0         96       26.3      30.00      20.49
1:10am            273          0          2         96       26.5      30.00      20.49
1:15am            271          0          2         96       26.5      29.99      20.49
1:20am            269          0          2         96       26.3      30.00      20.49
1:25am            269          0          2         96       26.1      30.00      20.49
1:30am            269          0          2         96       26.0      30.00      20.49
1:35am            269          0          0         96       25.8      30.00      20.49
1:40am            269          0          0         96       25.5      30.01      20.49
1:45am            269          0          0         96       25.3      30.01      20.49
1:50am            269          0          0         96       25.1      30.01      20.49
1:55am            338          0          0         96       25.4      30.02      20.49
2:00am            338          0          0         96       25.5      30.02      20.49
2:05am            338          0          0         96       25.5      30.03      20.49
2:10am            338          0          0         96       25.4      30.03      20.49
2:15am            338          0          0         96       25.5      30.03      20.49
2:20am            338          0          0         96       25.6      30.03      20.49
2:25am            338          0          0         96       25.7      30.03      20.49
2:30am            338          0          0         96       25.8      30.03      20.49
2:35am            338          0          0         97       26.0      30.03      20.49
2:40am            338          0          0         97       26.1      30.03      20.49
2:45am            284          0          0         97       26.3      30.03      20.49
2:50am            283          0          0         97       26.4      30.03      20.49
2:55am            283          0          0         97       26.5      30.04      20.49
3:00am            223          0          1         97       26.6      30.04      20.49
3:05am            223          0          0         97       26.6      30.04      20.49
3:10am            222          0          0         97       26.6      30.04      20.49
3:15am            223          0          0         97       26.8      30.04      20.49
3:20am            223          0          0         97       26.9      30.04      20.49
3:25am            222          0          0         97       27.0      30.04      20.49
3:30am            222          0          1         97       27.2      30.05      20.49
3:34am            222          0          0         96       27.3      30.05      20.49
3:39am            223          0          0         96       27.3      30.05      20.49
3:45am            223          0          0         96       27.2      30.05      20.49
3:50am            223          0          0         96       27.1      30.05      20.49
3:55am            223          0          0         96       27.2      30.05      20.49
4:00am            223          0          0         96       27.4      30.05      20.49
4:05am            277          0          1         96       27.5      30.05      20.49
4:10am            277          0          1         96       27.6      30.05      20.49
4:14am            277          0          1         96       27.8      30.05      20.49
4:20am            277          0          1         96       27.8      30.05      20.49
4:25am            277          0          1         96       27.9      30.05      20.49
4:30am            273          0          1         96       28.0      30.05      20.49
4:35am            269          0          1         96       28.1      30.06      20.49
4:40am            250          0          2         96       28.3      30.05      20.49
4:45am            267          1          2         96       28.2      30.05      20.49
4:50am            279          0          2         96       28.3      30.05      20.49
4:55am            284          0          2         95       28.2      30.06      20.49
5:00am            265          0          2         95       28.1      30.06      20.49
5:04am            265          0          0         95       27.9      30.06      20.49
5:10am            265          0          0         95       27.6      30.05      20.49
5:15am            265          0          0         95       27.4      30.06      20.49
5:19am            269          0          0         95       27.3      30.06      20.49
5:24am            277          0          1         96       27.3      30.06      20.49
5:30am            277          0          1         95       27.1      30.06      20.49
5:35am            277          0          1         95       27.1      30.06      20.49
5:40am            277          0          1         95       27.0      30.06      20.49
5:45am            278          0          1         95       26.7      30.06      20.49
5:50am            280          0          1         95       26.5      30.06      20.49
5:55am            280          0          1         95       26.3      30.07      20.49
6:00am            281          0          1         95       26.1      30.07      20.49
6:05am            281          0          1         95       26.0      30.07      20.49
6:10am            281          0          1         95       26.0      30.06      20.49
6:15am            281          1          1         95       25.8      30.07      20.49
6:20am            287          1          1         95       25.7      30.07      20.49
6:25am            281          0          1         95       25.3      30.08      20.49
6:30am            270          1          1         95       25.1      30.08      20.49
6:35am            273          0          2         95       25.2      30.08      20.49
6:40am            273          0          2         96       25.3      30.07      20.49
6:45am            276          0          2         96       25.3      30.07      20.49
6:50am            278          0          2         96       25.4      30.07      20.49
6:55am            278          0          2         95       25.3      30.07      20.49
7:00am            278          0          2         95       25.2      30.07      20.49
7:05am            278          0          1         95       25.1      30.08      20.49
7:10am            278          0          1         95       25.1      30.08      20.49
7:15am            278          0          1         96       25.1      30.08      20.49
7:20am            278          0          1         96       25.2      30.08      20.49
7:25am            278          0          1         96       25.4      30.08      20.49
7:30am            274          0          1         96       25.5      30.08      20.49
7:35am            274          0          1         96       25.6      30.08      20.49
7:40am            274          0          1         96       25.7      30.08      20.49
7:45am            274          0          1         96       25.7      30.08      20.49
7:50am            274          0          1         96       25.9      30.08      20.49
7:55am            274          0          1         96       26.0      30.08      20.49
8:00am            274          0          1         96       26.2      30.08      20.49
8:05am            274          0          0         96       26.5      30.08      20.49
8:10am            274          0          0         96       26.8      30.08      20.49
8:15am            274          0          1         96       27.1      30.09      20.49
8:20am            274          0          1         96       27.6      30.08      20.49
8:25am            276          0          1         96       27.7      30.08      20.49
8:30am            295          0          1         96       27.8      30.09      20.49
8:35am            295          0          1         96       28.2      30.08      20.49
8:40am            273          0          1         96       28.4      30.08      20.49
8:45am            273          1          1         95       28.2      30.08      20.49
8:50am            268          1          1         95       28.1      30.08      20.49
8:55am            281          0          1         96       28.6      30.08      20.49
9:00am            281          0          1         96       29.4      30.09      20.49
9:05am            283          1          1         95       29.9      30.08      20.49
9:10am            282          0          1         94       29.9      30.09      20.49
9:15am            258          0          1         94       30.0      30.09      20.49
9:20am            259          0          1         94       30.6      30.09      20.49
9:25am            259          1          1         94       31.2      30.09      20.49
9:30am            242          0          1         94       31.8      30.09      20.49
9:35am            231          0          1         93       32.4      30.09      20.49
9:40am            280          0          1         91       32.8      30.09      20.49
9:45am            271          0          2         89       32.8      30.09      20.49
9:50am            257          1          2         89       33.1      30.09      20.49
9:55am            299          2          4         88       33.3      30.09      20.49
10:00am           270          0          4         88       33.5      30.09      20.49
10:05am           333          0          3         87       33.8      30.10      20.49
10:10am           299          5          7         88       34.2      30.10      20.49
10:15am           228          0          7         87       34.6      30.10      20.49
10:20am           261          0          7         83       34.7      30.09      20.49
10:25am           262          4          7         84       34.5      30.09      20.49
10:30am           342          0          7         83       34.5      30.09      20.49
10:35am           250          3          4         83       34.7      30.09      20.49
10:40am           242          1          7         82       34.7      30.09      20.49
10:45am           267          0          7         84       35.2      30.09      20.49
10:50am            53          5          7         80       35.1      30.09      20.49
10:55am           274          3          7         81       35.2      30.08      20.50
11:00am           115          0          7         81       35.3      30.08      20.50
11:05am           275          3          7         77       35.3      30.08      20.50
11:10am           282          6          7         79       35.5      30.08      20.50
11:15am           264          1          7         76       35.8      30.08      20.50
11:20am           261          3          8         77       36.0      30.08      20.51
11:25am           232          1          8         78       35.8      30.08      20.51
11:30am           281          2          8         75       35.3      30.08      20.51
11:35am           290          5          5         75       35.2      30.08      20.51
11:40am           271          1          5         77       35.4      30.08      20.52
11:45am           285          2          8         77       35.7      30.07      20.52
11:50am           225          4          8         77       36.1      30.07      20.52
11:55am           287          4          8         73       36.3      30.07      20.53
12:00pm           235          1          8         72       36.4      30.06      20.53
12:05pm           144          1          4         74       36.6      30.06      20.53
12:10pm           288          4          5         71       36.8      30.05      20.53
12:15pm           336          2          8         72       36.8      30.05      20.54
12:20pm           164          2          8         73       37.1      30.05      20.54
12:25pm           104          3          8         72       37.1      30.05      20.54
12:30pm           271          2          8         70       37.6      30.04      20.54
12:35pm            72          2          4         70       37.3      30.04      20.54
12:40pm           123          1          4         72       37.0      30.03      20.55
12:45pm           266          2          4         70       37.5      30.03      20.55
12:50pm           144          1          4         69       37.4      30.03      20.55
12:55pm            68          0          6         71       36.7      30.03      20.55
1:00pm            102          3          6         72       36.8      30.04      20.56
1:05pm             70          1          4         71       36.9      30.04      20.56
1:10pm            290          0          4         71       36.7      30.04      20.56
1:15pm            285          1          4         71       36.7      30.04      20.56
1:20pm            123          1          4         71       36.9      30.03      20.56
1:25pm            115          0          4         70       36.9      30.03      20.57
1:30pm             89          3          5         70       36.5      30.03      20.57
1:35pm            219          0          3         72       36.3      30.03      20.57
1:40pm            276          0          3         71       36.7      30.03      20.57
1:45pm             83          0          4         70       36.9      30.02      20.57
1:50pm            128          0          4         70       36.8      30.03      20.57
1:55pm             68          0          4         71       36.5      30.02      20.57
2:00pm            100          1          4         70       36.3      30.02      20.57
2:05pm             50          1          2         72       36.0      30.01      20.57
2:10pm             98          2          2         72       36.1      30.01      20.57
2:15pm             93          2          4         72       35.9      30.00      20.57
2:20pm             67          1          4         72       35.7      30.01      20.57
2:25pm             97          1          4         73       35.7      30.01      20.57
2:30pm            136          0          4         74       35.6      30.00      20.57
2:35pm            105          0          3         73       35.5      30.00      20.57
2:40pm             70          2          3         74       35.3      30.00      20.57
2:45pm             79          0          3         73       35.2      30.00      20.57
2:50pm            106          0          3         74       35.1      30.00      20.57
2:55pm             27          0          3         74       35.1      30.00      20.57
3:00pm            135          0          3         74       35.1      30.00      20.57
3:05pm            117          0          1         74       35.1      30.00      20.57
3:10pm             72          0          1         74       34.9      30.00      20.57
3:15pm            247          0          1         75       34.7      30.00      20.57
3:20pm             11          0          2         74       34.6      30.00      20.57
3:25pm             11          0          2         75       34.5      30.00      20.57
3:30pm             16          0          2         76       34.3      30.00      20.57
3:35pm             70          0          1         80       33.9      30.00      20.57
3:40pm             11          0          2         81       33.5      30.00      20.57
3:45pm             11          0          2         82       33.2      30.00      20.57
3:50pm             40          0          2         81       32.9      30.00      20.57
3:55pm            136          0          2         82       32.6      29.99      20.57
4:00pm            136          0          2         83       32.3      29.99      20.57
4:05pm            175          0          1         84       31.9      29.99      20.57
4:10pm            175          0          1         85       31.5      29.99      20.57
4:15pm            171          0          1         86       31.3      29.98      20.57
4:20pm            171          0          1         86       31.1      29.98      20.57
4:25pm            171          0          1         86       30.7      29.98      20.57
4:30pm            171          0          1         87       30.3      29.97      20.57
4:35pm            174          0          0         88       30.2      29.97      20.57
4:40pm            174          0          0         88       30.0      29.97      20.57
4:45pm            174          0          0         88       29.8      29.97      20.57
4:50pm            174          0          0         88       29.5      29.97      20.57
4:55pm            234          0          0         89       29.5      29.97      20.57
5:00pm            245          0          1         89       29.5      29.97      20.57
5:05pm            245          0          1         89       29.4      29.98      20.57
5:10pm            243          0          1         89       29.1      29.98      20.57
5:15pm            243          0          1         90       29.1      29.99      20.57
5:20pm            243          0          1         89       29.1      29.98      20.57
5:25pm            243          0          1         89       28.9      29.98      20.57
5:30pm            243          0          1         90       28.8      29.98      20.57
5:35pm            243          0          0         91       28.9      29.97      20.57
5:40pm            243          0          1         91       29.1      29.97      20.57
5:45pm            243          0          1         90       29.1      29.97      20.57
5:50pm            243          0          1         90       29.0      29.97      20.57
5:55pm            243          0          1         90       29.0      29.98      20.57
6:00pm            243          0          1         90       29.0      29.98      20.57
6:05pm            243          0          0         90       28.8      29.98      20.57
6:10pm            243          0          0         91       28.7      29.98      20.57
6:15pm            243          0          0         91       28.6      29.98      20.57
6:20pm            243          0          0         91       28.5      29.98      20.57
6:25pm            243          0          1         92       28.5      29.98      20.57
6:30pm            243          0          1         92       28.5      29.98      20.57
6:35pm            243          0          0         91       28.3      29.99      20.57
6:40pm            243          0          0         92       28.2      29.98      20.57
6:45pm            243          0          0         92       28.3      29.99      20.57
6:50pm            243          0          0         92       28.3      29.99      20.57
6:55pm            243          0          0         92       28.3      29.99      20.57
7:00pm            243          0          1         92       28.3      29.98      20.57
7:05pm            243          0          1         92       28.4      29.98      20.57
7:10pm            243          0          1         92       28.3      29.98      20.57
7:15pm            243          0          1         92       28.2      29.98      20.57
7:20pm            243          0          1         92       28.2      29.99      20.57
7:25pm            243          0          1         92       28.1      29.99      20.57
7:30pm            243          0          1         92       28.1      29.99      20.57
7:35pm            243          0          0         92       28.2      29.99      20.57
7:40pm            243          0          0         92       28.1      29.99      20.57
7:45pm            243          0          0         92       28.0      29.99      20.57
7:50pm            243          0          0         92       28.0      29.99      20.57
7:55pm            243          0          0         92       27.9      29.98      20.57
8:00pm            243          0          0         92       28.0      29.98      20.57
8:05pm            243          0          0         93       28.0      29.98      20.57
8:10pm            243          0          0         93       28.2      29.98      20.57
8:15pm            243          0          1         93       28.3      29.99      20.57
8:20pm            243          0          1         92       28.3      29.98      20.57
8:25pm            243          0          1         92       28.3      29.98      20.57
8:30pm            243          0          1         92       28.3      29.98      20.57
8:35pm            243          0          0         92       28.2      29.99      20.57
8:40pm            243          0          0         92       28.2      29.99      20.57
8:45pm            243          0          0         92       28.2      29.99      20.57
8:50pm            243          0          0         93       28.4      29.99      20.57
8:55pm            243          0          0         92       28.5      29.99      20.57
9:00pm            243          0          0         93       28.5      29.98      20.57
9:05pm             72          3          4         92       29.4      29.98      20.57
9:10pm             73          3          5         88       30.2      29.98      20.57
9:15pm             82          2          5         86       30.7      29.99      20.57
9:20pm             99          1          5         86       30.9      29.98      20.57
9:25pm             74          1          5         87       30.7      29.98      20.57
9:30pm            140          1          5         87       30.5      29.98      20.57
9:35pm            131          0          2         86       30.6      29.98      20.57
9:40pm            131          0          2         87       30.6      29.98      20.57
9:45pm             75          2          5         86       30.6      29.98      20.57
9:50pm            100          4          5         85       30.7      29.98      20.57
9:55pm             78          2          5         84       30.8      29.98      20.57
10:00pm            91          1          5         84       30.9      29.97      20.57
10:05pm            79          5          6         83       30.9      29.97      20.57
10:10pm            54          2          6         83       30.9      29.97      20.57
10:15pm            78          4          6         83       31.0      29.96      20.57
10:20pm            83          5          8         84       31.0      29.96      20.57
10:25pm            82          3          8         84       31.0      29.96      20.57
10:30pm            89          5          8         83       31.0      29.96      20.57
10:35pm           113          4          6         83       31.0      29.96      20.57
10:40pm           255          0          7         84       31.0      29.95      20.57
10:45pm            81          4          7         84       31.0      29.95      20.57
10:50pm            95          3          7         84       31.0      29.95      20.57
10:55pm            92          2          9         84       31.0      29.95      20.57
11:00pm           101          1          9         85       31.0      29.95      20.57
11:05pm            80          5          7         85       30.9      29.94      20.57
11:10pm            66          3          9         85       30.9      29.94      20.57
11:15pm            89          6         10         86       30.9      29.94      20.57
11:20pm            73          4         10         86       30.8      29.94      20.57
11:25pm            79          4         10         86       30.8      29.93      20.57
11:30pm            56          4         10         87       30.8      29.93      20.57
11:35pm            96          4          8         88       30.8      29.93      20.57
11:40pm            51          4         10         88       30.8      29.93      20.57
11:45pm           120          1         10         89       30.8      29.92      20.57
11:50pm           105          0         10         89       30.9      29.92      20.57
11:55pm           113          0         10         89       30.9      29.92      20.57
