12/7/16
Time         Wind Dir   Wind Spd  Wind Gust   Humidity       Temp  Raw Barom   Tot Rain
                    °        mph        mph          %         °F         in         in
12:00am           108          2         10         89       31.0      29.92      20.57
12:05am           104          3          7         89       31.0      29.92      20.57
12:10am            89          5          7         90       31.1      29.92      20.57
12:15am           105          0          7         89       31.1      29.93      20.57
12:20am           138          1          7         89       31.0      29.92      20.57
12:25am           122          2          7         90       31.0      29.92      20.57
12:30am           141          0          7         90       30.9      29.92      20.57
12:35am           145          2          4         90       30.9      29.92      20.57
12:40am           120          2          4         91       31.0      29.92      20.57
12:45am            68          3          7         90       31.0      29.92      20.57
12:50am            91          2          7         90       31.0      29.92      20.57
12:55am           109          3          7         90       30.9      29.92      20.57
1:00am             84          2          7         90       30.9      29.92      20.57
1:05am             75          4          5         90       30.9      29.93      20.57
1:10am             91          1          5         90       30.8      29.93      20.57
1:15am             81          1          5         90       30.8      29.93      20.57
1:20am            186          1          5         90       30.8      29.93      20.57
1:25am            124          1          5         90       30.7      29.93      20.57
1:30am             89          4          5         91       30.7      29.93      20.57
1:35am             65          3          5         90       30.7      29.93      20.57
1:40am             75          2          5         90       30.6      29.93      20.57
1:45am             51          2          5         90       30.6      29.93      20.57
1:50am             87          1          6         90       30.6      29.93      20.57
1:55am             72          5          8         90       30.5      29.93      20.57
2:00am            126          2          8         91       30.4      29.93      20.57
2:05am             58          3          8         91       30.3      29.92      20.57
2:10am            138          2          9         91       30.2      29.92      20.57
2:15am             88          4          9         92       30.1      29.92      20.57
2:20am             79          6          9         92       30.0      29.92      20.57
2:25am             68          5          9         93       29.9      29.92      20.57
2:30am             73          5          9         93       29.8      29.92      20.57
2:35am             67          6          9         93       29.7      29.91      20.57
2:40am             82          3          9         94       29.6      29.91      20.57
2:45am             79          3          9         94       29.6      29.91      20.57
2:50am             86          5          9         94       29.6      29.91      20.57
2:55am             91          3          9         94       29.6      29.91      20.57
3:00am             82          5          9         94       29.6      29.91      20.57
3:05am             72          5          7         95       29.7      29.91      20.57
3:10am             92          5          7         94       29.6      29.90      20.57
3:15am            100          3          8         95       29.6      29.90      20.57
3:20am             64          5          8         94       29.5      29.90      20.57
3:25am             75          4          9         95       29.4      29.90      20.57
3:30am             91          2         10         95       29.4      29.90      20.57
3:35am             66          5          7         95       29.4      29.90      20.57
3:40am            124          2          8         95       29.4      29.90      20.57
3:45am             72          8          8         95       29.5      29.89      20.57
3:50am             81          6          9         95       29.4      29.90      20.57
3:55am             65          7         10         95       29.3      29.89      20.57
4:00am             94          6         10         95       29.3      29.89      20.57
4:05am             72          5          9         95       29.2      29.89      20.57
4:10am             75          6          9         95       29.1      29.89      20.57
4:15am             98          1          9         95       29.1      29.88      20.57
4:20am             31          5          9         95       29.0      29.88      20.57
4:25am             53          4          9         95       29.0      29.88      20.57
4:30am             93          1          9         95       29.0      29.88      20.57
4:35am             66          3          5         95       29.1      29.88      20.57
4:40am             75          6          6         95       29.1      29.89      20.57
4:45am             79          4          7         95       29.1      29.89      20.57
4:50am             68          2          7         95       29.1      29.90      20.57
4:55am             72          2          7         95       29.2      29.90      20.57
5:00am             72          1          7         95       29.2      29.90      20.57
5:05am             73          2          4         95       29.3      29.90      20.57
5:10am             57          3          6         95       29.3      29.90      20.57
5:15am             81          1          7         95       29.3      29.91      20.57
5:20am             85          2          7         95       29.2      29.90      20.57
5:25am            115          1          7         95       29.2      29.90      20.57
5:30am            100          0          7         95       29.3      29.90      20.57
5:35am            103          0          1         95       29.3      29.91      20.57
5:40am             90          0          1         95       29.3      29.90      20.57
5:45am             77          1          1         95       29.3      29.90      20.57
5:50am             61          0          1         95       29.3      29.91      20.57
5:55am             58          0          1         95       29.4      29.90      20.57
6:00am            117          0          1         95       29.4      29.91      20.57
6:05am            174          0          1         95       29.4      29.91      20.57
6:10am            174          0          1         96       29.5      29.91      20.57
6:15am            116          0          1         95       29.5      29.92      20.57
6:20am            129          0          1         96       29.5      29.91      20.57
6:25am            131          0          1         96       29.6      29.92      20.57
6:30am            101          0          1         96       29.6      29.91      20.57
6:35am             79          3          3         96       29.7      29.92      20.57
6:40am             71          1          3         96       29.7      29.91      20.57
6:45am             79          4          4         96       29.7      29.91      20.57
6:50am             84          2          5         96       29.7      29.91      20.57
6:55am             86          1          5         95       29.7      29.91      20.57
7:00am             63          2          5         95       29.7      29.92      20.57
7:05am             84          2          3         95       29.7      29.92      20.57
7:10am            122          0          3         95       29.7      29.93      20.57
7:15am             73          0          3         95       29.6      29.93      20.57
7:20am            143          0          3         95       29.7      29.93      20.57
7:25am            117          0          3         95       29.7      29.93      20.57
7:30am            123          1          3         95       29.7      29.93      20.57
7:35am             91          3          3         95       29.8      29.93      20.57
7:40am             96          2          5         95       29.8      29.93      20.57
7:45am             84          3          5         95       29.9      29.93      20.57
7:50am             75          1          5         95       30.0      29.93      20.57
7:55am             70          3          5         95       30.0      29.94      20.57
8:00am            105          1          5         95       30.0      29.94      20.57
8:05am             83          4          4         95       30.1      29.94      20.57
8:10am             91          3          4         95       30.1      29.94      20.57
8:15am             65          1          4         95       30.2      29.94      20.57
8:20am             63          2          5         95       30.2      29.94      20.57
8:25am             89          2          5         95       30.3      29.94      20.57
8:30am             83          5          5         95       30.2      29.94      20.57
8:35am            101          1          5         95       30.2      29.94      20.57
8:40am             91          2          5         95       30.2      29.94      20.57
8:45am             78          2          5         95       30.2      29.94      20.57
8:50am             84          2          5         95       30.3      29.94      20.57
8:55am             79          0          5         95       30.3      29.94      20.57
9:00am             58          1          5         95       30.4      29.94      20.57
9:05am             75          3          3         95       30.6      29.93      20.57
9:10am            101          1          4         95       30.7      29.94      20.57
9:15am             94          0          4         95       30.9      29.94      20.57
9:20am            116          0          4         96       31.2      29.94      20.57
9:25am             79          1          4         96       31.4      29.94      20.57
9:30am            156          0          4         95       31.5      29.94      20.57
9:35am            126          0          1         95       31.6      29.94      20.57
9:40am            173          0          1         95       31.9      29.94      20.57
9:45am            104          1          3         95       31.9      29.94      20.57
9:50am             75          0          3         95       32.0      29.94      20.57
9:55am            115          0          3         95       32.1      29.94      20.57
10:00am           125          1          3         95       32.1      29.94      20.57
10:05am           178          2          2         95       32.2      29.94      20.57
10:10am           209          0          2         94       32.3      29.94      20.57
10:15am           123          0          2         94       32.4      29.94      20.57
10:20am           125          0          2         94       32.4      29.94      20.57
10:25am           117          1          2         94       32.5      29.94      20.57
10:30am           104          0          2         94       32.5      29.94      20.57
10:35am           146          0          1         94       32.6      29.94      20.57
10:40am           144          0          1         94       32.6      29.93      20.57
10:45am           111          0          2         94       32.6      29.93      20.57
10:50am           127          0          2         94       32.6      29.93      20.57
10:55am           143          1          2         94       32.7      29.92      20.57
11:00am            81          0          3         94       32.7      29.92      20.57
11:05am           112          2          3         94       32.7      29.92      20.57
11:10am            88          1          3         94       32.8      29.91      20.57
11:15am            93          1          3         94       32.9      29.91      20.57
11:20am            92          1          3         94       33.0      29.91      20.57
11:25am           195          0          3         94       33.2      29.91      20.57
11:30am           209          1          4         94       33.5      29.91      20.57
11:35am           213          2          2         94       33.5      29.91      20.57
11:40am           143          0          2         94       33.5      29.91      20.57
11:45am           155          2          2         94       33.5      29.91      20.57
11:50am            73          0          2         94       33.5      29.91      20.57
11:55am           227          0          3         93       33.6      29.90      20.57
12:00pm           169          1          3         94       33.5      29.90      20.57
12:05pm           219          2          2         94       33.4      29.90      20.57
12:10pm           191          0          2         94       33.4      29.90      20.57
12:15pm           191          0          2         94       33.5      29.90      20.57
12:20pm           195          0          2         94       33.5      29.90      20.57
12:25pm            98          0          2         94       33.5      29.90      20.57
12:30pm            91          1          2         94       33.5      29.90      20.57
12:35pm            93          1          1         94       33.5      29.90      20.57
12:40pm           115          0          2         94       33.5      29.89      20.57
12:45pm           130          0          2         94       33.5      29.90      20.57
12:50pm           130          0          2         94       33.5      29.90      20.57
12:55pm           130          0          2         95       33.7      29.89      20.57
1:00pm             97          1          2         95       33.7      29.88      20.57
1:05pm             90          0          2         94       33.7      29.88      20.57
1:10pm             84          2          2         94       33.8      29.88      20.57
1:15pm            113          0          2         94       33.9      29.88      20.57
1:20pm            113          0          2         95       34.0      29.89      20.57
1:25pm            113          0          2         94       34.1      29.88      20.57
1:30pm            111          0          2         94       34.0      29.88      20.57
1:35pm            276          0          0         94       34.0      29.88      20.57
1:40pm            276          0          0         95       34.1      29.88      20.57
1:45pm            276          0          1         95       34.2      29.88      20.57
1:50pm            276          0          1         95       34.4      29.88      20.57
1:55pm            276          0          1         95       34.4      29.88      20.57
2:00pm            276          0          1         94       34.3      29.88      20.57
2:05pm            276          0          1         94       34.2      29.88      20.57
2:10pm            276          0          1         95       34.2      29.88      20.57
2:15pm            268          0          1         95       34.3      29.88      20.57
2:20pm            268          0          1         95       34.4      29.88      20.57
2:25pm            268          0          1         95       34.5      29.88      20.57
2:30pm            272          0          1         94       34.5      29.89      20.57
2:35pm            272          0          1         94       34.5      29.89      20.57
2:40pm            255          1          2         94       34.4      29.89      20.57
2:45pm             78          1          2         94       34.5      29.89      20.57
2:50pm            272          1          2         94       34.6      29.89      20.57
2:55pm            276          2          2         94       34.6      29.89      20.57
3:00pm            266          1          3         94       34.6      29.89      20.57
3:05pm            276          2          2         94       34.7      29.89      20.57
3:10pm            267          2          3         94       34.7      29.90      20.57
3:15pm            277          2          3         94       34.8      29.90      20.57
3:20pm            272          1          3         94       34.7      29.90      20.57
3:25pm            270          1          3         94       34.7      29.90      20.57
3:30pm            276          1          3         94       34.7      29.90      20.57
3:35pm            264          2          4         94       34.6      29.90      20.57
3:40pm            274          1          6         94       34.6      29.90      20.57
3:45pm            290          3          6         94       34.5      29.91      20.57
3:50pm            271          0          6         94       34.5      29.91      20.57
3:55pm            273          1          6         94       34.4      29.92      20.57
4:00pm            266          1          6         94       34.3      29.92      20.57
4:05pm            274          1          1         95       34.2      29.92      20.57
4:10pm            255          0          2         95       34.1      29.92      20.57
4:15pm            262          1          2         95       34.0      29.92      20.57
4:20pm            274          1          2         95       34.0      29.92      20.57
4:25pm            266          1          2         95       33.9      29.91      20.57
4:30pm            276          1          2         95       33.9      29.91      20.57
4:35pm            279          0          2         95       33.7      29.91      20.57
4:40pm            285          0          2         96       33.7      29.91      20.57
4:45pm            281          1          2         95       33.7      29.91      20.57
4:50pm            286          2          2         95       33.6      29.91      20.57
4:55pm            283          1          2         95       33.4      29.92      20.57
5:00pm            271          1          3         95       33.1      29.92      20.57
5:05pm            269          2          3         95       32.9      29.92      20.57
5:10pm            273          0          3         96       32.7      29.93      20.57
5:15pm            281          2          3         96       32.5      29.93      20.57
5:20pm            262          1          3         96       32.3      29.93      20.57
5:25pm            265          1          3         96       32.2      29.93      20.57
5:30pm            266          2          3         96       32.2      29.93      20.57
5:35pm            271          0          2         96       32.0      29.93      20.57
5:40pm            279          2          2         96       32.0      29.93      20.57
5:45pm            274          0          2         97       32.1      29.93      20.57
5:50pm            269          1          2         97       32.1      29.93      20.57
5:55pm            261          1          2         96       32.0      29.93      20.57
6:00pm            274          2          3         97       32.0      29.93      20.57
6:05pm            262          1          4         97       32.1      29.93      20.57
6:10pm            269          2          4         97       32.4      29.93      20.57
6:15pm            264          1          5         97       32.6      29.93      20.57
6:20pm            281          1          5         97       32.6      29.93      20.57
6:25pm            281          2          5         97       32.6      29.93      20.57
6:30pm            270          2          5         97       32.5      29.93      20.57
6:35pm            272          3          4         97       32.4      29.94      20.57
6:40pm            295          3          4         97       32.3      29.94      20.57
6:45pm            259          2          6         97       32.2      29.94      20.57
6:50pm            283          2          6         97       32.1      29.94      20.57
6:55pm            272          2          6         97       32.1      29.94      20.57
7:00pm            255          1          6         97       32.1      29.94      20.57
7:05pm            259          1          4         97       32.0      29.94      20.57
7:10pm            280          2          4         97       32.0      29.94      20.57
7:15pm            276          1          4         97       32.0      29.94      20.57
7:20pm            274          2          4         97       32.0      29.94      20.57
7:25pm            269          0          4         97       32.0      29.94      20.57
7:30pm            269          1          4         97       31.9      29.94      20.57
7:35pm            270          1          1         97       31.9      29.94      20.57
7:40pm            271          0          1         97       31.9      29.93      20.57
7:45pm            267          0          2         97       31.9      29.94      20.57
7:50pm            268          0          2         97       31.8      29.94      20.57
7:55pm            268          0          2         97       31.8      29.94      20.57
8:00pm            271          0          2         97       31.7      29.94      20.57
8:05pm            274          0          1         97       31.7      29.93      20.57
8:10pm            280          0          2         97       31.7      29.94      20.57
8:15pm            281          0          2         97       31.6      29.94      20.57
8:20pm            271          0          2         97       31.5      29.94      20.57
8:25pm            271          0          2         97       31.5      29.94      20.57
8:30pm            271          0          2         97       31.4      29.94      20.57
8:35pm            265          0          1         97       31.3      29.94      20.57
8:40pm            265          0          1         97       31.2      29.93      20.57
8:45pm            262          0          1         97       31.1      29.94      20.57
8:50pm            273          0          2         97       31.0      29.94      20.57
8:55pm            273          1          2         97       30.8      29.94      20.57
9:00pm            267          2          2         97       30.9      29.94      20.57
9:05pm            280          1          3         97       31.0      29.94      20.57
9:10pm            311          0          3         97       30.9      29.94      20.57
9:15pm            270          0          3         97       30.9      29.93      20.57
9:20pm            279          1          3         97       30.9      29.93      20.57
9:25pm            326          0          3         97       30.8      29.93      20.57
9:30pm            287          0          3         97       30.8      29.93      20.57
9:35pm            357          0          2         97       30.9      29.93      20.57
9:40pm            355          0          2         97       31.0      29.93      20.57
9:45pm            355          0          2         97       30.9      29.93      20.57
9:50pm            357          0          2         97       30.8      29.92      20.57
9:55pm            278          1          2         97       30.7      29.93      20.57
10:00pm           265          0          2         97       30.7      29.93      20.57
10:05pm           266          0          0         97       30.6      29.93      20.57
10:10pm           266          0          0         97       30.5      29.93      20.57
10:15pm           266          0          0         97       30.4      29.93      20.57
10:20pm           247          2          2         97       30.5      29.93      20.57
10:25pm           257          0          2         97       30.6      29.92      20.57
10:30pm           234          0          2         97       30.6      29.91      20.57
10:35pm           263          1          1         97       30.6      29.91      20.57
10:40pm           274          0          1         97       30.6      29.91      20.57
10:45pm           271          0          1         97       30.6      29.92      20.57
10:50pm           271          0          1         97       30.6      29.92      20.57
10:55pm           271          0          1         97       30.7      29.92      20.57
11:00pm           271          1          1         97       30.8      29.92      20.57
11:05pm           269          1          1         97       30.9      29.92      20.57
11:10pm           264          1          2         97       30.8      29.92      20.57
11:15pm           266          1          2         97       30.8      29.92      20.57
11:20pm           280          0          2         97       30.9      29.92      20.57
11:25pm           274          0          2         97       30.9      29.92      20.57
11:30pm           281          0          2         97       30.9      29.91      20.57
11:35pm           266          1          2         97       30.9      29.91      20.57
11:40pm           279          0          2         97       30.8      29.91      20.57
11:45pm           259          1          2         97       30.9      29.91      20.57
11:50pm           283          0          2         97       30.8      29.91      20.57
11:55pm           269          0          2         97       30.8      29.91      20.57
