12/24/16
Time         Wind Dir   Wind Spd  Wind Gust   Humidity       Temp  Raw Barom   Tot Rain
                    °        mph        mph          %         °F         in         in
12:00am           272          1          8         74       31.1      30.22      20.75
12:05am           308          1          2         73       31.5      30.22      20.75
12:10am           286          1          2         73       31.4      30.22      20.75
12:15am           274          0          2         73       31.4      30.22      20.75
12:20am           286          0          2         72       31.7      30.22      20.75
12:25am           293          2          3         70       32.3      30.23      20.75
12:30am           273          3          4         70       32.5      30.22      20.75
12:35am           290          1          6         69       32.6      30.22      20.75
12:40am           274          0          7         69       32.6      30.22      20.75
12:45am           270          1          7         70       32.4      30.22      20.75
12:50am           267          3          7         71       32.1      30.22      20.75
12:55am           281          1          7         72       31.9      30.22      20.75
1:00am            264          1          7         72       31.8      30.22      20.75
1:05am            277          2          7         71       32.1      30.22      20.75
1:10am            250          0          7         71       32.1      30.21      20.75
1:15am            307          0          7         72       31.8      30.21      20.75
1:20am            282          2          7         72       31.8      30.21      20.75
1:25am            278          3          7         73       31.4      30.22      20.75
1:30am            264          2          7         73       31.4      30.21      20.75
1:35am            262          1          4         73       31.5      30.21      20.75
1:40am            279          2          5         73       31.7      30.21      20.75
1:45am            295          2          5         72       31.8      30.22      20.75
1:50am            281          5          5         72       31.9      30.22      20.75
1:55am            327          1          5         72       32.0      30.22      20.75
2:00am            243          2          5         72       32.0      30.23      20.75
2:05am            286          3          3         72       31.9      30.22      20.75
2:10am            250          2          4         72       31.9      30.22      20.75
2:15am            269          4          4         72       32.0      30.22      20.75
2:20am            275          2          4         72       31.9      30.21      20.75
2:25am            263          1          4         72       31.8      30.20      20.75
2:30am            276          0          4         72       31.8      30.20      20.75
2:35am            276          1          2         73       31.7      30.19      20.75
2:40am            261          0          2         73       31.4      30.19      20.75
2:45am            256          0          2         74       31.2      30.18      20.75
2:50am            240          0          2         75       30.8      30.18      20.75
2:55am            266          0          2         76       30.5      30.18      20.75
3:00am            266          0          2         76       30.3      30.18      20.75
3:05am            266          0          1         77       30.1      30.18      20.75
3:10am            273          1          4         77       30.1      30.18      20.75
3:15am            264          1          4         77       30.4      30.19      20.75
3:20am            268          2          4         75       31.0      30.18      20.75
3:25am            272          0          4         72       31.6      30.18      20.75
3:30am            247          0          4         70       32.1      30.18      20.75
3:35am            274          1          2         69       32.4      30.17      20.75
3:40am            204          0          3         68       32.7      30.17      20.75
3:45am            289          1          3         68       32.8      30.16      20.75
3:50am            266          0          3         69       32.7      30.16      20.75
3:55am            230          0          3         70       32.4      30.16      20.75
4:00am            278          0          3         72       31.8      30.16      20.75
4:05am            265          2          4         70       31.9      30.16      20.75
4:10am            260          2          4         66       33.0      30.15      20.75
4:15am            298          3          4         66       33.2      30.15      20.75
4:20am            260          2          6         65       33.5      30.15      20.75
4:25am            279          2          6         65       33.6      30.15      20.75
4:30am            292          9          9         66       33.4      30.15      20.75
4:35am            274          5          9         66       33.6      30.15      20.75
4:40am            274          2          9         66       33.6      30.14      20.75
4:45am            264          2          9         66       33.5      30.14      20.75
4:50am            267          2          9         67       33.3      30.14      20.75
4:55am            262          1          9         68       32.9      30.12      20.75
5:00am            276          1          9         68       32.8      30.12      20.75
5:05am            283          6          8         68       32.9      30.13      20.75
5:10am            300          2          8         66       33.5      30.13      20.75
5:15am            280          6          8         65       33.6      30.13      20.75
5:20am            255          1          8         65       33.6      30.13      20.75
5:25am            268          2          8         65       33.5      30.12      20.75
5:30am            276          1          8         67       33.5      30.10      20.75
5:35am            288          1          4         66       33.4      30.10      20.75
5:40am            271          1          5         67       33.2      30.10      20.75
5:45am            278          1          6         67       33.1      30.10      20.75
5:50am            264          1          6         68       33.1      30.10      20.75
5:55am            233          1          6         69       32.8      30.09      20.75
6:00am            248          0          6         69       32.6      30.10      20.75
6:05am            246          0          1         69       32.6      30.10      20.75
6:10am            246          0          1         70       32.5      30.09      20.75
6:15am            246          0          1         70       32.3      30.10      20.75
6:20am            246          0          1         71       32.3      30.09      20.75
6:25am            246          0          1         72       32.0      30.09      20.75
6:30am             32          0          1         72       31.8      30.08      20.75
6:35am             32          0          1         73       32.0      30.08      20.75
6:40am             32          0          1         74       31.8      30.08      20.75
6:45am             32          0          1         74       31.6      30.08      20.75
6:50am             32          0          1         74       31.4      30.08      20.75
6:55am              1          0          1         75       31.4      30.09      20.75
7:00am            297          1          3         71       32.0      30.09      20.75
7:05am            252          3          4         69       32.7      30.09      20.75
7:10am            274          2          6         68       33.0      30.10      20.75
7:15am            282          1          6         68       33.0      30.09      20.75
7:20am            248          0          6         68       33.0      30.08      20.75
7:25am            269          1          6         68       33.1      30.08      20.75
7:30am            265          1          6         68       33.0      30.08      20.75
7:35am            252          2          3         68       33.1      30.08      20.75
7:40am            280          2          4         68       33.1      30.08      20.75
7:45am            263          3         12         64       33.6      30.07      20.75
7:50am            298          4         12         61       34.5      30.06      20.75
7:55am            253          3         12         60       34.9      30.06      20.75
8:00am            248          3         12         60       35.0      30.05      20.75
8:05am            269          3         15         58       35.3      30.05      20.75
8:10am            267          2         15         57       35.5      30.04      20.75
8:15am            276          3         15         57       35.7      30.04      20.75
8:20am            271          7         15         57       35.8      30.04      20.75
8:25am            296          5         15         58       35.7      30.03      20.75
8:30am            243          6         15         59       35.5      30.03      20.75
8:35am            264          3          9         59       35.4      30.03      20.75
8:40am            288          3          9         59       35.3      30.03      20.75
8:45am            288          6          9         60       35.4      30.03      20.75
8:50am            266          5         10         59       35.7      30.03      20.75
8:55am            232          2         13         60       35.9      30.03      20.75
9:00am            283          5         13         61       36.0      30.03      20.75
9:05am            259          8         15         63       35.9      30.03      20.75
9:10am            272          6         15         64       35.7      30.03      20.75
9:15am            257          5         15         66       35.6      30.02      20.75
9:20am            330          2         15         67       35.6      30.02      20.75
9:25am            263          5         15         67       35.6      30.02      20.75
9:30am            268          8         15         66       35.7      30.02      20.75
9:35am            233          4         13         66       35.9      30.01      20.75
9:40am            264          9         13         67       35.9      30.02      20.75
9:45am            217          2         13         68       35.8      30.01      20.75
9:50am            265          3         13         70       35.7      30.02      20.75
9:55am            293          7         13         72       35.7      30.02      20.75
10:00am           235          5         13         75       35.6      30.01      20.75
10:05am           302          5         10         76       35.4      30.00      20.75
10:10am           285          6         11         77       35.2      30.00      20.75
10:15am           271          7         11         78       35.0      30.00      20.75
10:20am           269          5         12         80       34.7      29.99      20.75
10:25am           285          6         12         81       34.5      30.00      20.75
10:30am           261          3         15         82       34.5      29.99      20.75
10:35am           270          9         12         83       34.4      29.99      20.75
10:40am           274          3         18         85       34.1      29.98      20.75
10:45am           299          6         18         88       33.7      29.98      20.75
10:50am           279          7         18         89       33.5      29.97      20.75
10:55am           281          6         18         90       33.4      29.97      20.75
11:00am           301          2         18         90       33.4      29.97      20.75
11:05am           246          0          7         90       33.4      29.96      20.75
11:10am           302          5          8         91       33.5      29.96      20.75
11:15am           272          3         10         90       33.5      29.95      20.75
11:20am           302          4         10         91       33.5      29.95      20.75
11:25am           266          3         10         91       33.5      29.95      20.75
11:30am           268          4         10         91       33.5      29.95      20.75
11:35am           278          1          6         91       33.5      29.94      20.75
11:40am            48          0          6         91       33.6      29.94      20.75
11:45am           263          2          8         91       33.6      29.94      20.75
11:50am           240          0          8         91       33.7      29.94      20.75
11:55am           259          1          8         91       33.7      29.93      20.75
12:00pm           226          2          8         91       33.8      29.93      20.75
12:05pm           255          2          4         91       33.9      29.93      20.75
12:10pm           246          2          5         91       34.0      29.93      20.75
12:15pm           261          3          7         91       34.2      29.93      20.75
12:20pm           283          3          7         91       34.3      29.93      20.75
12:25pm           299          3          7         91       34.4      29.93      20.75
12:30pm           281          1          7         91       34.4      29.93      20.75
12:35pm           267          3          6         91       34.5      29.92      20.75
12:40pm           268          2          6         91       34.6      29.92      20.75
12:45pm           274          2          7         91       34.7      29.92      20.75
12:50pm           269          2          7         91       34.7      29.92      20.75
12:55pm           274          4          7         91       34.8      29.91      20.75
1:00pm            296          4          7         91       34.9      29.91      20.75
1:04pm            280          4          8         91       35.0      29.91      20.75
1:10pm            224          2          8         91       35.1      29.91      20.75
1:15pm            295          3          9         91       35.3      29.91      20.75
1:20pm            261          3         10         90       35.5      29.90      20.75
1:25pm            290          6         10         90       35.6      29.90      20.75
1:30pm            288          3         10         90       35.7      29.89      20.75
1:35pm            300          6          7         90       35.9      29.89      20.75
1:39pm            253          2          8         90       36.0      29.89      20.75
1:45pm            245          3          8         90       36.1      29.89      20.75
1:50pm            275          4          8         90       36.3      29.89      20.75
1:55pm            240          3          8         89       36.3      29.89      20.75
2:00pm            266          5          8         89       36.3      29.89      20.75
2:05pm            262          3          7         89       36.4      29.88      20.75
2:10pm            271          5          9         89       36.4      29.88      20.75
2:15pm            259          2          9         89       36.5      29.89      20.75
2:20pm            275          7          9         89       36.5      29.89      20.75
2:25pm            286          4          9         89       36.4      29.89      20.75
2:30pm            264          4          9         90       36.4      29.89      20.75
2:35pm            259          3          7         89       36.4      29.89      20.76
2:40pm            262          3          7         90       36.5      29.90      20.76
2:45pm            261          2          7         89       36.6      29.90      20.76
2:50pm            261          2          7         89       36.5      29.90      20.76
2:55pm            215          0          7         89       36.5      29.91      20.76
3:00pm            259          1          7         90       36.5      29.91      20.76
3:05pm            240          0          3         90       36.4      29.91      20.76
3:10pm            274          6          6         90       36.4      29.92      20.76
3:15pm            278          4          6         89       36.3      29.92      20.76
3:20pm            246          3          9         90       36.4      29.91      20.76
3:25pm            266          4          9         89       36.6      29.91      20.76
3:30pm            269          7         11         88       36.9      29.92      20.76
3:35pm            272          4          9         87       37.2      29.91      20.76
3:40pm            272          9         13         86       37.5      29.92      20.76
3:45pm            270          8         13         86       37.6      29.91      20.76
3:50pm            262          9         13         85       37.7      29.91      20.76
3:55pm            304          8         18         85       37.7      29.92      20.76
4:00pm            282          2         18         84       38.0      29.92      20.76
4:05pm            248          8         14         83       38.3      29.92      20.76
4:10pm            272          7         14         83       38.3      29.92      20.76
4:15pm            275          2         14         83       38.3      29.93      20.76
4:20pm             19          1         14         83       38.3      29.93      20.76
4:25pm            341          2         14         83       38.1      29.94      20.76
4:30pm             72          2         14         83       37.9      29.94      20.76
4:35pm            150          0          3         84       37.6      29.94      20.76
4:40pm            352          0          3         84       37.5      29.95      20.76
4:45pm            117          1          3         84       37.6      29.95      20.76
4:50pm            272          0          4         84       37.7      29.94      20.76
4:55pm            288          4          5         84       37.7      29.95      20.76
5:00pm            229          2          5         83       37.9      29.95      20.76
5:05pm            307          3          6         82       38.1      29.95      20.76
5:10pm            300          4          9         82       38.5      29.96      20.76
5:15pm            261          0          9         81       38.5      29.96      20.76
5:20pm            338          2          9         81       38.4      29.95      20.76
5:25pm            229          1          9         81       38.4      29.96      20.76
5:30pm            261          4          9         81       38.4      29.96      20.76
5:35pm            278          2          8         81       38.4      29.96      20.76
5:40pm            252          3          8         81       38.3      29.96      20.76
5:45pm            281          6          9         81       38.4      29.97      20.76
5:50pm            270          3          9         81       38.5      29.97      20.76
5:55pm            250          4         11         80       38.5      29.97      20.76
6:00pm            169          2         11         80       38.4      29.97      20.76
6:05pm            230          3          9         81       38.4      29.97      20.76
6:10pm            239          7          9         81       38.3      29.97      20.76
6:15pm            274          4         11         81       38.2      29.97      20.76
6:20pm            257          4         11         81       38.2      29.97      20.76
6:25pm            277          4         11         81       38.1      29.97      20.76
6:30pm            267          1         11         81       38.0      29.98      20.76
6:35pm             54          1          6         81       38.0      29.98      20.76
6:40pm            271          4          7         81       38.0      29.98      20.76
6:45pm            177          0          7         80       38.0      29.98      20.76
6:50pm             92          1         10         80       38.1      29.99      20.76
6:55pm            271          2         10         80       38.2      29.99      20.76
7:00pm            157          2         11         79       38.2      29.99      20.76
7:05pm            149          4         14         79       38.2      29.99      20.76
7:10pm            266          5         14         79       38.2      29.99      20.76
7:15pm            191          2         14         80       38.2      29.99      20.76
7:20pm             39          3         14         80       38.1      29.99      20.76
7:25pm            264          0         14         80       38.0      30.00      20.76
7:30pm            306          1         14         80       37.9      30.00      20.76
7:35pm            272          6         11         81       37.8      30.00      20.76
7:40pm             80          4         11         81       37.6      30.00      20.76
7:45pm            255          3         13         81       37.5      30.00      20.76
7:50pm             53          4         13         81       37.4      30.00      20.76
7:55pm            297          2         13         81       37.4      30.01      20.76
8:00pm            208          3         13         81       37.3      30.01      20.76
8:05pm            222          3         15         81       37.3      30.00      20.76
8:10pm            264          7         15         81       37.3      30.01      20.76
8:15pm            262          4         15         81       37.2      30.01      20.76
8:20pm            262         13         17         80       37.2      30.01      20.76
8:25pm            275          2         17         80       37.2      30.01      20.76
8:30pm            318          5         17         80       37.1      30.01      20.76
8:35pm            288          4         12         80       37.1      30.02      20.76
8:40pm            252          5         12         80       36.9      30.02      20.76
8:45pm            282          7         15         80       36.9      30.02      20.76
8:50pm            290         14         15         80       36.9      30.03      20.76
8:55pm            282          6         15         80       36.9      30.03      20.76
9:00pm            345          7         16         80       36.9      30.03      20.76
9:05pm            267          9         11         80       36.9      30.03      20.76
9:10pm            288          2         14         80       36.9      30.03      20.76
9:15pm             20          2         14         80       36.8      30.04      20.76
9:20pm             43          5         21         80       36.8      30.04      20.76
9:25pm             21          2         21         81       36.7      30.05      20.76
9:30pm            227          2         21         81       36.8      30.05      20.76
9:35pm            282          4         11         81       36.7      30.05      20.76
9:40pm            257          9         12         81       36.7      30.05      20.76
9:45pm            278          3         16         81       36.7      30.06      20.76
9:50pm            235          4         16         81       36.6      30.06      20.76
9:55pm            338          9         16         81       36.7      30.06      20.76
10:00pm           261         10         17         81       36.7      30.06      20.76
10:05pm           259          6         17         80       36.8      30.06      20.76
10:10pm           284          7         17         80       36.7      30.06      20.76
10:15pm           127          2         17         80       36.7      30.07      20.76
10:20pm           229          9         17         80       36.7      30.07      20.76
10:25pm           253          4         17         80       36.6      30.07      20.76
10:30pm           105          1         17         80       36.6      30.07      20.76
10:35pm           278          3         12         79       36.7      30.07      20.76
10:40pm           275          7         12         79       36.7      30.08      20.76
10:45pm           275          5         12         79       36.7      30.08      20.76
10:50pm           250          7         13         78       36.7      30.08      20.76
10:55pm           286          4         15         78       36.7      30.09      20.76
11:00pm           261          1         15         78       36.7      30.09      20.76
11:05pm           263          5          9         78       36.6      30.09      20.76
11:10pm           285          4          9         78       36.5      30.09      20.76
11:15pm           306          4          9         78       36.5      30.09      20.76
11:20pm           208          5          9         78       36.4      30.08      20.76
11:25pm            99          5         15         78       36.5      30.09      20.76
11:30pm           250          5         15         77       36.5      30.09      20.76
11:35pm           128          1         15         77       36.4      30.09      20.76
11:40pm           224          2         16         77       36.4      30.10      20.76
11:45pm           287          5         16         77       36.4      30.10      20.76
11:50pm           137          1         16         77       36.4      30.10      20.76
11:55pm           260          3         16         77       36.4      30.10      20.76
