12/18/16
Time         Wind Dir   Wind Spd  Wind Gust   Humidity       Temp  Raw Barom   Tot Rain
                    °        mph        mph          %         °F         in         in
12:00am            90          1          5         94       24.5      29.82      20.63
12:30am            90          2          6         94       24.2      29.81      20.63
1:00am             90          3          8         94       24.5      29.81      20.63
1:30am             90          2          6         95       24.7      29.80      20.63
2:00am             90          1          5         95       25.5      29.80      20.63
2:30am             90          2          4         95       26.8      29.80      20.63
3:00am             90          1          4         96       28.9      29.77      20.63
3:30am             90          1          4         96       30.5      29.71      20.63
4:00am             90          1          6         96       31.1      29.73      20.63
4:30am             90          1          3         96       31.4      29.71      20.63
5:00am             90          3          7         96       31.2      29.66      20.63
5:30am            202          1          4         96       30.8      29.66      20.63
6:00am            202          1          4         96       30.5      29.68      20.63
6:30am            202          0          2         97       31.9      29.65      20.63
7:00am            202          1          4         97       32.4      29.62      20.63
7:30am            270          1          9         97       36.4      29.62      20.63
8:00am            270          6         17         98       39.7      29.61      20.63
8:30am            270          8         17         98       41.1      29.60      20.63
9:00am            270          8         19         96       42.2      29.58      20.66
9:30am            270          8         21         96       43.1      29.61      20.66
10:00am           270          8         19         95       43.5      29.60      20.66
10:30am           270          7         19         95       44.0      29.59      20.66
11:00am           270          6         19         95       44.8      29.58      20.66
11:30am           270          4         14         95       45.5      29.60      20.66
12:00pm           270          4         15         96       46.3      29.59      20.66
12:30pm           270          6         21         95       47.0      29.59      20.66
1:00pm            270          4         15         96       45.9      29.61      20.66
1:30pm            270          8         21         94       43.2      29.67      20.66
2:00pm            270          6         18         92       41.2      29.73      20.66
2:30pm            270          5         15         90       38.6      29.78      20.66
3:00pm            270          3         14         87       36.9      29.81      20.66
3:30pm            270          4         14         83       35.6      29.85      20.66
4:00pm            270          5         14         84       34.7      29.88      20.66
4:30pm            270          5         16         80       34.6      29.92      20.66
5:00pm            270          5         18         76       34.6      29.95      20.66
5:30pm            270          5         18         71       34.3      29.98      20.66
6:00pm            270          6         17         62       33.2      30.03      20.66
6:30pm            270          5         17         59       31.5      30.07      20.66
7:00pm            270          2          9         59       30.3      30.10      20.66
7:30pm            270          3         12         58       28.8      30.13      20.66
8:00pm            270          5         20         56       28.0      30.16      20.66
8:30pm            270          4         20         59       27.1      30.18      20.66
9:00pm            270          4         15         55       26.6      30.20      20.66
9:30pm            270          4         11         56       26.3      30.22      20.66
10:00pm           270          2          9         56       25.7      30.25      20.66
10:30pm           270          4         13         57       24.6      30.26      20.66
11:00pm           270          3         12         59       23.0      30.30      20.66
11:30pm           270          3         10         63       22.1      30.32      20.66
