1/22/17
Time         Wind Dir   Wind Spd  Wind Gust   Humidity       Temp  Raw Barom   Tot Rain
                    °        mph        mph          %         °F         in         in
12:00am           271          0          2         95       35.8      29.71       0.77
12:05am           271          0          0         95       35.9      29.71       0.77
12:10am           270          0          0         95       36.1      29.71       0.77
12:15am           270          0          0         95       36.3      29.70       0.77
12:20am           271          0          0         95       36.2      29.70       0.77
12:25am           271          0          1         95       36.0      29.70       0.77
12:30am           270          0          1         95       36.0      29.69       0.77
12:35am           271          0          0         96       36.1      29.70       0.77
12:40am           271          0          1         96       36.2      29.70       0.77
12:45am           271          0          1         95       35.9      29.70       0.77
12:50am           271          0          1         95       35.5      29.70       0.77
12:55am           271          0          1         95       35.3      29.70       0.77
1:00am            271          0          1         95       35.1      29.70       0.77
1:05am            270          0          0         95       35.2      29.70       0.77
1:10am            271          0          0         96       35.2      29.69       0.77
1:15am            271          0          1         95       35.1      29.70       0.77
1:20am            271          0          1         96       35.2      29.70       0.77
1:25am            271          0          1         96       35.4      29.70       0.77
1:30am            271          0          1         96       35.4      29.70       0.77
1:35am            270          0          1         96       35.3      29.70       0.77
1:40am            270          1          1         95       35.2      29.70       0.77
1:45am            270          0          1         95       34.9      29.70       0.77
1:50am            271          0          1         95       34.8      29.70       0.77
1:55am            271          0          1         95       34.6      29.70       0.77
2:00am            271          0          1         95       34.5      29.70       0.77
2:05am            271          0          0         95       34.3      29.70       0.77
2:10am            271          0          1         96       34.2      29.71       0.77
2:15am            305          0          1         96       34.6      29.71       0.77
2:20am            285          1          1         96       34.5      29.71       0.77
2:25am            285          0          1         96       34.3      29.71       0.77
2:30am            285          0          1         96       34.1      29.72       0.77
2:35am            285          1          1         95       34.0      29.72       0.77
2:40am            284          1          1         95       33.8      29.72       0.77
2:45am            258          0          2         96       33.7      29.72       0.77
2:50am            257          0          2         96       33.6      29.73       0.77
2:55am            270          0          2         96       33.8      29.73       0.77
3:00am            270          0          2         96       33.7      29.72       0.77
3:05am            270          0          1         96       33.8      29.73       0.77
3:10am            270          0          1         96       33.9      29.73       0.77
3:15am            270          0          1         96       34.0      29.72       0.77
3:20am            270          0          1         96       34.2      29.72       0.77
3:25am            270          0          1         96       34.3      29.72       0.77
3:30am            270          0          1         96       34.4      29.72       0.77
3:35am            270          0          1         97       34.6      29.72       0.77
3:40am            270          0          1         96       34.6      29.71       0.77
3:45am            270          0          1         96       34.4      29.72       0.77
3:50am            270          0          1         96       34.4      29.71       0.77
3:55am            270          0          1         96       34.2      29.71       0.77
4:00am            270          0          1         96       34.3      29.71       0.77
4:05am            270          0          0         97       34.7      29.71       0.77
4:10am            262          0          1         97       34.9      29.71       0.77
4:15am            267          0          1         96       34.7      29.71       0.77
4:20am             96          1          1         96       34.5      29.70       0.77
4:25am             98          0          1         96       34.4      29.71       0.77
4:30am             98          0          1         96       34.2      29.71       0.77
4:35am             98          0          0         96       34.3      29.71       0.77
4:40am             98          0          0         96       34.4      29.70       0.77
4:45am             98          0          0         96       34.5      29.70       0.77
4:50am             98          0          0         96       34.0      29.70       0.77
4:55am            217          0          1         96       33.8      29.70       0.77
5:00am            217          0          1         96       33.9      29.70       0.77
5:05am            217          0          0         96       34.1      29.70       0.77
5:10am            217          0          0         97       34.5      29.71       0.77
5:15am            217          0          0         97       34.9      29.71       0.77
5:20am            217          0          0         97       34.7      29.71       0.77
5:25am            124          0          1         96       34.5      29.71       0.77
5:30am            229          0          1         96       34.4      29.71       0.77
5:35am            230          0          0         96       34.2      29.72       0.77
5:40am            229          0          0         96       34.2      29.72       0.77
5:45am            230          0          1         96       34.4      29.72       0.77
5:50am            230          0          1         97       34.7      29.72       0.77
5:55am            230          0          1         97       34.8      29.72       0.77
6:00am            230          0          1         97       35.0      29.73       0.77
6:05am            230          0          1         97       35.3      29.72       0.77
6:10am            230          0          1         97       35.1      29.72       0.77
6:15am            229          0          1         96       35.1      29.72       0.77
6:20am            141          0          1         97       35.1      29.72       0.77
6:25am            141          0          1         96       34.9      29.73       0.77
6:30am            141          0          1         96       34.9      29.73       0.77
6:35am            360          0          1         97       35.5      29.73       0.77
6:40am            360          0          1         96       35.1      29.73       0.77
6:45am            360          0          1         96       35.1      29.74       0.77
6:50am            360          0          1         97       35.3      29.73       0.77
6:55am            360          0          1         97       35.3      29.74       0.77
7:00am            360          0          1         97       35.7      29.74       0.77
7:05am              1          0          1         97       35.7      29.73       0.77
7:10am              1          0          1         96       35.3      29.73       0.77
7:15am              1          0          1         97       35.4      29.73       0.77
7:20am            356          0          1         97       35.7      29.73       0.77
7:25am            356          0          1         97       35.5      29.73       0.77
7:30am            356          0          1         96       35.3      29.74       0.77
7:35am            356          0          0         96       35.3      29.74       0.77
7:40am            356          0          1         97       35.7      29.74       0.77
7:45am            356          0          1         97       35.8      29.74       0.77
7:50am            356          0          1         97       35.8      29.74       0.77
7:55am            356          0          1         97       35.9      29.74       0.77
8:00am            356          0          1         97       36.1      29.74       0.77
8:05am            356          0          0         97       36.2      29.74       0.77
8:10am            356          0          1         96       35.8      29.75       0.77
8:15am            282          0          1         96       35.8      29.75       0.77
8:20am            282          0          1         96       35.6      29.75       0.77
8:25am            282          0          1         96       35.5      29.75       0.77
8:30am            282          0          1         96       35.7      29.75       0.77
8:35am            282          0          1         97       35.9      29.75       0.77
8:40am            282          0          1         97       36.3      29.75       0.77
8:45am            134          0          1         96       36.1      29.75       0.77
8:50am            134          0          1         96       36.2      29.75       0.77
8:55am            134          0          1         96       36.3      29.76       0.77
9:00am            134          0          1         97       36.6      29.76       0.77
9:05am            235          0          1         97       36.8      29.76       0.77
9:10am            235          0          1         97       37.0      29.76       0.77
9:15am            257          0          1         96       37.0      29.76       0.77
9:20am            257          0          1         95       36.4      29.76       0.77
9:25am            257          0          1         95       36.2      29.76       0.77
9:30am            257          0          1         96       36.0      29.76       0.77
9:35am            257          0          0         96       36.0      29.76       0.77
9:40am            257          0          0         96       36.1      29.76       0.77
9:45am            257          0          0         96       36.1      29.76       0.77
9:50am            257          0          0         96       36.2      29.76       0.77
9:55am            257          0          0         96       36.3      29.76       0.77
10:00am           210          0          0         95       36.3      29.76       0.77
10:05am           193          0          1         95       36.2      29.76       0.77
10:10am           172          0          1         95       36.2      29.76       0.77
10:15am            89          1          2         96       36.7      29.76       0.77
10:20am            78          2          4         97       37.7      29.76       0.77
10:25am            77          3          4         96       38.1      29.76       0.77
10:30am            77          2          4         95       38.2      29.76       0.77
10:35am            96          0          2         95       38.4      29.76       0.77
10:40am            94          0          2         95       38.8      29.76       0.77
10:45am           143          0          2         95       39.0      29.77       0.77
10:50am           143          0          2         94       39.0      29.77       0.77
10:55am           143          0          2         94       39.2      29.77       0.77
11:00am           143          0          2         94       39.5      29.77       0.77
11:05am            76          6          6         93       39.4      29.77       0.77
11:10am            53          3          6         93       39.6      29.77       0.77
11:15am            77          2          6         92       39.7      29.77       0.77
11:20am            50          3          9         91       39.8      29.77       0.77
11:25am           218          1          9         91       39.8      29.78       0.77
11:30am           145          0          9         91       39.9      29.78       0.77
11:35am            81          0          1         90       39.9      29.78       0.77
11:40am            94          5          7         90       39.8      29.78       0.77
11:45am           109          6          7         90       39.6      29.78       0.77
11:50am           133          1          7         90       39.3      29.78       0.77
11:55am           110          0          9         90       39.3      29.77       0.77
12:00pm           113          2          9         90       39.2      29.77       0.77
12:05pm           136          2          9         90       39.1      29.77       0.77
12:10pm            27          2          9         90       39.0      29.78       0.77
12:15pm           138          0          9         91       38.9      29.78       0.77
12:20pm           110          2          9         91       38.8      29.78       0.77
12:25pm           110          2          9         91       38.8      29.78       0.77
12:30pm            61          2          9         91       38.8      29.78       0.77
12:35pm            76          1          8         91       38.8      29.77       0.77
12:40pm            86          2          8         91       38.7      29.77       0.77
12:45pm            76          3          8         91       38.6      29.77       0.77
12:50pm            68          6          8         91       38.6      29.77       0.77
12:55pm            83          0          8         91       38.6      29.77       0.77
1:00pm            108          3          8         91       38.6      29.77       0.77
1:05pm             62          5          9         91       38.4      29.77       0.77
1:10pm             72          4         11         91       38.3      29.77       0.77
1:15pm             77          4         11         91       38.2      29.77       0.77
1:20pm             93          3         12         91       38.0      29.78       0.77
1:25pm             58          3         12         92       37.9      29.78       0.77
1:30pm             98          1         12         92       37.8      29.78       0.77
1:35pm             66          4         12         92       37.7      29.78       0.77
1:40pm             61          5         12         92       37.5      29.78       0.77
1:45pm            127          1         12         92       37.4      29.78       0.77
1:50pm             83          2         12         92       37.2      29.79       0.77
1:55pm             96          5         12         92       37.0      29.79       0.77
2:00pm             96          5         12         92       36.9      29.79       0.77
2:05pm            144          0          8         93       36.8      29.79       0.77
2:10pm            216          2          8         93       36.7      29.79       0.77
2:15pm            114          2          8         93       36.5      29.79       0.77
2:19pm             49          0          8         93       36.3      29.80       0.77
2:25pm             61          2          8         93       36.2      29.80       0.77
2:30pm             91          5          9         93       36.0      29.80       0.77
2:35pm             79          7         11         94       35.9      29.79       0.77
2:40pm            105          3         11         94       35.8      29.79       0.77
2:45pm             72          1         11         94       35.8      29.80       0.77
2:50pm            140          2         11         94       35.7      29.79       0.77
2:55pm             49          5         11         94       35.6      29.80       0.77
2:59pm             79          6         11         94       35.4      29.80       0.77
3:05pm             97          5         12         94       34.9      29.80       0.77
3:10pm             70          8         14         94       34.5      29.81       0.77
3:15pm             79          5         14         94       34.3      29.80       0.77
3:20pm             77          8         14         95       34.1      29.81       0.77
3:25pm             86          5         14         95       33.9      29.80       0.77
3:30pm             71          6         14         95       33.6      29.80       0.77
3:35pm             92          6         14         95       33.5      29.80       0.77
3:40pm             81          6         14         95       33.4      29.79       0.77
3:45pm             79          7         16         95       33.2      29.80       0.77
3:50pm             84          7         16         95       33.1      29.81       0.77
3:55pm             67          7         16         95       33.0      29.81       0.77
3:59pm             75          9         16         95       32.9      29.82       0.77
4:05pm             58          4         11         96       32.8      29.83       0.77
4:10pm             95          3         14         96       32.8      29.83       0.77
4:15pm             68          8         14         96       32.7      29.83       0.77
4:20pm             93          4         14         96       32.7      29.83       0.77
4:25pm             72          6         15         96       32.6      29.83       0.77
4:30pm             77          7         15         96       32.5      29.83       0.77
4:35pm             81          6         12         96       32.5      29.83       0.77
4:40pm             66          5         13         96       32.5      29.83       0.77
4:45pm             64          5         13         96       32.5      29.83       0.77
4:50pm             87          5         13         96       32.5      29.83       0.77
4:55pm             65          7         13         96       32.5      29.83       0.77
5:00pm             37          5         13         96       32.5      29.84       0.77
5:05pm             58          5         10         96       32.5      29.84       0.77
5:10pm             75          4         13         96       32.5      29.84       0.78
5:15pm             71          5         14         96       32.5      29.84       0.78
5:20pm             94          4         14         96       32.4      29.85       0.78
5:25pm             59          3         14         96       32.4      29.85       0.78
5:30pm             98          2         14         96       32.4      29.86       0.78
5:35pm            109          3          9         96       32.4      29.86       0.78
5:40pm             65          6          9         96       32.4      29.86       0.78
5:45pm             68          7          9         96       32.4      29.87       0.78
5:50pm             57          2          9         96       32.4      29.87       0.78
5:55pm             92          3          9         96       32.4      29.88       0.79
6:00pm             94          7         11         96       32.3      29.88       0.79
6:05pm            133          1          9         96       32.3      29.88       0.79
6:10pm            118          4          9         96       32.3      29.88       0.79
6:15pm             65          5          9         96       32.3      29.88       0.79
6:20pm             28          6          9         96       32.4      29.89       0.79
6:25pm             61          1          9         96       32.4      29.89       0.79
6:30pm             86          3          9         96       32.4      29.89       0.79
6:35pm             56          2          8         96       32.3      29.89       0.79
6:40pm             86          5          9         96       32.3      29.89       0.79
6:45pm             79          7         11         96       32.3      29.89       0.79
6:50pm             60          5         11         96       32.3      29.89       0.79
6:55pm             79          1         11         96       32.2      29.89       0.79
6:59pm             76          4         13         96       32.1      29.89       0.79
7:05pm             87          4         10         95       32.0      29.89       0.79
7:10pm             63          3         10         95       31.9      29.89       0.79
7:15pm             65          4         11         95       31.8      29.89       0.79
7:20pm            122          2         11         95       31.7      29.89       0.79
7:25pm             56          3         11         95       31.7      29.90       0.79
7:30pm             87          3         11         95       31.6      29.90       0.79
7:35pm             95          4          8         95       31.6      29.90       0.79
7:40pm             37          5          8         95       31.6      29.90       0.79
7:45pm             86          2          8         95       31.5      29.90       0.79
7:50pm             68          5          9         95       31.4      29.90       0.79
7:55pm             79         14         14         95       31.4      29.90       0.79
7:59pm             94          9         14         95       31.4      29.90       0.79
8:05pm             66          3         14         95       31.3      29.90       0.79
8:10pm             62          5         14         95       31.3      29.91       0.79
8:15pm             98          5         14         95       31.3      29.91       0.79
8:20pm            102          2         14         95       31.3      29.92       0.79
8:25pm            127          1         14         95       31.2      29.92       0.79
8:30pm             98          3         14         95       31.2      29.92       0.79
8:35pm            113          1          6         95       31.2      29.92       0.79
8:40pm             77          8          8         95       31.2      29.93       0.79
8:45pm             82          3          8         95       31.2      29.93       0.79
8:50pm             84          4          8         95       31.2      29.93       0.79
8:55pm             64          6          8         96       31.1      29.93       0.79
8:59pm             94          5         11         96       31.1      29.92       0.79
9:05pm             68          8         10         96       31.0      29.92       0.79
9:10pm             92          2         11         96       31.0      29.93       0.79
9:15pm             75          5         12         96       31.0      29.93       0.79
9:20pm             72          5         14         96       31.0      29.93       0.79
9:25pm             94          5         14         96       30.9      29.93       0.79
9:30pm             69          6         14         96       30.9      29.93       0.79
9:35pm             95          7         12         96       30.9      29.93       0.79
9:40pm             70          2         12         96       30.9      29.93       0.79
9:45pm             77          7         12         96       30.9      29.93       0.79
9:50pm             81          5         12         96       30.9      29.93       0.79
9:55pm             73          7         12         96       30.9      29.93       0.79
10:00pm            77          3         12         96       30.8      29.94       0.79
10:05pm            98          5         10         96       30.8      29.94       0.79
10:10pm            86          7         13         96       30.8      29.94       0.79
10:15pm            68          8         13         96       30.8      29.94       0.79
10:20pm            66          5         13         96       30.8      29.94       0.79
10:25pm            96          5         13         96       30.8      29.94       0.79
10:29pm            82          9         14         96       30.7      29.94       0.79
10:35pm            79          6         15         96       30.7      29.94       0.79
10:40pm            68         14         15         96       30.6      29.94       0.79
10:45pm            62          6         15         96       30.6      29.94       0.79
10:50pm            77          9         15         96       30.5      29.94       0.79
10:55pm            83          9         15         96       30.5      29.94       0.79
10:59pm            75         10         15         96       30.5      29.94       0.79
11:05pm            95          5         12         96       30.5      29.95       0.79
11:10pm            78          6         13         96       30.4      29.95       0.79
11:15pm            68          6         13         96       30.4      29.94       0.79
11:20pm            84          7         13         96       30.4      29.95       0.79
11:25pm            86          9         13         96       30.3      29.95       0.79
11:30pm            75          7         18         96       30.2      29.95       0.79
11:35pm            37          6         17         96       30.0      29.95       0.79
11:40pm            93         10         17         96       30.0      29.95       0.79
11:45pm            73          4         17         96       30.0      29.95       0.79
11:50pm           106          6         17         96       29.8      29.95       0.79
11:55pm            87         14         17         96       29.8      29.95       0.79
