2/18/17
Time         Wind Dir   Wind Spd  Wind Gust   Humidity       Temp  Raw Barom   Tot Rain
                    °        mph        mph          %         °F         in         in
12:00am           244          0          1         77       18.2      29.77       1.36
12:05am           244          0          1         76       18.5      29.78       1.36
12:10am           276          0          1         77       18.2      29.78       1.36
12:15am           281          0          1         77       17.8      29.78       1.36
12:20am           281          0          1         78       17.3      29.78       1.36
12:25am           279          0          1         78       17.0      29.79       1.36
12:30am           260          0          1         79       16.9      29.79       1.36
12:35am           277          0          1         78       17.4      29.79       1.36
12:40am           277          0          1         77       17.6      29.78       1.36
12:45am           277          0          1         78       17.4      29.79       1.36
12:50am           233          0          1         78       17.2      29.79       1.36
12:55am           233          0          1         78       17.1      29.79       1.36
1:00am            233          0          1         78       17.0      29.78       1.36
1:05am            233          0          0         79       16.9      29.78       1.36
1:10am            233          0          1         78       17.0      29.78       1.36
1:15am            259          1          1         79       16.7      29.79       1.36
1:20am            260          1          2         79       16.1      29.78       1.36
1:25am            277          2          6         81       16.7      29.79       1.36
1:30am            245          2          6         78       18.0      29.80       1.36
1:35am            278          3          4         77       18.4      29.80       1.36
1:40am            232          1          4         76       18.5      29.80       1.36
1:45am            263          2          4         76       18.5      29.79       1.36
1:50am            269          1          4         75       18.8      29.79       1.36
1:55am            251          0          4         75       18.8      29.80       1.36
2:00am            254          1          4         75       18.8      29.80       1.36
2:05am            285          2          2         75       18.6      29.80       1.36
2:10am            260          0          2         75       18.6      29.80       1.36
2:15am            283          1          3         76       18.5      29.80       1.36
2:20am            323          0          4         75       18.6      29.80       1.36
2:25am            248          0          4         76       18.5      29.79       1.36
2:30am            245          0          4         76       18.6      29.79       1.36
2:35am            266          2          2         75       18.7      29.79       1.36
2:40am            275          2          4         75       18.7      29.79       1.36
2:45am            271          4          5         76       18.3      29.79       1.36
2:50am            265          1          5         76       18.4      29.79       1.36
2:55am            269          1          5         76       18.5      29.78       1.36
3:00am            250          0          5         76       18.5      29.79       1.36
3:05am            248          0          2         76       18.4      29.78       1.36
3:10am            276          0          2         77       18.2      29.78       1.36
3:15am            273          0          2         77       18.1      29.78       1.36
3:20am            265          0          2         77       18.0      29.79       1.36
3:25am            263          0          2         78       17.9      29.79       1.36
3:30am            262          1          3         78       17.9      29.79       1.36
3:35am            283          1          4         78       17.9      29.79       1.36
3:40am            259          1          4         78       17.9      29.79       1.36
3:45am            258          1          4         78       17.8      29.79       1.36
3:50am            256          1          4         78       17.5      29.79       1.36
3:55am            249          0          4         79       17.2      29.78       1.36
4:00am            256          0          4         80       17.0      29.78       1.36
4:05am            256          0          1         80       16.9      29.78       1.36
4:10am            267          0          1         81       16.8      29.78       1.36
4:15am            267          0          1         81       16.6      29.78       1.36
4:20am            267          0          1         81       16.4      29.78       1.36
4:25am            267          0          1         82       16.4      29.78       1.36
4:30am            267          0          1         82       16.2      29.78       1.36
4:35am            267          0          0         82       16.1      29.78       1.36
4:40am            267          0          0         82       16.0      29.78       1.36
4:45am            267          0          0         82       16.0      29.78       1.36
4:50am            267          0          0         82       16.0      29.77       1.36
4:55am            267          0          0         83       15.8      29.77       1.36
5:00am            267          0          0         83       15.6      29.76       1.36
5:05am            282          1          1         83       15.5      29.77       1.36
5:10am            273          1          1         84       15.6      29.77       1.36
5:15am            268          0          1         84       15.3      29.77       1.36
5:20am            259          0          1         85       15.2      29.76       1.36
5:25am            259          0          1         84       15.4      29.75       1.36
5:30am            259          0          1         84       15.8      29.75       1.36
5:35am            262          0          0         84       16.4      29.75       1.36
5:40am            276          0          1         83       16.4      29.75       1.36
5:45am            280          1          1         84       15.9      29.75       1.36
5:50am            280          0          1         85       15.6      29.75       1.36
5:55am            280          0          1         85       15.5      29.74       1.36
6:00am            280          0          1         86       15.8      29.74       1.36
6:05am            280          1          1         85       16.2      29.74       1.36
6:10am            269          0          1         84       16.3      29.73       1.36
6:15am            263          0          1         84       16.2      29.73       1.36
6:20am            259          0          1         85       16.2      29.73       1.36
6:25am            254          0          1         85       16.4      29.73       1.36
6:30am            265          1          2         84       16.5      29.73       1.36
6:35am            268          1          4         84       16.4      29.74       1.36
6:40am            233          0          4         84       16.4      29.72       1.36
6:45am            240          0          4         84       16.6      29.73       1.36
6:50am            245          0          4         84       16.8      29.73       1.36
6:55am            245          0          4         84       17.0      29.73       1.36
6:59am             96          0          4         84       17.3      29.73       1.36
7:05am             98          0          1         83       17.5      29.73       1.36
7:10am            255          0          1         81       17.8      29.74       1.36
7:15am            269          0          1         81       17.9      29.74       1.36
7:20am            273          0          1         82       18.0      29.74       1.36
7:25am            263          0          1         82       18.4      29.73       1.36
7:30am            268          0          1         82       18.8      29.73       1.36
7:35am            280          0          1         82       19.0      29.74       1.36
7:40am            270          0          2         80       19.4      29.74       1.36
7:45am            312          0          2         80       19.7      29.75       1.36
7:50am            287          0          2         79       20.0      29.75       1.36
7:55am            261          0          2         79       20.3      29.75       1.36
7:59am            276          2          2         77       20.5      29.75       1.36
8:05am            269          1          4         77       20.6      29.75       1.36
8:10am            278          1          4         77       20.9      29.75       1.36
8:15am            252          0          4         77       21.5      29.74       1.36
8:20am             93          1          4         76       22.0      29.75       1.36
8:25am            269          2          4         74       22.4      29.74       1.36
8:30am            289          2          5         73       22.3      29.74       1.36
8:35am            272          2          3         74       22.4      29.74       1.36
8:40am            254          1          3         74       22.8      29.74       1.36
8:45am            253          0          3         74       23.3      29.73       1.36
8:50am            237          1          3         73       24.1      29.73       1.36
8:55am            247          1          3         72       25.1      29.72       1.36
9:00am            225          0          3         69       26.4      29.71       1.36
9:05am            250          0          1         68       28.3      29.71       1.36
9:10am             67          0          1         64       28.5      29.70       1.36
9:15am             67          0          1         66       28.6      29.71       1.36
9:20am             98          1          1         63       29.2      29.70       1.36
9:25am             86          1          2         61       29.2      29.70       1.36
9:30am             95          0          2         62       29.6      29.70       1.36
9:35am             95          0          0         62       31.4      29.70       1.36
9:40am             94          1          2         58       31.2      29.70       1.36
9:45am             78          2          3         59       30.6      29.69       1.36
9:50am            138          0          3         59       30.8      29.70       1.36
9:55am             99          0          3         59       31.4      29.69       1.36
9:59am             98          0          3         60       32.7      29.69       1.36
10:05am           174          0          1         56       33.9      29.68       1.36
10:10am            77          2          3         52       34.7      29.68       1.36
10:15am            84          0          3         54       33.9      29.68       1.36
10:20am            96          2          3         52       34.3      29.67       1.36
10:25am            91          1          3         53       34.5      29.67       1.36
10:30am            87          3          3         52       35.0      29.66       1.36
10:35am            96          3          5         50       35.3      29.66       1.36
10:40am            86          3          5         50       35.5      29.66       1.36
10:45am            83          2          5         50       35.3      29.66       1.36
10:50am           100          2          5         50       35.8      29.65       1.36
10:55am            65          0          5         49       37.2      29.65       1.36
10:59am            94          0          5         48       38.6      29.64       1.36
11:05am           113          2          2         47       40.1      29.64       1.37
11:10am           271          0          2         45       42.2      29.63       1.37
11:15am           285          3          5         46       43.4      29.63       1.37
11:20am           319          0          5         44       43.8      29.63       1.37
11:25am           269          4          5         43       44.4      29.62       1.37
11:29am           275          2          5         43       44.5      29.62       1.38
11:35am           224          0          5         43       44.7      29.62       1.38
11:40am           252          2          5         43       45.2      29.62       1.38
11:45am           230          1          6         42       45.6      29.61       1.39
11:50am           293          6          7         43       45.4      29.61       1.40
11:55am           294          0          7         42       45.0      29.60       1.41
11:59am           264          1          7         43       45.2      29.60       1.41
12:04pm           224          2          5         43       45.6      29.58       1.42
12:10pm           240          1          8         43       46.0      29.58       1.42
12:15pm           269          1          8         42       46.4      29.58       1.43
12:20pm           245          2          8         41       46.5      29.57       1.43
12:24pm           266          2          8         41       46.6      29.57       1.43
12:29pm           270          2          8         42       46.6      29.57       1.44
12:35pm           255          3          5         42       46.9      29.57       1.44
12:40pm           288          2          5         42       46.7      29.57       1.44
12:45pm           274          1          5         43       46.6      29.57       1.45
12:49pm           242          2          5         43       46.6      29.57       1.45
12:55pm           281          3          7         44       46.6      29.57       1.45
1:00pm            255          3          7         44       46.9      29.56       1.45
1:05pm            282          3          5         44       47.2      29.56       1.46
1:10pm            272          1          5         44       47.3      29.56       1.46
1:15pm            258          0          5         44       47.7      29.55       1.46
1:20pm            267          0          5         44       48.0      29.55       1.46
1:25pm            281          0          5         44       48.6      29.55       1.46
1:29pm            285          0          5         41       49.3      29.54       1.47
1:35pm            266          1          1         42       50.6      29.53       1.47
1:40pm             94          1          3         43       51.0      29.52       1.47
1:45pm             80          3          5         42       50.1      29.53       1.47
1:49pm            307          1          6         45       50.5      29.53       1.47
1:54pm            256          0          6         44       51.8      29.52       1.47
2:00pm            255          3          6         44       52.3      29.52       1.47
2:05pm            250          6          6         44       52.1      29.51       1.47
2:09pm            286          2         10         43       51.9      29.51       1.47
2:15pm            242          4         10         43       51.7      29.51       1.48
2:20pm            264          3         10         43       51.6      29.51       1.48
2:25pm            249          6         10         43       51.6      29.51       1.48
2:29pm            285          5         10         43       51.6      29.50       1.48
2:35pm            232          2         10         43       51.3      29.50       1.48
2:40pm            238          2         10         44       51.3      29.50       1.48
2:45pm            269          2         10         43       51.7      29.50       1.48
2:49pm            283          3         10         43       51.7      29.50       1.48
2:55pm            274          2         10         43       52.0      29.50       1.48
3:00pm            278          2         10         43       52.2      29.50       1.48
3:05pm            283          5          8         42       52.1      29.50       1.48
3:10pm            255          2          8         43       51.8      29.50       1.48
3:14pm            279          4          8         43       52.1      29.50       1.48
3:19pm            259          3          8         44       52.3      29.50       1.48
3:25pm            282          4          8         45       52.4      29.50       1.48
3:29pm            269          0          8         44       52.5      29.49       1.48
3:34pm            276          3          9         44       52.7      29.49       1.48
3:39pm            300          8         12         44       52.6      29.49       1.48
3:44pm            274          3         12         44       52.0      29.48       1.48
3:49pm            242          1         12         45       51.8      29.47       1.48
3:55pm            260          3         12         45       51.5      29.47       1.48
4:00pm            279          4         12         45       51.2      29.47       1.48
4:04pm            198          1          5         45       51.1      29.47       1.48
4:09pm            278          2          6         46       50.6      29.46       1.48
4:15pm            245          2          8         46       50.3      29.46       1.48
4:19pm            269          1          8         47       50.0      29.46       1.48
4:24pm            271          0          8         46       49.9      29.46       1.48
4:30pm            267          2          8         47       49.7      29.46       1.48
4:34pm            271          3          8         46       49.3      29.46       1.48
4:40pm            277          7         11         47       48.9      29.46       1.48
4:44pm            274          4         11         47       48.6      29.47       1.48
4:49pm            298          3         11         47       48.4      29.47       1.48
4:54pm            273          4         11         48       47.9      29.47       1.48
5:00pm            269          3         11         49       47.5      29.47       1.48
5:04pm            349          2          5         50       46.8      29.47       1.48
5:10pm            238          0          5         52       46.3      29.48       1.48
5:15pm            245          2          5         52       45.9      29.47       1.48
5:19pm            274          5          6         52       45.8      29.48       1.48
5:25pm            270          3          6         52       45.6      29.48       1.48
5:29pm            276          4          7         52       45.3      29.47       1.48
5:35pm            271          4          8         52       45.2      29.47       1.48
5:40pm            278          5          9         52       45.0      29.47       1.48
5:44pm            265          5          9         53       44.9      29.47       1.48
5:49pm            276          4          9         53       44.5      29.47       1.48
5:54pm            301          5          9         54       44.1      29.47       1.48
6:00pm            272          5          9         55       43.8      29.47       1.48
6:04pm            281          8          8         55       43.7      29.47       1.48
6:09pm            339          4          8         56       43.4      29.47       1.48
6:15pm            283          4          8         56       43.1      29.47       1.48
6:20pm            268          6          9         56       43.4      29.47       1.48
6:24pm            275          8         10         56       43.6      29.47       1.48
6:29pm            267          7         10         56       43.7      29.47       1.48
6:35pm            269          7         12         56       43.8      29.47       1.48
6:39pm            270          5         12         55       44.1      29.47       1.48
6:45pm            281          5         12         55       44.4      29.47       1.48
6:50pm            289          6         12         55       44.4      29.47       1.48
6:54pm            257          2         12         56       43.9      29.47       1.48
7:00pm            288          6         12         57       43.5      29.48       1.48
7:04pm            344          3          7         58       42.8      29.48       1.48
7:09pm            306          4          7         60       42.0      29.48       1.48
7:14pm            273          3          7         61       41.3      29.48       1.48
7:20pm            277          4          7         63       40.5      29.48       1.48
7:24pm            269          4          7         64       40.2      29.48       1.48
7:29pm            280          7          8         64       41.2      29.48       1.48
7:34pm            281          5         10         61       42.8      29.47       1.48
7:40pm            283          8         12         59       43.9      29.47       1.48
7:45pm            269          5         12         59       44.2      29.47       1.48
7:49pm            283          5         12         58       44.5      29.47       1.48
7:54pm            273          4         12         58       44.6      29.47       1.48
8:00pm            265          5         12         58       44.7      29.47       1.48
8:05pm            243          4          9         58       44.6      29.47       1.48
8:09pm            283          5          9         59       44.4      29.47       1.48
8:14pm            285          4          9         59       44.2      29.47       1.48
8:19pm            274          3          9         60       44.2      29.47       1.48
8:25pm            306          3          9         60       44.4      29.47       1.48
8:29pm            316          2          9         60       44.3      29.47       1.48
8:34pm            274          2          3         61       42.9      29.47       1.48
8:40pm            274          3          3         65       40.8      29.47       1.48
8:45pm            308          1          3         67       39.7      29.47       1.48
8:50pm            271          3          4         69       38.8      29.47       1.48
8:55pm            286          3          4         71       37.9      29.48       1.48
9:00pm            279          4          5         73       37.3      29.48       1.48
9:05pm            265          2          4         73       37.1      29.48       1.48
9:10pm            278          2          4         74       36.6      29.48       1.48
9:15pm            269          2          4         76       36.2      29.47       1.48
9:20pm            278          1          4         77       37.0      29.48       1.48
9:25pm            282          1          4         75       37.5      29.47       1.48
9:30pm            264          2          4         74       36.9      29.47       1.48
9:35pm            277          2          4         77       37.1      29.48       1.48
9:40pm            296          1          4         75       37.2      29.48       1.48
9:44pm            269          1          4         75       37.3      29.48       1.48
9:49pm            274          3          6         76       37.9      29.48       1.48
9:55pm            272          2          6         75       38.0      29.47       1.48
10:00pm           283          2          6         74       38.9      29.47       1.48
10:05pm           276          2          3         72       39.4      29.47       1.48
10:10pm           269          0          3         73       39.1      29.47       1.48
10:15pm           281          0          3         73       39.1      29.47       1.48
10:20pm           287          0          3         73       38.8      29.47       1.48
10:24pm           255          0          3         73       38.1      29.47       1.48
10:30pm           251          0          3         75       37.6      29.47       1.48
10:35pm           251          0          0         75       36.9      29.47       1.48
10:40pm           251          0          0         76       36.5      29.46       1.48
10:45pm           251          0          0         77       36.2      29.47       1.48
10:49pm           251          0          0         79       36.3      29.46       1.48
10:55pm           251          0          1         78       36.7      29.46       1.48
11:00pm           251          0          1         78       36.3      29.46       1.48
11:05pm           109          0          0         78       35.2      29.47       1.48
11:10pm           109          0          0         82       35.2      29.47       1.48
11:14pm           109          0          1         81       34.9      29.48       1.48
11:19pm           109          0          1         82       34.3      29.48       1.48
11:25pm            24          1          1         84       34.0      29.48       1.48
11:30pm            25          0          1         86       35.7      29.48       1.48
11:34pm            80          0          1         82       35.7      29.49       1.48
11:39pm            82          0          1         83       35.2      29.49       1.48
11:45pm            75          0          1         83       34.9      29.49       1.48
11:49pm           266          0          1         85       35.6      29.49       1.48
11:54pm           266          0          1         84       36.3      29.49       1.48
