2/2/17
Time         Wind Dir   Wind Spd  Wind Gust   Humidity       Temp  Raw Barom   Tot Rain
                    °        mph        mph          %         °F         in         in
12:00am           276          2          8         81       25.9      29.89       0.97
12:05am           254          2          6         81       25.8      29.89       0.97
12:10am           279          3          6         82       25.6      29.89       0.97
12:15am           288          1          6         82       25.3      29.89       0.97
12:20am           254          1          6         83       25.2      29.89       0.97
12:25am           284          2          6         83       25.1      29.89       0.97
12:29am           281          3          6         83       24.8      29.89       0.97
12:35am           251          1          5         83       24.6      29.89       0.97
12:40am           274          2          5         84       24.3      29.88       0.97
12:45am           268          2          5         84       24.2      29.89       0.97
12:50am           264          2          6         85       24.0      29.89       0.97
12:54am           266          2          6         85       24.1      29.89       0.97
1:00am            257          3          7         84       24.1      29.89       0.97
1:05am            269          3          6         84       24.3      29.89       0.97
1:09am            257          2          6         84       24.4      29.89       0.97
1:14am            276          4          7         84       24.6      29.89       0.97
1:20am            237          3          7         83       24.8      29.89       0.97
1:24am            290          4          7         83       24.6      29.89       0.97
1:29am            274          4          7         83       24.6      29.90       0.97
1:35am            242          1          5         83       24.4      29.90       0.97
1:39am            245          1          5         83       24.2      29.90       0.97
1:44am            242          2          5         83       24.0      29.90       0.97
1:49am            237          1          5         84       23.9      29.90       0.97
1:55am            272          1          5         84       23.9      29.91       0.97
2:00am            264          1          5         84       23.8      29.91       0.97
2:04am            277          0          1         84       23.8      29.91       0.97
2:09am            274          0          1         84       23.8      29.91       0.97
2:15am            274          0          1         84       23.8      29.91       0.97
2:19am            274          0          1         84       23.6      29.91       0.97
2:25am            274          0          1         84       23.1      29.90       0.97
2:29am            274          0          1         84       22.6      29.90       0.97
2:34am            274          0          0         85       22.4      29.90       0.97
2:39am            274          0          0         86       22.3      29.90       0.97
2:44am            274          0          0         86       22.0      29.90       0.97
2:49am            274          0          0         86       21.8      29.90       0.97
2:54am            274          0          0         87       21.6      29.90       0.97
3:00am            274          0          0         87       21.3      29.90       0.97
3:04am            134          0          0         87       21.0      29.90       0.97
3:09am            131          0          0         88       20.5      29.90       0.97
3:14am            151          0          0         87       20.1      29.90       0.97
3:20am            151          0          0         88       19.6      29.90       0.97
3:24am            151          0          0         88       19.3      29.90       0.97
3:29am            151          0          0         88       19.0      29.90       0.97
3:34am            151          0          0         89       19.0      29.91       0.97
3:40am            151          0          0         90       19.3      29.91       0.97
3:44am            151          0          0         90       19.4      29.90       0.97
3:49am            218          0          0         90       19.5      29.90       0.97
3:55am            218          0          1         90       19.7      29.90       0.97
4:00am            218          0          1         90       19.7      29.90       0.97
4:04am            218          0          1         89       19.7      29.90       0.97
4:09am            218          0          1         89       19.4      29.90       0.97
4:14am            218          0          1         88       18.8      29.90       0.97
4:19am            218          0          1         88       18.1      29.90       0.97
4:24am            309          0          1         91       18.3      29.90       0.97
4:29am            309          0          1         90       18.4      29.90       0.97
4:35am            309          0          0         90       17.9      29.90       0.97
4:39am            309          0          0         90       17.6      29.90       0.97
4:44am            309          0          0         90       17.2      29.90       0.97
4:50am            309          0          0         90       16.7      29.90       0.97
4:54am            309          0          0         90       16.4      29.90       0.97
5:00am            309          0          0         91       16.2      29.89       0.97
5:04am            309          0          0         91       16.1      29.89       0.97
5:09am            309          0          0         93       16.6      29.89       0.97
5:14am            303          0          1         93       17.1      29.89       0.97
5:20am            277          0          1         93       17.2      29.90       0.97
5:24am            283          0          1         92       17.0      29.90       0.97
5:29am            280          0          1         91       16.6      29.90       0.97
5:34am            276          0          1         91       16.2      29.90       0.97
5:39am            264          0          1         92       16.0      29.90       0.97
5:45am            264          0          1         92       16.2      29.90       0.97
5:50am            265          0          1         93       16.8      29.90       0.97
5:54am            278          0          1         93       17.1      29.90       0.97
6:00am            278          0          1         92       17.0      29.90       0.97
6:04am            278          0          0         91       16.5      29.91       0.97
6:09am            278          0          0         91       16.0      29.90       0.97
6:15am            278          0          0         91       15.6      29.90       0.97
6:20am            278          0          1         92       15.6      29.90       0.97
6:24am            278          0          1         92       15.7      29.91       0.97
6:29am            279          0          1         92       15.6      29.91       0.97
6:34am            279          0          0         92       15.5      29.91       0.97
6:40am            279          0          1         92       15.3      29.92       0.97
6:45am            299          1          1         92       15.3      29.92       0.97
6:50am            259          0          2         93       16.0      29.91       0.97
6:54am            265          0          2         95       17.5      29.91       0.97
7:00am            259          0          2         95       18.5      29.91       0.97
7:05am            259          0          0         92       18.3      29.92       0.97
7:10am            259          0          0         90       16.7      29.92       0.97
7:15am            259          0          0         91       16.2      29.91       0.97
7:19am            266          0          0         92       16.2      29.92       0.97
7:24am            231          0          1         92       16.2      29.92       0.97
7:30am            238          0          1         91       16.0      29.92       0.97
7:35am            269          0          0         91       15.4      29.92       0.97
7:39am            301          0          1         91       15.0      29.93       0.97
7:45am            301          0          1         92       15.0      29.93       0.97
7:50am            301          0          1         93       15.5      29.93       0.97
7:55am            301          0          1         94       16.3      29.93       0.97
8:00am            301          0          1         93       16.7      29.93       0.97
8:05am            301          0          0         93       16.9      29.92       0.97
8:10am            301          0          0         93       17.8      29.92       0.97
8:14am            299          0          0         93       18.5      29.93       0.97
8:19am            229          1          2         93       19.4      29.93       0.97
8:24am            257          0          2         93       20.0      29.92       0.97
8:30am            264          0          5         94       21.5      29.92       0.97
8:34am            287          3          6         91       22.7      29.92       0.97
8:40am            309          1          6         88       23.6      29.92       0.97
8:44am            277          3          6         86       24.2      29.92       0.97
8:49am            270          3          6         84       24.8      29.92       0.97
8:54am            283          3          7         82       25.3      29.93       0.97
9:00am            271          2          8         81       25.7      29.93       0.97
9:05am            261          4          8         81       26.0      29.93       0.97
9:10am            262          2          8         79       26.3      29.93       0.97
9:14am            259          3          8         79       26.6      29.93       0.97
9:20am            317          3          8         79       27.0      29.93       0.97
9:24am            268          3          8         78       27.1      29.93       0.97
9:29am            276          6          8         78       27.4      29.93       0.97
9:35am            255          4          8         77       27.6      29.92       0.97
9:40am            262          4          9         76       27.9      29.92       0.97
9:44am            288          4         10         76       28.0      29.92       0.97
9:50am            264          8         10         76       28.2      29.92       0.97
9:55am            280          3         12         76       28.4      29.92       0.97
10:00am           276          5         12         75       28.5      29.92       0.97
10:05am           260          3         11         74       28.9      29.92       0.97
10:10am           243          5         12         73       29.1      29.92       0.97
10:15am           264          2         12         73       29.4      29.92       0.97
10:20am           274          6         14         72       29.4      29.92       0.97
10:25am           273          8         15         72       29.7      29.92       0.97
10:30am           267          7         15         72       30.2      29.92       0.97
10:34am           255          5         16         70       30.2      29.92       0.97
10:39am           270          3         16         72       29.6      29.92       0.97
10:45am           281          3         16         74       28.9      29.92       0.97
10:49am           236          4         16         77       28.5      29.92       0.97
10:54am           265          6         16         78       28.3      29.92       0.97
11:00am           280          5         16         79       28.0      29.92       0.97
11:05am           242          2          9         80       27.8      29.92       0.97
11:10am           269          2         10         81       27.8      29.92       0.97
11:15am           253          7         13         81       27.7      29.92       0.97
11:20am           182          3         13         82       27.4      29.92       0.97
11:25am           285          4         13         82       27.4      29.92       0.97
11:30am           281          5         13         81       27.3      29.92       0.97
11:34am           280          4          9         81       27.6      29.92       0.97
11:40am           265          3          9         80       27.6      29.92       0.97
11:45am            25          3          9         81       27.6      29.92       0.97
11:50am           266          8         10         77       27.5      29.92       0.97
11:55am           354          3         14         74       27.4      29.91       0.97
12:00pm           143          0         14         73       27.9      29.91       0.97
12:05pm           242          3         11         70       28.2      29.91       0.97
12:10pm           259          6         11         68       28.3      29.91       0.97
12:15pm           293          7         15         66       28.2      29.90       0.97
12:20pm           273          3         15         65       28.3      29.90       0.97
12:25pm           270          7         19         64       28.2      29.91       0.97
12:30pm           292          9         19         66       28.1      29.90       0.97
12:35pm           346          5         15         65       28.1      29.90       0.97
12:40pm           288          5         15         64       28.3      29.90       0.97
12:45pm           274          1         15         65       28.5      29.90       0.97
12:50pm           302          8         15         63       28.4      29.90       0.97
12:55pm           241          2         15         65       28.2      29.90       0.97
1:00pm            285          2         15         65       28.3      29.90       0.97
1:05pm             84          2          9         65       28.2      29.90       0.97
1:10pm            264          2          9         66       28.0      29.90       0.97
1:15pm            279          5         12         64       27.9      29.90       0.97
1:20pm            200          1         12         61       27.8      29.90       0.97
1:25pm            238          7         17         57       28.0      29.90       0.97
1:30pm            150          4         17         56       28.2      29.90       0.97
1:35pm            271          7         14         54       28.2      29.90       0.97
1:40pm            218          3         16         53       28.0      29.90       0.97
1:45pm            269          6         16         54       28.0      29.90       0.97
1:50pm            287         11         16         53       27.9      29.91       0.97
1:55pm            229          4         16         53       28.0      29.90       0.97
2:00pm            271          9         16         51       28.0      29.90       0.97
2:05pm            247          4         13         51       28.1      29.91       0.97
2:10pm            224          0         13         52       28.6      29.91       0.97
2:15pm            255          8         13         50       28.8      29.91       0.97
2:20pm            246          0         13         51       28.5      29.91       0.97
2:25pm            271          6         13         52       28.5      29.91       0.97
2:30pm            130          0         13         53       28.4      29.91       0.97
2:35pm            144          0         10         53       28.3      29.91       0.97
2:40pm             74          1         10         54       28.1      29.91       0.97
2:45pm            140          0         10         55       28.0      29.92       0.97
2:50pm            193          0         10         54       28.0      29.92       0.97
2:55pm            272          2         10         54       27.9      29.92       0.97
3:00pm            283          2         10         54       28.7      29.92       0.97
3:05pm            319          4         11         52       29.3      29.92       0.97
3:10pm            336          1         11         52       29.7      29.92       0.97
3:15pm            285          1         11         50       29.9      29.92       0.97
3:20pm            307          3         11         49       30.1      29.92       0.97
3:25pm            250          5         11         50       29.6      29.92       0.97
3:30pm            270          2         12         50       28.9      29.93       0.97
3:35pm            321          0          8         51       28.6      29.93       0.97
3:40pm            331          2          8         52       28.5      29.93       0.97
3:45pm            250          1          8         53       28.2      29.93       0.97
3:50pm            262          5          8         53       28.2      29.93       0.97
3:55pm            244          7          8         54       28.4      29.93       0.97
3:59pm            263          0         11         54       28.5      29.94       0.97
4:05pm            310          6         11         53       28.5      29.94       0.97
4:10pm            278          7         11         54       28.0      29.94       0.97
4:15pm            276          8         14         56       27.5      29.95       0.97
4:20pm            283          2         14         58       27.1      29.95       0.97
4:25pm            273          7         14         58       26.8      29.95       0.97
4:30pm            224          3         14         60       26.3      29.95       0.97
4:35pm            299          2          6         61       26.0      29.95       0.97
4:40pm            307          2          7         62       25.7      29.96       0.97
4:45pm            274          1          7         64       25.4      29.96       0.97
4:50pm            283          3          7         66       25.0      29.96       0.97
4:55pm            279          5          8         66       24.7      29.96       0.97
5:00pm            257          1          8         68       24.5      29.96       0.97
5:05pm            291          2          6         69       24.3      29.96       0.97
5:10pm            257          3          6         70       24.1      29.97       0.97
5:15pm            283          3          6         71       23.8      29.97       0.97
5:20pm            264          3         10         72       23.6      29.97       0.97
5:25pm            263          1         10         73       23.4      29.97       0.97
5:30pm            243          0         10         73       23.2      29.97       0.97
5:35pm            232          1          4         74       23.0      29.98       0.97
5:40pm            255          0          4         74       22.9      29.98       0.97
5:45pm            249          1          4         75       22.8      29.98       0.97
5:50pm            236          0          4         76       22.8      29.98       0.97
5:55pm            237          3          5         76       22.9      29.98       0.97
6:00pm            229          0          5         76       22.8      29.98       0.97
6:05pm            274          1          6         76       22.6      29.98       0.97
6:10pm            285          3          6         77       22.5      29.98       0.97
6:15pm            273          3          6         77       22.4      29.98       0.97
6:20pm            266          4          6         78       22.3      29.98       0.97
6:25pm            286          2          7         79       22.3      29.98       0.97
6:30pm            269          0          7         79       22.0      29.98       0.97
6:35pm            264          0          1         80       21.7      29.98       0.97
6:40pm            238          0          1         81       21.4      29.98       0.97
6:45pm            264          1          2         81       21.2      29.98       0.97
6:50pm            259          0          2         81       21.0      29.99       0.97
6:55pm            271          0          2         82       20.7      29.99       0.97
7:00pm            275          0          2         82       20.5      29.99       0.97
7:05pm            269          0          1         83       20.3      29.99       0.97
7:10pm            265          0          1         84       20.2      29.99       0.97
7:15pm            266          0          1         84       20.0      29.99       0.97
7:20pm            266          0          1         84       19.8      29.99       0.97
7:25pm            268          0          1         85       19.6      29.99       0.97
7:30pm            268          0          1         85       19.4      29.99       0.97
7:35pm            274          0          0         85       19.1      29.99       0.97
7:40pm            277          0          1         86       18.9      29.99       0.97
7:45pm            277          0          1         86       18.9      29.99       0.97
7:50pm            259          0          1         86       18.7      29.99       0.97
7:55pm            259          0          1         86       18.5      29.99       0.97
8:00pm            259          0          1         87       18.3      29.99       0.97
8:05pm            259          0          0         87       18.1      29.99       0.97
8:10pm            255          0          0         86       17.7      29.99       0.97
8:15pm            255          0          0         86       17.1      30.00       0.97
8:20pm            255          0          0         87       16.7      30.00       0.97
8:25pm            255          0          0         88       16.6      30.00       0.97
8:30pm            255          0          0         89       16.6      30.00       0.97
8:35pm            255          0          1         90       17.0      30.00       0.97
8:40pm            275          1          1         90       17.4      30.00       0.97
8:45pm            269          1          1         89       17.7      30.00       0.97
8:50pm            265          1          1         89       17.6      30.00       0.97
8:55pm            242          0          1         89       17.7      30.00       0.97
9:00pm            226          0          1         89       17.7      30.00       0.97
9:05pm            238          0          2         89       17.6      30.00       0.97
9:10pm            240          0          2         89       17.6      30.00       0.97
9:15pm            236          0          2         89       17.8      30.00       0.97
9:20pm            224          0          4         89       18.1      30.01       0.97
9:25pm            262          0          4         88       18.5      30.01       0.97
9:30pm            283          1          4         87       18.9      30.01       0.97
9:35pm            248          0          5         86       19.4      30.01       0.97
9:40pm            276          1          5         85       19.9      30.02       0.97
9:45pm            260          4          8         86       20.3      30.01       0.97
9:50pm            261          2          8         87       20.7      30.02       0.97
9:55pm            250          1          8         86       21.0      30.02       0.97
10:00pm            51          3          9         85       21.2      30.02       0.97
10:05pm           238          4         10         85       21.3      30.02       0.97
10:10pm           221          4         10         84       21.3      30.02       0.97
10:15pm           276          5         10         84       21.3      30.02       0.97
10:20pm           250          2         10         83       21.4      30.02       0.97
10:25pm           245          3         10         83       21.4      30.02       0.97
10:30pm           254          5         10         83       21.5      30.02       0.97
10:35pm           274          4         11         82       21.5      30.02       0.97
10:40pm           285          6         12         82       21.6      30.02       0.97
10:45pm           270          5         12         82       21.7      30.02       0.97
10:50pm           274          3         12         82       21.7      30.02       0.97
10:55pm           290          2         12         82       21.6      30.02       0.97
11:00pm           293          2         12         83       21.6      30.02       0.97
11:05pm           248          2          6         83       21.5      30.02       0.97
11:10pm           276          3          8         83       21.5      30.02       0.97
11:15pm           272          5          8         83       21.5      30.02       0.97
11:20pm           276          2          8         82       21.5      30.02       0.97
11:25pm           272          4          8         82       21.3      30.02       0.97
11:30pm           240          2          8         82       21.2      30.02       0.97
11:35pm           257          4          6         81       21.1      30.02       0.97
11:40pm           264          4          7         80       21.0      30.02       0.97
11:45pm           269          5          8         80       20.9      30.02       0.97
11:50pm           274          5          9         78       20.8      30.02       0.97
11:55pm           281          3         10         77       20.9      30.02       0.97
