2/26/17
Time         Wind Dir   Wind Spd  Wind Gust   Humidity       Temp  Raw Barom   Tot Rain
                    °        mph        mph          %         °F         in         in
12:00am           198          2         13         91       36.5      29.44       2.20
12:04am           285          4          9         90       36.5      29.44       2.20
12:10am           201          1          9         90       36.4      29.44       2.20
12:14am           255          0          9         89       36.3      29.44       2.20
12:20am           275          2         11         89       36.2      29.44       2.20
12:25am           250          1         11         89       36.1      29.43       2.20
12:30am           230          1         11         89       35.9      29.44       2.20
12:34am           250          6          6         89       35.7      29.44       2.20
12:39am            76          4          6         89       35.7      29.44       2.20
12:45am           290          1         10         89       35.6      29.43       2.20
12:50am           271          1         10         89       35.4      29.43       2.20
12:55am           248          1         10         89       35.3      29.44       2.20
1:00am            265         10         10         89       35.3      29.45       2.20
1:05am            248          0         12         88       35.4      29.45       2.20
1:10am            153          0         12         88       35.2      29.44       2.20
1:15am            269          2         16         88       35.1      29.45       2.20
1:19am             26          1         16         87       35.0      29.46       2.20
1:25am            292          0         16         86       34.9      29.46       2.20
1:30am            254          1         16         86       34.9      29.46       2.20
1:35am            272          5         15         85       34.8      29.45       2.20
1:40am            269          5         15         85       34.7      29.46       2.20
1:45am            264          1         15         84       34.7      29.46       2.20
1:50am            263          7         15         83       34.8      29.46       2.20
1:54am            285          9         15         82       34.8      29.46       2.20
2:00am            257          5         15         82       34.7      29.46       2.20
2:05am            296         10         14         80       34.7      29.46       2.20
2:10am            280          3         14         80       34.7      29.46       2.20
2:15am            264          5         14         79       34.7      29.46       2.20
2:20am            276          2         14         78       34.7      29.47       2.20
2:25am            285          2         14         79       34.6      29.47       2.20
2:30am            220          3         14         79       34.5      29.47       2.20
2:35am            124          0          9         79       34.5      29.46       2.20
2:40am            255          0          9         79       34.3      29.46       2.20
2:45am            343          1         10         79       34.3      29.46       2.20
2:49am            262          5         10         79       34.2      29.46       2.20
2:55am            304          2         14         78       34.2      29.46       2.20
3:00am            134          0         14         78       34.1      29.46       2.20
3:04am            266          2          9         79       34.0      29.47       2.20
3:10am            205          2          9         79       33.9      29.47       2.20
3:15am            319          2          9         79       33.9      29.47       2.20
3:20am            291          7         16         78       33.9      29.48       2.20
3:25am            271          6         16         78       33.8      29.48       2.20
3:30am            347          2         16         78       33.8      29.48       2.20
3:35am            126          0          6         78       33.7      29.48       2.20
3:40am            243          3          7         79       33.7      29.49       2.20
3:45am            202          1         10         79       33.6      29.49       2.20
3:50am            261          2         10         78       33.5      29.50       2.20
3:55am            278          1         10         79       33.5      29.50       2.20
4:00am            156          1         11         78       33.4      29.50       2.20
4:05am            250          1          8         78       33.3      29.50       2.20
4:10am            290          4         10         77       33.3      29.50       2.20
4:15am            204          3         17         74       33.3      29.50       2.20
4:20am            264          7         17         73       33.2      29.51       2.20
4:25am            301          6         17         72       33.0      29.51       2.20
4:30am            127          3         21         70       32.8      29.51       2.20
4:35am            144          1         22         69       32.7      29.51       2.20
4:40am            276          8         22         70       32.5      29.52       2.20
4:45am            231          5         22         69       32.4      29.52       2.20
4:50am            274         11         22         68       32.4      29.52       2.20
4:55am            266          4         22         68       32.4      29.53       2.20
5:00am            275         13         22         68       32.3      29.53       2.20
5:05am            281          7         12         68       32.3      29.54       2.20
5:10am            256          4         14         68       32.2      29.54       2.20
5:15am            281          8         16         68       32.1      29.54       2.20
5:20am             60         12         27         68       32.1      29.54       2.20
5:25am            266          6         27         69       31.9      29.55       2.20
5:30am            245         11         27         69       31.7      29.55       2.20
5:35am            316         12         16         68       31.5      29.55       2.20
5:40am            270         13         21         66       31.3      29.55       2.20
5:45am            288         17         22         64       31.2      29.56       2.20
5:50am            223          4         22         63       31.1      29.56       2.20
5:55am            259          3         22         64       31.0      29.57       2.20
6:00am            237          3         22         65       30.9      29.57       2.20
6:05am            356          1         21         65       30.8      29.57       2.20
6:10am            262          8         21         64       30.6      29.57       2.20
6:15am            296          8         21         66       30.5      29.58       2.20
6:20am            278          8         21         64       30.4      29.58       2.20
6:25am            256          7         21         66       30.3      29.58       2.20
6:30am            262         14         21         65       30.2      29.58       2.20
6:35am            275          6         22         65       30.1      29.59       2.20
6:40am            293         13         22         65       30.0      29.59       2.20
6:45am            217          4         22         65       29.9      29.59       2.20
6:50am            269         12         22         63       29.8      29.59       2.20
6:55am            228          7         22         63       29.6      29.60       2.20
7:00am            222          6         23         63       29.4      29.60       2.20
7:05am            264          9         19         63       29.4      29.62       2.20
7:10am            273          3         19         64       29.4      29.62       2.20
7:15am            248          7         19         65       29.3      29.63       2.20
7:20am            287          6         19         64       29.4      29.63       2.20
7:25am            259          4         19         63       29.4      29.63       2.20
7:30am            249          9         27         62       29.3      29.62       2.20
7:35am            259         10         23         62       29.2      29.63       2.20
7:40am            283          8         23         62       29.2      29.64       2.20
7:45am            266          6         23         63       29.2      29.64       2.20
7:50am            249          3         23         63       29.3      29.65       2.20
7:55am            265          0         23         62       29.3      29.65       2.20
8:00am             75          4         23         63       29.2      29.65       2.20
8:05am            277         10         11         63       29.3      29.65       2.20
8:10am            322          3         16         63       29.2      29.66       2.20
8:15am            200          1         16         63       29.3      29.66       2.20
8:20am            229          3         16         61       29.7      29.66       2.20
8:25am            325          3         16         60       29.8      29.66       2.20
8:30am            252         10         16         60       29.7      29.67       2.20
8:35am            272         10         16         59       29.7      29.66       2.20
8:40am            285         10         16         59       29.7      29.67       2.20
8:45am            215          6         16         59       29.6      29.67       2.20
8:50am            103          2         21         60       29.6      29.68       2.20
8:55am            105          3         21         60       29.7      29.68       2.20
9:00am            264          7         21         60       29.8      29.69       2.20
9:05am            211          3         11         59       30.0      29.69       2.20
9:10am            271          3         19         58       30.0      29.69       2.20
9:15am            263         16         19         58       30.1      29.68       2.20
9:20am            275         11         22         58       30.4      29.69       2.20
9:25am            247          4         22         57       30.4      29.70       2.20
9:30am            258          3         22         58       30.5      29.70       2.20
9:35am            256          8         16         57       30.7      29.70       2.20
9:40am            268          4         16         58       30.9      29.71       2.20
9:45am            324          5         16         58       31.1      29.71       2.20
9:50am            279          1         16         57       31.2      29.71       2.20
9:55am            288          7         16         56       31.2      29.71       2.20
10:00am           250          4         17         56       31.5      29.72       2.20
10:05am           231         12         17         55       31.5      29.72       2.20
10:10am           271          6         17         54       31.7      29.72       2.20
10:15am           281          3         18         53       32.1      29.72       2.20
10:20am           264          3         18         53       32.0      29.73       2.20
10:25am           245         11         19         55       31.7      29.73       2.20
10:30am           270          7         19         54       31.5      29.74       2.20
10:35am           226          8         15         55       31.4      29.74       2.20
10:40am           242         15         15         55       31.3      29.74       2.20
10:45am           271         13         18         54       31.1      29.74       2.20
10:50am           260         19         21         55       31.1      29.73       2.20
10:55am           278          4         21         55       31.5      29.74       2.20
11:00am           167          3         21         53       32.2      29.75       2.20
11:05am           282          9         18         50       32.8      29.75       2.20
11:10am           250          9         20         51       32.5      29.74       2.20
11:15am           246         13         20         50       32.4      29.75       2.20
11:20am           274         14         21         51       32.8      29.74       2.20
11:25am           106          4         24         50       32.9      29.75       2.20
11:30am           233          7         24         50       33.1      29.75       2.20
11:35am           238          7         24         49       32.8      29.74       2.20
11:40am           278          8         24         49       32.9      29.74       2.20
11:45am           282         11         24         50       32.8      29.75       2.20
11:50am           260          6         24         49       32.9      29.75       2.20
11:55am           278          5         24         51       32.7      29.75       2.20
12:00pm           347          2         24         51       33.0      29.75       2.20
12:05pm           214          7         14         49       33.1      29.76       2.20
12:10pm           250          4         15         49       32.6      29.75       2.20
12:14pm           233          6         17         50       32.4      29.76       2.20
12:20pm           207          4         17         51       32.6      29.76       2.20
12:25pm           261          9         17         50       32.9      29.76       2.20
12:30pm           278          4         17         49       33.6      29.76       2.20
12:35pm           240          7         12         52       33.7      29.76       2.20
12:40pm           248         11         17         47       33.6      29.76       2.20
12:45pm           271          7         17         49       33.2      29.76       2.20
12:50pm           264          6         19         49       33.5      29.76       2.20
12:55pm           287          5         19         47       33.8      29.76       2.20
1:00pm            275          7         19         46       33.4      29.76       2.20
1:05pm            269          5         15         46       33.5      29.77       2.20
1:10pm            296          5         15         49       33.8      29.77       2.20
1:15pm            250          8         18         46       33.7      29.77       2.20
1:20pm            285         12         19         46       33.6      29.77       2.20
1:25pm            268         10         19         47       33.2      29.77       2.20
1:30pm            256          4         19         46       33.2      29.78       2.20
1:35pm            292          7         16         47       33.5      29.78       2.20
1:40pm            293          4         17         46       33.4      29.78       2.20
1:45pm            270          7         17         48       33.1      29.78       2.20
1:50pm            257          5         18         48       33.2      29.78       2.20
1:55pm            256          8         18         48       33.4      29.80       2.20
2:00pm             14          4         21         46       32.9      29.80       2.20
2:05pm            248          9         20         48       32.4      29.80       2.20
2:10pm            255          8         20         46       31.8      29.80       2.20
2:15pm            264         13         20         49       31.6      29.81       2.20
2:20pm            231          5         20         49       31.7      29.81       2.20
2:25pm            236         11         20         48       32.4      29.81       2.20
2:30pm            274          7         20         47       31.6      29.81       2.20
2:35pm            295         10         11         49       31.4      29.82       2.20
2:40pm            214          7         19         49       31.0      29.82       2.20
2:45pm            281          5         19         52       31.3      29.82       2.20
2:50pm            275          4         19         50       31.8      29.82       2.20
2:55pm            266         11         19         50       32.2      29.82       2.20
3:00pm            248          6         19         50       32.0      29.83       2.20
3:05pm            230          4         14         49       32.1      29.83       2.20
3:10pm            226          4         14         48       32.7      29.83       2.20
3:15pm            254          8         19         47       32.6      29.83       2.20
3:20pm            281          4         19         49       32.1      29.84       2.20
3:25pm            283          7         19         50       31.8      29.84       2.20
3:30pm            233          5         19         48       31.4      29.84       2.20
3:35pm            288         12         12         49       31.6      29.84       2.20
3:40pm            273         10         12         49       31.3      29.84       2.20
3:45pm            247          4         17         48       30.9      29.85       2.20
3:50pm            280          6         17         50       30.9      29.85       2.20
3:55pm            278          4         17         49       30.8      29.85       2.20
4:00pm            259          4         17         50       30.7      29.86       2.20
4:05pm             60          0         16         50       30.7      29.86       2.20
4:10pm            278          0         16         51       31.0      29.87       2.20
4:15pm            180          2         16         50       31.2      29.87       2.20
4:20pm            248          1         16         50       31.4      29.87       2.20
4:25pm            248          6         16         48       31.4      29.88       2.20
4:30pm            275          3         16         49       31.5      29.88       2.20
4:35pm             70          4         11         50       31.4      29.88       2.20
4:40pm            240          6         11         49       31.7      29.89       2.20
4:45pm            269          0         16         47       31.3      29.89       2.20
4:50pm            329          1         16         47       31.2      29.89       2.20
4:55pm            169          2         21         47       30.7      29.89       2.20
5:00pm            150          0         21         50       30.5      29.89       2.20
5:05pm            201          5         10         50       30.3      29.90       2.20
5:10pm            184          1         13         48       30.0      29.91       2.20
5:15pm             83          0         13         50       29.8      29.91       2.20
5:20pm            288         10         13         50       29.6      29.91       2.20
5:25pm            302          7         13         50       29.3      29.91       2.20
5:30pm            262          6         14         50       29.2      29.92       2.20
5:35pm            205          1         11         51       29.1      29.92       2.20
5:40pm            262          0         11         51       29.0      29.92       2.20
5:45pm            309          3         11         51       28.9      29.93       2.20
5:50pm            212          4         11         54       28.8      29.93       2.20
5:55pm            281          3         11         52       28.7      29.93       2.20
6:00pm            270          0         11         53       28.6      29.94       2.20
6:05pm            206          5          6         54       28.5      29.94       2.20
6:10pm            297          4          9         53       28.5      29.94       2.20
6:15pm            259          5          9         54       28.4      29.95       2.20
6:20pm            277          2          9         53       28.4      29.95       2.20
6:25pm            321          4          9         55       28.3      29.95       2.20
6:30pm            259          3         12         55       28.2      29.95       2.20
6:35pm            281          2          5         56       28.2      29.96       2.20
6:40pm            172          0          8         56       28.1      29.96       2.20
6:45pm            142          0          9         55       28.1      29.97       2.20
6:50pm            233          2          9         54       28.1      29.97       2.20
6:55pm            285          1          9         55       28.1      29.97       2.20
7:00pm            246          4          9         55       28.1      29.98       2.20
7:05pm            249          2          5         55       28.1      29.98       2.20
7:10pm            230          1          5         55       28.1      29.98       2.20
7:15pm            272          3          7         56       28.0      29.98       2.20
7:20pm            271          0          7         57       27.8      29.99       2.20
7:25pm            263          2          7         57       27.7      29.99       2.20
7:30pm            236          0          7         57       27.7      29.99       2.20
7:35pm            269          1          2         58       27.7      29.99       2.20
7:40pm            255          2          8         57       27.6      29.99       2.20
7:45pm            281          3          8         58       27.6      30.00       2.20
7:50pm            283          4          8         58       27.4      30.00       2.20
7:55pm            234          0          8         58       27.4      30.00       2.20
8:00pm            236          0          8         59       27.3      30.01       2.20
8:05pm            264          2          6         59       27.3      30.01       2.20
8:10pm            262          3          7         58       27.3      30.01       2.20
8:15pm            238          5          9         59       27.3      30.01       2.20
8:20pm            226          0         11         59       27.3      30.02       2.20
8:25pm            308          1         11         59       27.2      30.02       2.20
8:30pm            266          3         11         59       27.2      30.02       2.20
8:35pm            240          0          6         59       27.2      30.03       2.20
8:40pm            276          4          7         59       27.1      30.03       2.20
8:45pm            255          2          7         60       27.0      30.03       2.20
8:50pm            277          0          7         60       27.0      30.03       2.20
8:55pm            239          3          7         59       27.0      30.03       2.20
9:00pm            238          1          7         60       26.9      30.03       2.20
9:05pm            237          1          7         59       26.9      30.03       2.20
9:10pm            256          1          7         59       26.9      30.03       2.20
9:15pm            231          4          7         62       26.7      30.04       2.20
9:20pm            275          1          9         61       26.6      30.04       2.20
9:25pm            271          2          9         61       26.6      30.04       2.20
9:30pm            257          1          9         62       26.4      30.04       2.20
9:35pm            257          1          5         62       26.3      30.05       2.20
9:40pm            262          1          5         63       26.2      30.05       2.20
9:45pm            267          0          5         63       25.9      30.05       2.20
9:50pm            251          1          7         64       25.9      30.05       2.20
9:55pm            287          4          7         63       25.8      30.05       2.20
10:00pm           270          5          8         64       25.9      30.05       2.20
10:05pm           253          6          7         64       25.9      30.05       2.20
10:10pm           269          2          7         65       25.8      30.05       2.20
10:15pm           260          3          7         65       25.8      30.05       2.20
10:20pm           270          2          8         65       25.7      30.06       2.20
10:25pm           254          1          8         67       25.5      30.06       2.20
10:30pm           243          2          8         66       25.5      30.06       2.20
10:35pm           245          1          2         67       25.3      30.06       2.20
10:40pm           271          2          3         66       25.3      30.07       2.20
10:45pm           272          0          3         66       25.3      30.07       2.20
10:50pm           243          0          3         67       25.1      30.07       2.20
10:55pm           269          0          3         67       25.0      30.07       2.20
11:00pm           273          0          3         67       25.0      30.07       2.20
11:05pm           255          0          0         68       24.8      30.07       2.20
11:10pm           221          0          1         68       24.7      30.07       2.20
11:15pm           274          1          5         69       24.7      30.07       2.20
11:20pm           268          2          5         70       24.6      30.07       2.20
11:25pm           270          0          5         69       24.6      30.07       2.20
11:30pm           266          0          5         69       24.6      30.07       2.20
11:35pm           266          0          0         69       24.6      30.08       2.20
11:40pm           266          0          0         70       24.4      30.08       2.20
11:45pm           266          0          0         70       24.1      30.08       2.20
11:50pm           265          0          0         71       23.7      30.08       2.20
11:55pm           268          0          1         72       23.6      30.08       2.20
