3/2/17
Time         Wind Dir   Wind Spd  Wind Gust   Humidity       Temp  Raw Barom   Tot Rain
                    °        mph        mph          %         °F         in         in
12:00am           277          4         16         87       53.6      29.18       2.20
12:05am           299          3         15         87       53.6      29.17       2.20
12:10am           288          4         15         86       53.6      29.17       2.20
12:15am           276          3         15         86       53.6      29.17       2.20
12:20am           247          4         15         86       53.4      29.18       2.20
12:25am           272          4         15         86       53.6      29.17       2.20
12:30am           248          5         15         86       53.6      29.17       2.20
12:35am           275          6         12         85       53.7      29.19       2.20
12:40am           268          6         18         85       53.0      29.22       2.22
12:45am           274          4         18         86       51.4      29.23       2.23
12:50am           262          4         18         87       50.6      29.23       2.23
12:55am           255          9         18         88       50.0      29.24       2.23
1:00am            236          2         18         88       49.5      29.23       2.24
1:05am            229          5         13         89       49.1      29.23       2.24
1:10am            250          2         13         89       48.8      29.23       2.25
1:15am            259          1         13         90       48.4      29.23       2.25
1:20am            266          1         13         91       48.1      29.22       2.25
1:25am            272          0         13         92       48.0      29.21       2.25
1:30am            246          0         13         92       47.8      29.21       2.25
1:35am            276          1          2         93       47.5      29.21       2.25
1:40am            281          2          3         93       47.6      29.20       2.25
1:45am            275          0          3         92       47.4      29.20       2.25
1:50am            266          1          3         93       47.1      29.20       2.25
1:55am            278          1          3         93       47.1      29.20       2.25
2:00am            257          0          3         93       46.9      29.19       2.25
2:05am            269          0          1         93       46.6      29.19       2.25
2:10am            238          0          1         93       46.2      29.19       2.25
2:15am            238          0          1         94       45.9      29.18       2.25
2:20am            238          0          1         94       45.7      29.18       2.25
2:25am            238          0          1         95       45.6      29.18       2.25
2:30am            274          1          1         94       45.4      29.18       2.25
2:35am            246          0          1         94       45.2      29.19       2.25
2:40am            243          1          8         95       44.9      29.18       2.25
2:45am            280          5          9         95       45.2      29.19       2.25
2:50am            264          2          9         95       45.7      29.18       2.25
2:55am            289          2          9         94       45.9      29.19       2.25
3:00am            262          1          9         93       46.0      29.19       2.25
3:05am            247          1          2         93       45.9      29.19       2.25
3:10am            224          5          9         91       45.7      29.19       2.26
3:15am            227          1         11         89       45.7      29.20       2.26
3:20am            246         11         19         85       45.5      29.20       2.26
3:25am            268          3         19         82       45.1      29.20       2.26
3:29am            252          5         19         81       44.7      29.20       2.26
3:35am            263          6         19         79       44.6      29.21       2.26
3:39am            272          4         19         79       44.5      29.22       2.26
3:45am            210          4         19         80       44.3      29.22       2.26
3:50am            243          3         19         79       44.0      29.23       2.26
3:55am            256          4         19         78       43.7      29.23       2.26
4:00am            266          5         19         77       43.5      29.22       2.26
4:05am            262          3         13         77       43.2      29.22       2.26
4:10am            245          4         13         77       42.9      29.23       2.26
4:15am            237          1         13         78       42.5      29.23       2.26
4:19am            297          3         13         78       42.1      29.23       2.26
4:25am            245          4         14         75       41.9      29.22       2.26
4:30am            333          7         16         71       42.0      29.23       2.26
4:34am            287          5         17         70       42.1      29.23       2.26
4:40am            236          8         17         70       41.9      29.23       2.26
4:45am            243          4         17         68       41.8      29.24       2.26
4:50am            274          7         17         66       41.6      29.24       2.26
4:54am            267          2         17         66       41.5      29.23       2.26
4:59am            257          9         22         66       41.3      29.24       2.26
5:05am            305          8         18         66       41.1      29.23       2.26
5:09am            272         14         18         67       41.0      29.24       2.26
5:15am            271          4         19         66       40.9      29.23       2.26
5:20am            263          4         20         64       40.6      29.23       2.26
5:25am            277          2         20         64       40.4      29.23       2.26
5:30am            294         12         20         63       40.1      29.23       2.26
5:35am            276         12         18         62       40.0      29.23       2.26
5:40am            200          3         18         62       39.9      29.23       2.26
5:44am            275         14         18         62       39.7      29.23       2.26
5:50am            137          5         19         62       39.6      29.23       2.26
5:55am            266          4         19         60       39.6      29.22       2.26
6:00am            238          6         22         60       39.5      29.22       2.26
6:05am            245         10         19         60       39.5      29.22       2.26
6:09am            215          3         19         60       39.4      29.22       2.26
6:15am            254         13         19         59       39.3      29.22       2.26
6:20am            252          2         19         60       39.1      29.21       2.26
6:24am            221          5         19         60       39.0      29.21       2.26
6:29am            269         12         19         60       38.9      29.20       2.26
6:35am            276          6         12         60       38.7      29.20       2.26
6:39am            221          5         13         61       38.5      29.21       2.26
6:45am            278          6         13         62       38.3      29.21       2.26
6:50am            279          6         14         61       38.4      29.21       2.26
6:54am            284          6         14         61       38.5      29.21       2.26
7:00am            332          4         15         62       38.6      29.21       2.26
7:04am            264          6         12         61       38.7      29.21       2.26
7:10am            238          5         13         60       39.0      29.21       2.26
7:14am            210          6         13         61       39.3      29.21       2.26
7:19am            270          8         19         60       39.4      29.21       2.26
7:25am            275          4         20         60       39.3      29.22       2.26
7:29am             61          4         21         59       38.9      29.22       2.26
7:34am            240         12         21         60       38.3      29.22       2.26
7:39am            283          9         21         60       37.8      29.23       2.26
7:45am            267          6         21         61       37.3      29.24       2.26
7:50am            307         15         21         61       36.9      29.24       2.26
7:54am            263          7         21         63       36.5      29.25       2.26
8:00am            238         10         21         64       36.3      29.25       2.26
8:04am            267         17         18         64       36.2      29.25       2.26
8:09am            249         10         18         62       36.0      29.26       2.26
8:15am            237          6         18         63       35.7      29.27       2.26
8:19am            289         17         23         60       35.4      29.27       2.26
8:25am            259         14         23         59       35.4      29.28       2.26
8:29am            281          7         23         58       35.1      29.28       2.26
8:34am            260          9         18         58       34.8      29.28       2.26
8:39am            238         17         20         57       34.3      29.28       2.26
8:44am            152         17         23         56       34.1      29.29       2.26
8:50am            272         13         25         53       34.1      29.29       2.26
8:55am            276         20         31         53       33.7      29.30       2.26
9:00am            280         15         31         55       33.1      29.29       2.26
9:04am            269         17         23         56       32.8      29.31       2.26
9:10am            247          3         23         59       32.4      29.32       2.26
9:14am            263         14         31         59       31.5      29.32       2.26
9:20am            230         18         31         55       30.8      29.32       2.26
9:25am            261         14         31         54       30.4      29.32       2.26
9:30am            238          8         31         54       30.6      29.33       2.26
9:35am            290         21         27         53       29.9      29.33       2.26
9:39am            274         17         28         53       29.9      29.33       2.26
9:44am            281         30         34         54       29.5      29.32       2.26
9:50am            271         17         42         52       29.1      29.33       2.26
9:55am            262         29         42         52       29.2      29.33       2.26
10:00am           266         20         42         50       28.8      29.34       2.26
10:04am           272         13         28         52       28.5      29.33       2.26
10:09am           233         17         29         51       28.3      29.34       2.26
10:14am           300         21         31         50       28.6      29.35       2.26
10:20am           266         11         36         49       28.8      29.35       2.26
10:25am           264         21         36         50       28.9      29.35       2.26
10:30am           272         10         36         48       28.2      29.36       2.26
10:35am           299          5         22         51       28.2      29.38       2.26
10:40am           206          6         22         51       28.3      29.40       2.26
10:45am           283          8         22         51       28.1      29.39       2.26
10:49am           228          9         22         52       28.3      29.39       2.26
10:54am           263          7         22         51       28.5      29.40       2.26
11:00am           231         13         22         53       28.3      29.40       2.26
11:04am           283         17         26         50       28.0      29.40       2.26
11:09am           272          9         27         53       27.7      29.40       2.26
11:15am           224         14         27         52       27.7      29.41       2.26
11:20am           229          7         27         52       27.8      29.42       2.26
11:24am           237         19         27         53       28.0      29.41       2.26
11:29am           271         12         27         53       28.0      29.41       2.26
11:35am           283         17         26         53       27.9      29.41       2.26
11:40am           240         11         26         56       27.7      29.42       2.26
11:45am           233          9         26         56       27.9      29.42       2.26
11:49am           299          9         26         55       28.2      29.42       2.26
11:55am           237          1         26         54       28.1      29.42       2.26
12:00pm           233         11         26         54       28.1      29.42       2.26
12:04pm           209          7         22         54       28.2      29.42       2.26
12:09pm           276         10         24         56       28.0      29.42       2.26
12:14pm            15          6         27         55       28.2      29.42       2.26
12:19pm           258         11         27         54       28.7      29.42       2.26
12:25pm           252         17         27         55       29.1      29.43       2.26
12:30pm           169         13         27         51       29.4      29.42       2.26
12:35pm           286         13         23         50       28.9      29.43       2.26
12:40pm           292          8         35         52       28.4      29.44       2.26
12:45pm           204          7         35         50       28.8      29.44       2.26
12:49pm            65          2         35         51       29.6      29.45       2.26
12:55pm           308          4         35         48       29.4      29.46       2.26
1:00pm            259          7         35         49       29.3      29.47       2.26
1:04pm            328          3         17         49       29.4      29.47       2.26
1:10pm            288         11         23         48       28.4      29.47       2.26
1:14pm            245          5         23         51       28.0      29.47       2.26
1:19pm            302          7         23         49       28.5      29.47       2.26
1:24pm            281          3         23         49       28.5      29.47       2.26
1:30pm            305          4         23         49       28.5      29.48       2.26
1:35pm            300          3         21         50       28.2      29.48       2.26
1:40pm            233         11         26         49       28.2      29.48       2.26
1:45pm             18          7         26         50       28.6      29.48       2.26
1:50pm            360         21         26         48       28.6      29.49       2.26
1:55pm            258          7         26         50       28.2      29.48       2.26
2:00pm            266          8         26         51       28.0      29.50       2.26
2:05pm            244         10         27         51       27.8      29.50       2.26
2:10pm            221         10         27         51       28.1      29.50       2.26
2:15pm            285         16         27         50       28.5      29.51       2.26
2:20pm            276          9         27         50       29.2      29.52       2.26
2:24pm            263         10         27         50       29.4      29.52       2.26
2:30pm            268          7         27         49       29.1      29.52       2.26
2:34pm            301         10         22         50       29.3      29.53       2.26
2:40pm            284          1         22         50       29.7      29.54       2.26
2:44pm            261         11         22         48       30.0      29.53       2.26
2:50pm            170          9         22         49       30.2      29.54       2.26
2:55pm            262         15         22         49       30.1      29.54       2.26
3:00pm            275         22         22         49       30.0      29.54       2.26
3:05pm            256          9         24         49       30.4      29.54       2.26
3:10pm            250         12         24         48       30.7      29.55       2.26
3:14pm            265          6         24         48       30.9      29.56       2.26
3:20pm            309          5         24         48       31.0      29.56       2.26
3:25pm            230          5         24         48       30.9      29.57       2.26
3:30pm            283          4         27         49       30.9      29.57       2.26
3:34pm            268          3         17         49       30.7      29.58       2.26
3:40pm            283          4         17         49       31.0      29.58       2.26
3:45pm            268         10         17         49       30.9      29.59       2.26
3:50pm            253         11         18         49       30.7      29.59       2.26
3:55pm            272          9         19         49       30.6      29.60       2.26
4:00pm            295          7         19         49       30.6      29.59       2.26
4:05pm            271          6         24         49       30.5      29.60       2.26
4:10pm            243          3         24         49       30.8      29.61       2.26
4:15pm            159          3         24         49       30.9      29.61       2.26
4:20pm            254          6         24         48       30.9      29.62       2.26
4:25pm            266          5         24         48       31.0      29.62       2.26
4:30pm            262         12         24         47       30.9      29.62       2.26
4:35pm            271          6         18         47       30.6      29.63       2.26
4:40pm            111          4         22         46       30.3      29.63       2.26
4:45pm            229          3         22         48       30.3      29.64       2.26
4:50pm            269          4         22         45       30.1      29.64       2.26
4:55pm            250          5         22         45       30.1      29.65       2.26
5:00pm            263          3         22         45       30.1      29.65       2.26
5:05pm            247         11         14         43       29.9      29.65       2.26
5:10pm            290          6         14         44       29.6      29.66       2.26
5:15pm            245          5         16         43       29.3      29.66       2.26
5:20pm            282         10         16         43       29.1      29.67       2.26
5:25pm            321          4         16         42       28.9      29.67       2.26
5:30pm            243          3         16         41       28.6      29.68       2.26
5:35pm            262         10         13         40       28.5      29.68       2.26
5:40pm            297          3         14         39       28.2      29.69       2.26
5:45pm            306          7         14         38       28.1      29.69       2.26
5:50pm            293          2         14         39       27.9      29.70       2.26
5:55pm            283          4         15         38       27.8      29.70       2.26
6:00pm            271          8         18         38       27.6      29.71       2.26
6:05pm            195          1         15         38       27.5      29.72       2.26
6:10pm            288          2         15         39       27.4      29.72       2.26
6:15pm            271          4         15         38       27.3      29.73       2.26
6:20pm            207          0         15         40       27.1      29.73       2.26
6:25pm            262          4         15         38       27.0      29.73       2.26
6:30pm            242          2         15         39       26.9      29.74       2.26
6:35pm            268          6         12         40       26.8      29.74       2.26
6:40pm            297          8         12         40       26.8      29.74       2.26
6:45pm            257          5         13         38       26.7      29.75       2.26
6:50pm            266          9         14         39       26.7      29.75       2.26
6:55pm            247          2         14         39       26.6      29.76       2.26
7:00pm            295          4         14         39       26.6      29.76       2.26
7:05pm            274          8         15         39       26.5      29.77       2.26
7:10pm            276          3         15         40       26.4      29.77       2.26
7:15pm            249          5         15         40       26.3      29.77       2.26
7:20pm            274          3         15         39       26.2      29.77       2.26
7:25pm            221          2         15         40       26.1      29.78       2.26
7:30pm            262          3         15         41       26.0      29.78       2.26
7:35pm            267          1          7         42       25.8      29.79       2.26
7:40pm            265          0          7         42       25.7      29.79       2.26
7:45pm            274          4          7         41       25.6      29.79       2.26
7:50pm            321          4          9         42       25.5      29.79       2.26
7:55pm            264         10         10         42       25.4      29.80       2.26
8:00pm            240          3         10         41       25.4      29.80       2.26
8:05pm            218          0         11         41       25.4      29.80       2.26
8:10pm            285          0         11         43       25.3      29.81       2.26
8:15pm            251          4         11         42       25.1      29.81       2.26
8:20pm            350          1         11         42       25.1      29.82       2.26
8:25pm            167          1         11         43       25.1      29.82       2.26
8:30pm            226          2         11         43       25.0      29.82       2.26
8:35pm            285          3          7         44       24.8      29.83       2.26
8:40pm            264          3          9         44       24.7      29.83       2.26
8:45pm            232          6          9         45       24.6      29.83       2.26
8:50pm            233          3          9         44       24.6      29.83       2.26
8:54pm            265          4          9         46       24.5      29.84       2.26
9:00pm            295          3         11         45       24.4      29.84       2.26
9:05pm            309          3         14         45       24.4      29.84       2.26
9:10pm            271          3         14         46       24.4      29.84       2.26
9:15pm            261          3         14         45       24.3      29.84       2.26
9:20pm            266          3         14         46       24.1      29.84       2.26
9:25pm            279          5         14         45       24.1      29.85       2.26
9:30pm            255          1         14         47       24.0      29.85       2.26
9:35pm            257          7          8         45       23.8      29.85       2.26
9:40pm            296          2          8         45       23.8      29.85       2.26
9:45pm             56          4         16         45       23.8      29.86       2.26
9:50pm            261          2         16         46       23.6      29.86       2.26
9:55pm            266          0         16         46       23.6      29.86       2.26
10:00pm           274          0         16         46       23.5      29.86       2.26
10:05pm            13          1         11         46       23.5      29.87       2.26
10:10pm           256          0         11         47       23.3      29.87       2.26
10:15pm           253          1         11         47       23.2      29.87       2.26
10:20pm           236          8         12         47       23.1      29.87       2.26
10:25pm           271          2         12         48       23.1      29.88       2.26
10:30pm           264          1         12         49       22.9      29.88       2.26
10:35pm           268          0          3         49       22.7      29.88       2.26
10:40pm           259          2          5         49       22.5      29.88       2.26
10:45pm            56          8         10         49       22.5      29.88       2.26
10:50pm           224          0         10         49       22.3      29.88       2.26
10:55pm           252          1         10         49       22.2      29.89       2.26
11:00pm           246          3         10         49       22.1      29.89       2.26
11:05pm           297          3         10         50       22.0      29.89       2.26
11:10pm           287          1         10         50       22.0      29.89       2.26
11:15pm           188          0         10         50       21.8      29.90       2.26
11:20pm           295          5         10         50       21.7      29.89       2.26
11:25pm           286          1         10         50       21.6      29.90       2.26
11:30pm           252          0         10         51       21.5      29.90       2.26
11:35pm           257          2          6         52       21.4      29.90       2.26
11:40pm           260          5          6         52       21.3      29.90       2.26
11:45pm           262          5          8         53       21.2      29.90       2.26
11:50pm           244          0          9         53       21.1      29.90       2.26
11:55pm           269          0          9         54       21.0      29.91       2.26
