3/16/17
Time         Wind Dir   Wind Spd  Wind Gust   Humidity       Temp  Raw Barom   Tot Rain
                    °        mph        mph          %         °F         in         in
12:00am           267          4         13         79       14.6      29.56       2.37
12:05am           286          3          7         79       14.5      29.56       2.37
12:10am           281          4          7         79       14.6      29.56       2.37
12:15am           272          5          7         79       14.6      29.56       2.37
12:20am           249          4          7         79       14.5      29.56       2.37
12:25am           267          4          7         79       14.5      29.56       2.37
12:30am           278          3          7         80       14.5      29.56       2.37
12:35am           264          3          6         80       14.3      29.56       2.37
12:40am           269          2          9         80       14.2      29.56       2.37
12:45am           219          3          9         81       14.1      29.56       2.37
12:49am           260          3          9         80       14.1      29.56       2.37
12:55am           276          5          9         80       14.1      29.57       2.37
1:00am            284          6          9         80       14.1      29.57       2.37
1:05am            274          7          9         80       14.2      29.57       2.37
1:10am            278          6          9         80       14.3      29.58       2.37
1:15am            277          4          9         80       14.3      29.58       2.37
1:20am            265          1          9         80       14.4      29.58       2.37
1:24am            272          5          9         80       14.3      29.58       2.37
1:30am            269          5          9         80       14.3      29.58       2.37
1:35am            278          7          8         79       14.5      29.59       2.37
1:39am            262          4          8         79       14.5      29.59       2.37
1:44am            283          2          8         79       14.7      29.59       2.37
1:49am            248          3          8         79       14.7      29.59       2.37
1:54am            283          0          8         79       14.8      29.59       2.37
2:00am            288          4          9         79       14.8      29.59       2.37
2:04am            290          3          9         79       14.8      29.59       2.37
2:10am            293          1          9         79       14.8      29.59       2.37
2:14am            255          3          9         79       14.7      29.59       2.37
2:20am            255          6          9         79       14.7      29.59       2.37
2:25am            274          3          9         79       14.8      29.59       2.37
2:29am            249          1         11         79       14.9      29.60       2.37
2:35am            321          3          9         80       14.8      29.60       2.37
2:39am            270          5          9         80       14.7      29.60       2.37
2:44am            250          2          9         81       14.4      29.60       2.37
2:50am            293          2         10         82       14.3      29.60       2.37
2:54am            288          3         10         82       14.1      29.60       2.37
3:00am            278          3         10         82       14.0      29.60       2.37
3:05am            257          4          6         82       13.9      29.60       2.37
3:09am            269          2         11         82       14.0      29.60       2.37
3:14am            253          4         11         82       14.0      29.60       2.37
3:20am            243          2         11         82       14.1      29.60       2.37
3:25am            213          3         11         82       14.1      29.60       2.37
3:30am            250          1         11         82       14.0      29.60       2.37
3:34am            266          2          7         82       13.9      29.60       2.37
3:39am            269          4         10         82       13.9      29.60       2.37
3:44am            256          4         10         83       13.9      29.60       2.37
3:50am            273          4         10         83       13.8      29.60       2.37
3:54am            253          2         10         83       13.8      29.60       2.37
4:00am            279          4         10         82       14.0      29.61       2.37
4:05am            256          1         10         80       14.4      29.61       2.37
4:09am            278          4         10         79       14.5      29.61       2.37
4:14am            259          8         10         78       14.6      29.61       2.37
4:20am            157          4         10         76       14.7      29.62       2.37
4:25am            264          1         10         74       14.9      29.62       2.37
4:29am            312          0         11         73       15.1      29.63       2.37
4:34am            259          6         10         72       15.0      29.63       2.37
4:40am            272          8         14         72       15.1      29.63       2.37
4:45am            259          0         14         71       15.1      29.64       2.37
4:50am            226          2         14         71       14.9      29.64       2.37
4:55am            279          1         14         70       14.8      29.64       2.37
5:00am            270          1         14         70       14.6      29.64       2.37
5:04am            242          2          7         70       14.5      29.64       2.37
5:09am             44          0          7         69       14.4      29.65       2.37
5:15am            283          1          7         69       14.3      29.65       2.37
5:20am            312          1          9         69       14.3      29.65       2.37
5:24am            287          0          9         68       14.3      29.65       2.37
5:30am            259          0         11         68       14.3      29.66       2.37
5:34am            274          6         12         68       14.1      29.66       2.37
5:40am            281          9         17         68       14.2      29.65       2.37
5:44am            300          5         17         68       14.2      29.65       2.37
5:50am            236          3         17         68       14.1      29.66       2.37
5:55am            338          2         17         68       14.1      29.66       2.37
6:00am            269          6         17         67       14.1      29.66       2.37
6:04am            272          4         11         67       14.1      29.66       2.37
6:10am            265          6         15         68       14.0      29.66       2.37
6:15am            246          5         15         68       13.9      29.66       2.37
6:20am            274          5         15         68       13.9      29.66       2.37
6:25am            293          7         15         68       13.7      29.66       2.37
6:30am            237          3         15         69       13.6      29.67       2.37
6:34am            257          2          9         70       13.4      29.67       2.37
6:39am            238          6          9         71       13.2      29.67       2.37
6:45am            270          5         15         71       13.1      29.68       2.37
6:50am            258          5         15         71       13.2      29.67       2.37
6:55am            242          6         15         72       13.0      29.67       2.37
7:00am            285          7         15         72       13.0      29.68       2.37
7:05am            249          3         10         72       12.9      29.68       2.37
7:10am            275          5         11         72       12.8      29.68       2.37
7:15am            297          6         14         72       12.9      29.68       2.37
7:20am            290         11         14         72       13.0      29.68       2.37
7:24am            257          4         20         71       13.2      29.69       2.37
7:30am            286          6         20         71       13.3      29.69       2.37
7:35am            295          4         13         70       13.4      29.69       2.37
7:40am            204          2         13         70       13.4      29.69       2.37
7:44am            271          3         17         70       13.6      29.69       2.37
7:50am            249          6         17         69       13.9      29.69       2.37
7:55am            278          3         17         68       14.3      29.69       2.37
8:00am            317         10         17         68       14.5      29.69       2.37
8:05am             30          0         11         68       14.8      29.69       2.37
8:10am            300          3         11         67       15.0      29.70       2.37
8:15am            328         13         17         67       15.2      29.69       2.37
8:20am            252          9         17         66       15.4      29.70       2.37
8:25am            289          6         17         66       15.6      29.70       2.37
8:30am            249         13         17         66       15.6      29.70       2.37
8:35am            108          1         18         66       15.2      29.71       2.37
8:40am            271         10         18         67       15.3      29.71       2.37
8:45am            316          1         18         66       15.4      29.71       2.37
8:50am            290          1         18         67       15.3      29.72       2.37
8:55am            265          3         18         68       15.0      29.71       2.37
9:00am            282          5         18         69       15.2      29.71       2.37
9:05am            270          6         12         70       15.1      29.71       2.37
9:10am            271          8         14         71       15.5      29.72       2.37
9:15am            248          8         14         70       15.7      29.72       2.37
9:20am            304         11         19         68       15.9      29.72       2.37
9:25am            255          4         19         67       16.2      29.72       2.37
9:30am            256          5         19         67       16.8      29.73       2.37
9:35am            213          8         14         67       16.5      29.72       2.37
9:40am            226          2         14         67       16.3      29.72       2.37
9:45am            262          2         14         68       16.6      29.72       2.37
9:50am            225          5         14         67       16.9      29.73       2.37
9:55am            172          5         14         66       17.8      29.72       2.37
10:00am           246          4         19         65       17.9      29.73       2.37
10:05am           261          8         16         63       17.4      29.72       2.37
10:10am           239          4         16         64       17.1      29.73       2.37
10:15am           267          2         16         65       17.0      29.73       2.37
10:20am           295         10         16         64       17.7      29.73       2.37
10:25am           224          6         16         64       17.9      29.73       2.37
10:30am           306          2         16         62       17.9      29.73       2.37
10:35am           256         10         12         62       18.8      29.73       2.37
10:40am           151          2         17         62       18.4      29.73       2.37
10:45am           182          4         17         64       18.5      29.73       2.37
10:50am           247          6         17         62       18.7      29.73       2.37
10:55am           244          3         17         63       19.0      29.73       2.37
11:00am           266          7         17         62       18.8      29.73       2.37
11:05am           272          3         13         64       18.6      29.73       2.37
11:10am           283         11         14         62       18.5      29.73       2.37
11:15am           275          6         14         62       18.6      29.72       2.37
11:20am           241          6         16         62       18.5      29.72       2.37
11:25am           267          8         16         62       18.5      29.72       2.37
11:30am           273         11         17         61       18.6      29.72       2.37
11:35am           284          6         14         62       19.6      29.72       2.37
11:40am           317          2         18         59       20.6      29.73       2.37
11:45am           252          3         18         58       21.7      29.73       2.37
11:50am           292          6         18         57       22.4      29.73       2.37
11:55am           255          8         18         56       22.6      29.73       2.37
12:00pm           250          2         18         56       22.9      29.73       2.37
12:05pm           220          2         13         55       23.2      29.73       2.37
12:10pm           245          3         13         53       23.7      29.73       2.37
12:15pm           311         14         14         54       23.0      29.73       2.37
12:20pm           264          6         14         55       23.1      29.73       2.37
12:25pm           243          2         14         54       23.3      29.73       2.37
12:29pm           269          5         14         55       23.5      29.74       2.37
12:35pm           175          2          8         54       23.9      29.73       2.37
12:40pm           258          2         12         53       23.9      29.74       2.37
12:45pm           221          1         15         54       24.2      29.74       2.37
12:50pm           248          1         15         52       24.6      29.74       2.37
12:55pm           293          2         16         52       24.4      29.74       2.37
1:00pm            153          3         16         52       24.3      29.74       2.37
1:05pm            143          1         13         52       24.4      29.74       2.37
1:10pm            276          7         15         52       24.6      29.74       2.37
1:15pm            281         10         15         52       24.6      29.74       2.37
1:20pm            235          4         15         53       24.8      29.74       2.37
1:25pm            250          0         15         53       25.5      29.74       2.37
1:30pm            163          5         15         50       26.3      29.74       2.37
1:35pm            269          6         15         50       25.6      29.74       2.37
1:40pm            276         13         16         50       25.3      29.74       2.37
1:45pm            260          2         16         50       25.5      29.74       2.37
1:50pm            231          3         16         50       25.7      29.74       2.37
1:55pm            230          4         16         49       25.9      29.74       2.37
2:00pm            285          6         16         51       26.5      29.74       2.37
2:05pm            138          1         15         48       26.2      29.74       2.37
2:10pm            131          4         18         49       25.6      29.74       2.37
2:15pm            147          1         18         50       25.7      29.74       2.37
2:20pm             40          4         18         48       26.3      29.74       2.37
2:25pm            263          1         18         48       26.5      29.74       2.37
2:30pm            150          4         18         46       27.2      29.74       2.37
2:35pm            260          6         12         48       27.7      29.74       2.37
2:40pm            300          4         18         47       27.5      29.74       2.37
2:45pm            282         12         18         48       27.3      29.74       2.37
2:50pm            272          5         18         47       27.6      29.74       2.37
2:55pm            222          7         20         44       27.3      29.74       2.37
3:00pm            255          9         20         46       27.1      29.74       2.37
3:05pm            272         10         20         45       26.9      29.74       2.37
3:10pm            263          8         20         46       27.7      29.74       2.37
3:15pm            122          2         20         46       27.8      29.75       2.37
3:20pm            268          7         20         43       27.7      29.75       2.37
3:25pm            193          5         20         43       28.0      29.75       2.37
3:30pm            269         18         20         43       28.1      29.74       2.37
3:35pm            276          6         19         43       27.7      29.75       2.37
3:40pm            271          1         19         43       28.1      29.75       2.37
3:45pm            230          6         19         41       28.3      29.75       2.37
3:50pm            274          8         19         42       28.0      29.75       2.37
3:55pm            262          8         19         43       27.9      29.75       2.37
4:00pm            273          1         24         42       27.8      29.75       2.37
4:05pm            266          6         12         41       28.5      29.75       2.37
4:10pm            218          1         16         41       28.5      29.75       2.37
4:15pm            253         11         16         40       28.4      29.75       2.37
4:20pm            217          3         16         41       28.6      29.75       2.37
4:25pm            281         12         16         40       29.0      29.75       2.37
4:30pm            274          8         17         40       28.6      29.75       2.37
4:35pm            265          6         16         40       28.4      29.75       2.37
4:40pm            273          8         18         41       28.4      29.75       2.37
4:45pm            266          1         18         40       29.1      29.75       2.37
4:50pm            263         11         18         40       29.0      29.75       2.37
4:55pm            251         13         18         40       28.7      29.75       2.37
5:00pm            345          4         18         39       28.5      29.75       2.37
5:05pm            269         10         15         39       28.9      29.76       2.37
5:10pm            297          2         16         39       28.8      29.76       2.37
5:15pm            274         16         16         39       28.9      29.76       2.37
5:20pm            310          4         17         40       28.8      29.76       2.37
5:25pm            163          3         17         40       28.6      29.76       2.37
5:30pm            251          0         17         40       28.6      29.76       2.37
5:35pm            285          4         13         39       28.6      29.77       2.37
5:40pm            259          9         17         40       28.5      29.76       2.37
5:45pm            251          7         17         40       28.4      29.77       2.37
5:50pm            225          3         17         40       28.5      29.77       2.37
5:55pm            281          8         17         40       28.5      29.77       2.37
6:00pm            290         12         17         41       28.3      29.78       2.37
6:05pm            256          4         15         42       28.0      29.78       2.37
6:10pm            283         12         15         43       27.8      29.78       2.37
6:15pm            267          9         17         43       27.7      29.79       2.37
6:20pm            300          8         17         43       27.7      29.79       2.37
6:25pm            266          5         17         43       27.6      29.80       2.37
6:30pm            264          4         17         44       27.5      29.80       2.37
6:35pm            339          1          6         45       27.2      29.81       2.37
6:40pm            221          5          8         45       26.9      29.81       2.37
6:45pm             77          2         11         45       26.5      29.81       2.37
6:50pm            257          0         11         46       26.0      29.82       2.37
6:55pm             66          3         11         47       25.8      29.82       2.37
7:00pm            270          1         11         46       25.7      29.82       2.37
7:05pm             26          2          4         47       25.4      29.83       2.37
7:10pm            262          0          4         48       25.3      29.83       2.37
7:15pm            261          2          9         48       25.2      29.84       2.37
7:20pm            262          2          9         49       25.0      29.84       2.37
7:25pm            254          1         10         48       25.0      29.84       2.37
7:30pm            205          0         12         49       24.8      29.85       2.37
7:35pm            283          1          4         49       24.8      29.85       2.37
7:40pm            236          0          8         49       24.7      29.86       2.37
7:45pm            316          2          8         50       24.5      29.86       2.37
7:50pm             86          1         14         49       24.4      29.86       2.37
7:55pm            354          0         14         50       24.4      29.87       2.37
8:00pm            267          3         14         50       24.3      29.88       2.37
8:05pm            200          0         12         50       24.3      29.88       2.37
8:10pm            290          0         12         49       24.3      29.88       2.37
8:15pm            343          1         12         50       24.2      29.89       2.37
8:20pm            352          3         12         49       24.2      29.89       2.37
8:25pm            129          0         12         50       24.1      29.90       2.37
8:30pm            264          0         12         49       24.1      29.90       2.37
8:35pm            224          2          6         50       24.0      29.90       2.37
8:40pm             78          0          8         49       23.9      29.90       2.37
8:45pm            200          1          8         51       23.8      29.91       2.37
8:50pm             72          5          8         50       23.6      29.91       2.37
8:55pm            317          1          8         50       23.5      29.91       2.37
9:00pm             51          1          8         52       23.3      29.91       2.37
9:05pm            248          0          4         52       23.2      29.92       2.37
9:10pm            281          1          5         52       23.1      29.92       2.37
9:15pm            134          0          5         53       23.0      29.92       2.37
9:20pm             41          0          6         53       22.9      29.92       2.37
9:25pm            333          1          6         53       22.8      29.93       2.37
9:30pm             35          0          6         54       22.8      29.93       2.37
9:35pm            262          0          5         55       22.7      29.93       2.37
9:40pm             79          0          5         54       22.6      29.94       2.37
9:45pm            188          0          5         56       22.5      29.94       2.37
9:50pm            333          1          5         56       22.3      29.94       2.37
9:55pm             70          0          5         57       22.1      29.94       2.37
10:00pm            98          0          5         58       21.9      29.94       2.37
10:05pm           309          0          1         59       21.7      29.94       2.37
10:10pm            48          2          4         60       21.6      29.95       2.37
10:15pm            81          0          4         61       21.4      29.95       2.37
10:20pm            72          0          5         61       21.3      29.95       2.37
10:25pm            68          0         11         62       21.3      29.95       2.37
10:30pm            65          3         11         63       21.2      29.95       2.37
10:35pm            28          2          5         63       21.1      29.95       2.37
10:40pm           206          0          5         64       21.1      29.95       2.37
10:45pm           335          3          5         64       21.0      29.95       2.37
10:50pm           120          0          5         64       21.0      29.95       2.37
10:55pm           302          1          5         64       21.0      29.95       2.37
11:00pm           240          0          5         65       21.1      29.95       2.37
11:05pm           264          0          1         66       21.0      29.95       2.37
11:10pm           262          0          4         65       21.0      29.95       2.37
11:15pm           245          1          4         64       21.1      29.95       2.37
11:20pm            30          0          4         64       21.3      29.95       2.37
11:25pm           257          1          4         63       21.3      29.95       2.37
11:30pm           338          0          4         64       21.4      29.95       2.37
11:35pm           278          4          5         63       21.4      29.95       2.37
11:40pm           313          0          5         62       21.5      29.95       2.37
11:45pm           244          1          5         63       21.5      29.95       2.37
11:50pm           249          0          5         64       21.4      29.95       2.37
11:55pm           278          1          5         64       21.3      29.95       2.37
