3/3/17
Time         Wind Dir   Wind Spd  Wind Gust   Humidity       Temp  Raw Barom   Tot Rain
                    °        mph        mph          %         °F         in         in
12:00am           227          6          9         54       21.0      29.90       2.26
12:05am           266          1          6         54       20.9      29.91       2.26
12:10am           298          5         11         54       20.8      29.91       2.26
12:15am           306          1         11         55       20.7      29.91       2.26
12:20am           244          1         11         56       20.6      29.91       2.26
12:25am           263          0         11         56       20.5      29.91       2.26
12:30am           274          2         11         56       20.4      29.92       2.26
12:35am           284          1          6         56       20.3      29.92       2.26
12:40am           238          0          6         56       20.2      29.92       2.26
12:45am           255          0          6         57       20.1      29.92       2.26
12:50am           293          0          6         57       20.0      29.92       2.26
12:55am           285          1          6         57       20.0      29.92       2.26
1:00am            263          2          6         58       19.9      29.93       2.26
1:05am            269          3          8         58       19.9      29.93       2.26
1:10am            248          1          8         57       19.9      29.93       2.26
1:15am            260          1          8         59       19.8      29.93       2.26
1:20am            266          1          8         59       19.7      29.93       2.26
1:25am            264          0          8         59       19.6      29.93       2.26
1:30am            294          6          8         59       19.5      29.93       2.26
1:35am            267          0          7         58       19.6      29.93       2.26
1:40am            272          3         11         58       19.5      29.93       2.26
1:45am            269          0         11         59       19.5      29.93       2.26
1:50am            265          2         11         59       19.4      29.93       2.26
1:55am            249          0         11         59       19.3      29.93       2.26
2:00am            259          1         11         59       19.2      29.93       2.26
2:05am            254          0          1         60       19.0      29.93       2.26
2:10am            250          1          3         60       18.9      29.93       2.26
2:15am            255          1          4         60       18.8      29.93       2.26
2:20am            240          0          4         60       18.7      29.94       2.26
2:25am            265          0          4         61       18.7      29.94       2.26
2:30am            285          0          6         59       18.7      29.94       2.26
2:35am            260          0          3         59       18.7      29.94       2.26
2:40am            289          0          3         60       18.5      29.94       2.26
2:45am            108          0          3         60       18.3      29.94       2.26
2:50am            347          1          3         59       18.1      29.95       2.26
2:55am            288          0          3         60       17.9      29.94       2.26
3:00am             51          0          3         60       17.7      29.95       2.26
3:05am             60          1          1         61       17.4      29.95       2.26
3:10am             69          0          1         61       17.2      29.95       2.26
3:15am            325          0          2         61       17.0      29.95       2.26
3:20am            285          1          2         62       16.8      29.95       2.26
3:25am            304          0          2         63       16.7      29.96       2.26
3:30am             38          0          2         63       16.5      29.96       2.26
3:35am            148          0          0         63       16.3      29.96       2.26
3:40am            354          0          1         63       16.2      29.96       2.26
3:45am            252          0          1         64       16.0      29.97       2.26
3:50am            326          0          1         64       15.9      29.97       2.26
3:55am            127          0          1         64       15.8      29.97       2.26
4:00am            115          0          2         63       15.8      29.97       2.26
4:05am            221          0          3         63       15.8      29.97       2.26
4:10am            226          0          3         63       15.7      29.97       2.26
4:15am            157          0          5         63       15.7      29.98       2.26
4:20am            283          1          6         62       15.7      29.98       2.26
4:25am            309          0          6         62       15.6      29.98       2.26
4:30am            232          0          6         62       15.6      29.99       2.26
4:35am            129          0          4         63       15.5      29.99       2.26
4:40am            265          0          5         62       15.4      29.99       2.26
4:45am            272          0          5         63       15.4      29.99       2.26
4:50am            157          0          7         63       15.2      29.99       2.26
4:55am            274          1          7         63       15.2      30.00       2.26
5:00am             13          0          7         64       15.1      30.00       2.26
5:05am            224          0          3         64       15.0      30.00       2.26
5:10am            225          0          9         64       15.0      30.00       2.26
5:15am            145          0          9         64       14.9      30.01       2.26
5:20am            266          1          9         64       14.7      30.01       2.26
5:25am            138          1          9         65       14.6      30.01       2.26
5:30am            194          0          9         65       14.4      30.01       2.26
5:35am            281          0          4         66       14.3      30.01       2.26
5:40am            265          2          4         66       14.3      30.01       2.26
5:45am            213          0          4         67       14.2      30.01       2.26
5:50am            250          1          4         67       14.1      30.02       2.26
5:55am            239          0          4         67       14.0      30.02       2.26
5:59am            273          0          4         67       13.9      30.02       2.26
6:05am            259          0          5         68       13.7      30.02       2.26
6:10am            256          0          5         69       13.7      30.02       2.26
6:15am            213          0          5         69       13.6      30.03       2.26
6:20am            249          3          5         69       13.5      30.03       2.26
6:25am            217          0          6         70       13.5      30.03       2.26
6:30am            259          0          6         70       13.4      30.04       2.26
6:35am            127          0          1         69       13.2      30.04       2.26
6:40am             36          0          3         69       13.3      30.05       2.26
6:45am            269          0          3         69       13.3      30.05       2.26
6:50am            242          0          3         69       13.4      30.05       2.26
6:55am            266          0          5         69       13.6      30.05       2.26
7:00am            266          0          5         69       13.9      30.05       2.26
7:05am            238          0          4         68       14.0      30.06       2.26
7:10am            242          0          4         67       14.3      30.06       2.26
7:15am            115          0          4         66       14.4      30.07       2.26
7:20am            245          5          7         66       14.5      30.07       2.26
7:25am            277          1          7         66       14.5      30.08       2.26
7:30am            297          1          7         65       14.6      30.08       2.26
7:35am            282          4          9         65       14.7      30.08       2.26
7:40am            287          3          9         66       14.8      30.08       2.26
7:45am            285          4          9         65       14.8      30.09       2.26
7:50am            239          0          9         64       14.8      30.09       2.26
7:55am             61          2          9         64       14.8      30.09       2.26
7:59am             41          0          9         65       15.1      30.09       2.26
8:05am            263          2          6         65       15.3      30.10       2.26
8:10am            287          1          6         65       15.5      30.10       2.26
8:15am            240          1          8         63       15.7      30.10       2.26
8:20am            253          1          8         63       16.2      30.10       2.26
8:25am            273          3         11         61       16.2      30.10       2.26
8:30am            244          2         11         62       16.3      30.10       2.26
8:35am            256          3          5         61       16.6      30.10       2.26
8:40am            271          3         10         61       16.7      30.09       2.26
8:45am            277          4         10         60       16.9      30.10       2.26
8:50am            271          4         10         59       16.7      30.09       2.26
8:55am            272          0         10         60       16.9      30.10       2.26
8:59am            264          1         10         59       17.0      30.10       2.26
9:05am            224          1          5         60       17.4      30.10       2.26
9:10am            266          5          7         59       17.5      30.10       2.26
9:15am            285          2          8         58       17.5      30.10       2.26
9:20am            161          1         12         60       17.3      30.10       2.26
9:25am            266          3         12         59       17.4      30.10       2.26
9:30am            281          6         12         58       17.8      30.10       2.26
9:35am            276          5          8         57       17.8      30.10       2.26
9:40am            245          4          8         55       18.1      30.10       2.26
9:45am            297          2          8         56       18.6      30.10       2.26
9:50am            140          0          9         53       19.6      30.10       2.26
9:55am            271          3          9         51       20.5      30.10       2.26
9:59am            264          1          9         50       20.8      30.10       2.26
10:05am           269          3         10         48       21.0      30.10       2.26
10:10am           178          1         10         48       21.3      30.10       2.26
10:15am           250          2         10         46       21.4      30.10       2.26
10:20am           278          6         10         47       21.8      30.10       2.26
10:25am           285          0         10         46       21.9      30.10       2.26
10:30am            41          1         10         44       22.3      30.10       2.26
10:35am           113          1          5         45       22.5      30.10       2.26
10:40am           266          2          9         45       22.9      30.10       2.26
10:45am           297          1          9         45       23.1      30.10       2.26
10:50am           169          1          9         45       23.1      30.10       2.26
10:55am           292          4          9         45       23.2      30.10       2.26
11:00am           266          2          9         44       23.4      30.10       2.26
11:05am            32          3          9         44       23.5      30.10       2.26
11:10am           271          4          9         44       23.8      30.10       2.26
11:15am           259          3          9         44       24.3      30.10       2.26
11:20am           124          2          9         41       24.4      30.10       2.26
11:25am            24          0          9         43       24.2      30.10       2.26
11:30am           146          0          9         40       24.3      30.09       2.26
11:35am           111          0          9         44       24.6      30.09       2.26
11:40am           271          3          9         42       25.7      30.09       2.26
11:45am            91          1         11         39       25.2      30.09       2.26
11:50am           271          0         11         39       25.5      30.09       2.26
11:55am           212          3         11         40       25.0      30.09       2.26
11:59am           233          0         11         40       25.6      30.08       2.26
12:05pm            67          7          8         39       26.0      30.08       2.26
12:10pm           216          1          8         38       25.7      30.08       2.26
12:15pm            79          5         10         40       26.0      30.08       2.26
12:20pm           173          0         10         40       26.1      30.08       2.26
12:25pm           262          5         10         37       26.4      30.08       2.26
12:30pm           250          2         10         37       26.9      30.07       2.26
12:35pm           261          4         12         35       26.8      30.07       2.26
12:40pm           262          5         12         37       26.9      30.07       2.26
12:45pm           263          2         12         38       26.6      30.07       2.26
12:50pm           285          7         18         33       26.9      30.07       2.26
12:55pm           311          2         18         34       26.9      30.06       2.26
1:00pm            269          5         18         33       26.9      30.07       2.26
1:05pm            244          3         14         36       26.9      30.07       2.26
1:10pm            346          7         16         36       26.9      30.07       2.26
1:15pm             13          4         16         35       27.7      30.07       2.26
1:20pm            279          3         16         37       27.8      30.06       2.26
1:25pm            240          6         16         35       27.7      30.06       2.26
1:30pm            277          1         16         34       27.5      30.06       2.26
1:35pm            255          4         11         34       27.4      30.06       2.26
1:40pm            276          3         11         35       27.7      30.06       2.26
1:45pm             35          0         11         34       28.2      30.06       2.26
1:50pm            294          2         11         33       28.5      30.06       2.26
1:55pm            274          5         11         33       28.7      30.06       2.26
2:00pm            267          8         12         32       28.8      30.06       2.26
2:05pm            255          5         18         31       28.3      30.06       2.26
2:10pm            261         12         18         33       28.3      30.06       2.26
2:15pm            269          8         18         31       28.4      30.06       2.26
2:20pm            275          6         18         31       28.0      30.06       2.26
2:25pm            248          6         18         32       28.1      30.06       2.26
2:30pm            288          6         18         31       27.8      30.06       2.26
2:35pm              8          3         10         32       28.4      30.06       2.26
2:40pm            254          2         10         32       28.9      30.05       2.26
2:45pm            251          2         10         32       29.6      30.05       2.26
2:50pm            253          4         11         30       28.9      30.05       2.26
2:55pm            266          7         15         31       29.0      30.05       2.26
3:00pm            247          7         15         31       28.8      30.05       2.26
3:05pm            202          3         11         31       28.9      30.05       2.26
3:10pm            240          3         11         32       29.6      30.05       2.26
3:15pm            320          3         11         30       29.5      30.05       2.26
3:20pm            215          2         13         30       29.2      30.05       2.26
3:25pm            269          4         13         31       28.4      30.05       2.26
3:30pm            252          2         13         31       28.1      30.05       2.26
3:35pm            277          5          8         31       27.9      30.05       2.26
3:40pm            258          1          8         33       27.6      30.05       2.26
3:45pm            347          5          8         32       27.5      30.05       2.26
3:50pm            300          5          9         33       27.4      30.05       2.26
3:55pm            250          3          9         33       27.4      30.05       2.26
4:00pm            276          7          9         34       27.5      30.05       2.26
4:04pm            239          1          8         34       27.8      30.05       2.26
4:10pm            310          6         14         32       28.4      30.05       2.26
4:14pm            240          9         14         32       28.2      30.04       2.26
4:20pm            259          7         15         33       27.6      30.04       2.26
4:24pm            247          9         15         36       27.3      30.05       2.26
4:29pm            221          1         15         36       27.0      30.05       2.26
4:35pm            247         11         13         37       26.8      30.05       2.26
4:39pm            175          8         18         39       26.6      30.05       2.26
4:45pm            270         11         18         40       26.4      30.05       2.26
4:49pm            290          2         18         42       26.3      30.05       2.26
4:55pm            283          3         18         43       26.2      30.06       2.26
4:59pm             11          2         18         46       26.0      30.06       2.26
5:05pm            240          6          9         47       25.8      30.06       2.26
5:09pm            279          6         14         51       25.6      30.07       2.26
5:15pm            274          9         14         64       24.8      30.08       2.26
5:19pm            283          4         14         70       23.6      30.08       2.26
5:25pm            284          6         14         73       23.2      30.08       2.26
5:29pm             34          2         14         75       23.0      30.08       2.26
5:35pm            278          1          7         75       22.8      30.08       2.26
5:39pm            215          0          7         76       22.8      30.09       2.26
5:45pm            221          0         10         75       22.8      30.09       2.26
5:49pm            242          4         10         76       22.8      30.09       2.26
5:54pm            285          4         10         77       22.6      30.09       2.26
6:00pm            225          2         10         78       22.3      30.09       2.26
6:05pm            255          6          9         80       22.2      30.09       2.26
6:09pm            266          3         10         80       22.2      30.10       2.26
6:14pm            273          7         19         80       22.3      30.11       2.26
6:19pm            247          0         19         80       21.9      30.11       2.26
6:24pm            182          0         19         82       21.6      30.11       2.26
6:30pm            253          2         19         82       21.5      30.11       2.26
6:34pm            243          0          6         80       21.5      30.11       2.26
6:39pm            259          0          6         78       21.6      30.12       2.26
6:44pm            326          0          6         77       21.6      30.12       2.26
6:50pm            260          3          6         78       21.6      30.12       2.26
6:54pm             82          1          6         80       21.5      30.13       2.26
6:59pm            101          2         10         80       20.7      30.13       2.26
7:04pm            278          1          4         81       20.1      30.14       2.26
7:10pm            281          4          4         81       19.9      30.14       2.26
7:14pm            242          4         11         81       19.4      30.14       2.26
7:19pm            338          0         11         83       18.8      30.15       2.26
7:25pm            174          1         11         84       18.2      30.15       2.26
7:29pm             11          1         11         84       17.8      30.15       2.26
7:34pm             49          0         13         84       17.2      30.16       2.26
7:39pm             37          1         13         85       17.0      30.16       2.26
7:44pm             61          0         13         84       16.8      30.16       2.26
7:50pm            102          1         13         82       16.5      30.16       2.26
7:54pm            258          0         13         81       16.4      30.17       2.26
8:00pm            174          0         13         80       16.3      30.17       2.26
8:05pm            128          0          4         79       16.2      30.17       2.26
8:09pm             56          0          4         79       16.3      30.18       2.26
8:15pm             31          0         12         77       16.1      30.18       2.26
8:19pm            316          0         12         73       15.9      30.18       2.26
8:25pm            197          0         12         72       15.6      30.19       2.26
8:30pm             93          1         12         71       15.4      30.19       2.26
8:34pm             67          4          6         71       15.2      30.20       2.26
8:39pm            106          6          8         71       14.9      30.20       2.26
8:44pm            312          0         13         71       14.6      30.20       2.26
8:49pm            337          6         13         71       14.4      30.21       2.26
8:54pm            240          0         13         70       14.2      30.20       2.26
9:00pm            255          0         13         71       14.1      30.21       2.26
9:05pm             18          2          8         71       14.0      30.22       2.26
9:10pm            131          1         10         71       13.8      30.22       2.26
9:15pm            136          4         10         71       13.7      30.23       2.26
9:19pm            309          4         10         70       13.5      30.23       2.26
9:24pm            266          3         10         70       13.3      30.23       2.26
9:29pm             25          0         10         70       13.2      30.23       2.26
9:35pm            323          0          3         70       13.0      30.24       2.26
9:39pm            230          0          9         70       12.9      30.24       2.26
9:44pm            235          1          9         71       12.8      30.24       2.26
9:50pm            288          2          9         71       12.7      30.24       2.26
9:55pm            272          2          9         71       12.6      30.24       2.26
10:00pm           131          0          9         71       12.6      30.24       2.26
10:04pm           258          0          6         72       12.6      30.24       2.26
10:09pm           273          6          7         73       12.4      30.25       2.26
10:14pm           219          0         13         74       12.2      30.25       2.26
10:20pm           257          1         13         75       12.1      30.25       2.26
10:25pm           111          1         13         71       11.8      30.25       2.26
10:30pm           237          1         14         67       11.7      30.25       2.26
10:34pm           219          0         10         66       11.6      30.25       2.26
10:40pm           326          1         16         63       11.5      30.26       2.26
10:45pm           260          0         16         62       11.3      30.26       2.26
10:50pm           331          0         16         61       11.0      30.26       2.26
10:55pm           160          0         16         58       10.8      30.26       2.26
11:00pm           165          2         16         59       10.7      30.26       2.26
11:04pm           248          1         12         58       10.4      30.27       2.26
11:10pm           241          1         12         57       10.2      30.27       2.26
11:14pm           331          0         12         56       10.0      30.27       2.26
11:19pm           304          4         12         56        9.8      30.27       2.26
11:25pm           281          7         12         56        9.7      30.27       2.26
11:30pm            80          2         12         54        9.6      30.28       2.26
11:34pm           172          2         10         54        9.5      30.28       2.26
11:39pm            70          2         10         54        9.3      30.28       2.26
11:44pm           279          3         15         52        9.1      30.28       2.26
11:50pm           155          3         15         54        9.1      30.28       2.26
11:54pm           231          4         15         55        9.0      30.28       2.26
