4/9/17
Time         Wind Dir   Wind Spd  Wind Gust   Humidity       Temp  Raw Barom   Tot Rain
                    °        mph        mph          %         °F         in         in
12:00am           341          0          0         83       31.5      29.87       3.64
12:05am           341          0          0         84       31.3      29.87       3.64
12:10am           341          0          0         84       31.0      29.87       3.64
12:15am           341          0          1         85       30.8      29.87       3.64
12:20am           341          0          1         85       30.6      29.87       3.64
12:25am           341          0          1         86       30.5      29.87       3.64
12:30am           341          0          1         86       30.4      29.87       3.64
12:35am           341          0          0         87       30.1      29.87       3.64
12:40am           341          0          0         87       29.9      29.88       3.64
12:45am           277          0          1         88       29.8      29.88       3.64
12:50am           277          0          1         88       29.6      29.88       3.64
12:55am           277          0          1         89       29.5      29.88       3.64
1:00am            277          0          1         89       29.4      29.88       3.64
1:05am            272          0          1         89       29.3      29.88       3.64
1:10am            278          0          1         90       29.2      29.88       3.64
1:15am            276          0          1         90       28.9      29.88       3.64
1:20am            276          0          1         90       28.7      29.88       3.64
1:25am            261          0          1         91       28.6      29.88       3.64
1:30am            269          0          1         91       28.6      29.88       3.64
1:35am            266          0          1         91       28.5      29.88       3.64
1:40am            280          1          1         91       28.3      29.88       3.64
1:45am            275          0          2         92       28.2      29.88       3.64
1:50am            268          0          2         92       28.4      29.88       3.64
1:55am            270          0          2         92       28.6      29.88       3.64
2:00am            266          0          2         91       28.6      29.88       3.64
2:05am            271          0          1         91       28.8      29.88       3.64
2:10am            264          0          2         90       29.2      29.88       3.64
2:15am            293          0          2         90       29.0      29.88       3.64
2:20am            271          1          2         90       29.2      29.88       3.64
2:25am            272          2          3         89       29.5      29.88       3.64
2:30am            278          3          8         87       30.5      29.88       3.64
2:35am            285          4          5         85       31.0      29.89       3.64
2:40am            271          4          5         83       31.4      29.89       3.64
2:45am            265          3          7         80       32.1      29.89       3.64
2:50am            262          3          8         78       32.7      29.89       3.64
2:55am            285          4          8         77       32.9      29.89       3.64
3:00am            243          3          8         77       33.0      29.89       3.64
3:05am            275          4          6         77       32.9      29.89       3.64
3:10am            263          5          6         76       33.3      29.89       3.64
3:15am            278          3          7         75       33.4      29.89       3.64
3:20am            280          3          8         75       33.2      29.89       3.64
3:25am            282          3          8         76       33.0      29.90       3.64
3:30am            279          4          8         76       33.0      29.90       3.64
3:35am            281          2          7         75       33.3      29.90       3.64
3:40am            279          3          7         75       33.3      29.90       3.64
3:45am            259          4          7         75       33.2      29.90       3.64
3:50am            263          2          7         75       33.3      29.90       3.64
3:55am            274          4          8         75       33.0      29.90       3.64
4:00am            267          3          8         76       32.9      29.90       3.64
4:05am            257          3          7         76       32.8      29.91       3.64
4:10am            274          1          7         76       32.9      29.91       3.64
4:15am            264          3          7         76       32.7      29.91       3.64
4:20am            273          1          7         76       32.7      29.92       3.64
4:25am            290          1          7         77       32.5      29.92       3.64
4:30am            278          2          7         77       32.5      29.92       3.64
4:35am            263          2          3         76       32.8      29.92       3.64
4:40am            273          0          3         75       33.0      29.92       3.64
4:45am            288          0          3         76       32.5      29.92       3.64
4:50am            272          1          3         77       32.0      29.92       3.64
4:55am            269          1          3         78       31.8      29.92       3.64
5:00am            276          0          3         80       31.2      29.92       3.64
5:05am            258          1          4         81       30.7      29.92       3.64
5:10am            282          4          4         82       30.3      29.93       3.64
5:15am            284          3          6         82       30.4      29.93       3.64
5:20am            278          5          6         80       31.2      29.93       3.64
5:25am            280          4          6         78       31.8      29.94       3.64
5:30am            283          5          6         77       32.2      29.94       3.64
5:35am            273          3          5         76       32.5      29.94       3.64
5:40am            278          4          5         77       32.0      29.95       3.64
5:45am            281          4          5         77       31.9      29.95       3.64
5:50am            283          2          5         76       32.3      29.95       3.64
5:55am            262          3          5         76       32.4      29.95       3.64
6:00am            279          5          6         76       32.4      29.95       3.64
6:05am            257          4          5         76       32.1      29.96       3.64
6:10am            285          4          5         77       32.2      29.96       3.64
6:15am            272          4          6         76       32.3      29.97       3.64
6:20am            279          5          6         77       32.1      29.97       3.64
6:25am            276          5          7         78       31.8      29.97       3.64
6:30am            264          2          7         78       31.8      29.97       3.64
6:35am            282          4          6         78       31.8      29.97       3.64
6:40am            274          3          7         77       32.0      29.97       3.64
6:45am            269          3          7         77       31.9      29.98       3.64
6:50am            263          1          7         77       31.9      29.99       3.64
6:55am            266          2          7         78       31.8      29.99       3.64
7:00am            277          4          7         78       31.9      29.99       3.64
7:05am            274          2          4         77       32.2      29.99       3.64
7:10am            273          2          4         76       32.8      30.00       3.64
7:15am            278          3          5         75       33.5      30.00       3.64
7:20am            281          5          5         74       33.9      30.00       3.64
7:25am            280          2          6         74       34.3      30.00       3.64
7:30am            271          2          6         74       34.6      30.00       3.64
7:35am            253          2          4         72       35.1      30.01       3.64
7:40am            259          1          4         71       35.6      30.01       3.64
7:45am            266          3          4         70       36.0      30.01       3.64
7:50am            264          4          5         69       36.5      30.02       3.64
7:55am            269          3          8         68       36.9      30.02       3.64
8:00am            276          4          8         67       37.3      30.02       3.64
8:05am            301          3          7         66       37.5      30.02       3.64
8:10am            268          4          8         65       37.9      30.02       3.64
8:15am            269          2          8         64       38.1      30.02       3.64
8:20am            267          2          8         63       38.5      30.02       3.64
8:25am            275          4          8         63       38.8      30.02       3.64
8:30am            270          4          9         62       39.0      30.02       3.64
8:35am            229          1          4         62       39.5      30.03       3.64
8:40am            278          4          6         60       39.9      30.03       3.64
8:45am            221          5         10         59       40.1      30.03       3.64
8:50am            288          4         10         58       40.4      30.02       3.64
8:55am            260          5         10         58       40.7      30.03       3.64
9:00am            280          5         10         59       41.0      30.03       3.64
9:05am            250          4          7         57       41.3      30.03       3.64
9:10am            273          4          7         57       41.8      30.03       3.64
9:15am            272          4          8         54       42.2      30.03       3.64
9:20am            268          7          8         53       42.3      30.03       3.64
9:25am            265          4          9         52       42.6      30.03       3.64
9:30am            280          2          9         51       42.8      30.04       3.64
9:35am            270          5         11         51       43.1      30.04       3.64
9:40am            276          9         11         50       43.4      30.04       3.64
9:45am            260          6         11         50       43.8      30.04       3.64
9:50am            261          6         11         50       44.3      30.05       3.64
9:55am            278          3         11         51       44.6      30.05       3.64
10:00am           252          5         13         50       44.8      30.05       3.64
10:05am           240          3         10         50       45.1      30.05       3.64
10:10am           281          5         10         48       45.2      30.05       3.64
10:15am           274          6         10         48       45.6      30.05       3.64
10:20am           280          3         10         47       46.1      30.05       3.64
10:25am           264          4         10         45       46.8      30.05       3.64
10:30am           269          2         13         44       46.7      30.05       3.64
10:35am           239          4          9         44       47.2      30.05       3.64
10:40am           264          7          9         46       47.8      30.05       3.64
10:45am           289          2         10         44       47.7      30.05       3.64
10:50am           265          4         10         42       48.3      30.05       3.64
10:55am           233          3         11         41       48.4      30.05       3.64
11:00am           258          3         11         42       48.6      30.05       3.64
11:05am           278          7         11         42       48.9      30.05       3.64
11:10am           259          7         11         39       49.6      30.05       3.64
11:15am           275          9         11         43       50.0      30.05       3.64
11:20am           226          0         11         38       50.3      30.05       3.64
11:25am           271          3         11         38       50.4      30.05       3.64
11:30am           174          0         11         40       51.1      30.05       3.64
11:35am           257          3          6         39       52.0      30.05       3.64
11:40am           210          2          7         38       51.8      30.05       3.64
11:45am           250          9         10         37       52.0      30.04       3.64
11:50am           262          2         10         36       51.6      30.04       3.64
11:55am           307          2         10         38       51.8      30.04       3.64
12:00pm           248          5         11         36       52.3      30.05       3.64
12:05pm           271          4          8         37       53.0      30.05       3.64
12:10pm           267          8         10         37       53.7      30.05       3.64
12:15pm           252          1         11         34       53.4      30.04       3.64
12:20pm           281          3         11         34       53.7      30.05       3.64
12:25pm           264          0         11         33       53.9      30.04       3.64
12:30pm           214          1         11         35       54.2      30.04       3.64
12:35pm           252          4         10         35       54.8      30.04       3.64
12:40pm           242         12         12         31       55.6      30.04       3.64
12:45pm           182          0         12         29       55.8      30.04       3.64
12:50pm           262          1         12         32       56.3      30.04       3.64
12:55pm           318          1         12         29       56.7      30.04       3.64
1:00pm            134          0         12         29       57.0      30.04       3.64
1:05pm             63          5          5         31       57.6      30.04       3.64
1:10pm            257          0          8         31       57.8      30.04       3.64
1:15pm            265          6          8         29       58.3      30.04       3.64
1:20pm            245          3          9         29       58.0      30.03       3.64
1:25pm            289          5         11         29       57.6      30.04       3.64
1:30pm            242          2         11         28       57.7      30.03       3.64
1:35pm            243          5         11         28       57.8      30.03       3.64
1:40pm            254          4         11         29       58.8      30.04       3.64
1:45pm            269          7         11         27       58.7      30.03       3.64
1:50pm            276          4         11         28       58.3      30.03       3.64
1:55pm            240          6         14         26       58.0      30.03       3.64
2:00pm            264          0         14         26       58.2      30.03       3.64
2:05pm            231          3          9         26       58.7      30.03       3.64
2:10pm            248          1         11         25       59.0      30.03       3.64
2:15pm            211          2         11         25       59.2      30.03       3.64
2:20pm            246          0         12         28       59.2      30.03       3.64
2:25pm            145          0         12         26       59.1      30.03       3.64
2:30pm            246          2         12         24       59.3      30.03       3.64
2:35pm            264          6         10         24       59.4      30.03       3.64
2:40pm            281          5         10         23       59.9      30.03       3.64
2:45pm            291          8         15         24       59.6      30.03       3.64
2:50pm            231          3         15         25       59.5      30.03       3.64
2:55pm            232          9         15         24       59.7      30.03       3.64
3:00pm            276          4         15         25       59.7      30.03       3.64
3:05pm            216          0         10         26       59.9      30.03       3.64
3:10pm            276          6         12         23       59.8      30.03       3.64
3:15pm            264          6         12         25       59.7      30.02       3.64
3:20pm            262          3         12         25       59.7      30.02       3.64
3:25pm            287          2         12         23       60.3      30.02       3.64
3:30pm            207          0         12         25       60.4      30.02       3.64
3:35pm            191          0          4         24       61.2      30.02       3.64
3:40pm            271          4          7         23       60.8      30.01       3.64
3:45pm            275          1          7         23       60.3      30.01       3.64
3:50pm            105          1          9         25       60.2      30.01       3.64
3:55pm            292          3          9         24       60.2      30.01       3.64
4:00pm            290          4          9         24       59.9      30.01       3.64
4:05pm            256          2          6         25       59.7      30.01       3.64
4:10pm            282          3          6         26       60.2      30.01       3.64
4:15pm            266          4          6         24       60.7      30.00       3.64
4:20pm            188          0          6         25       61.4      30.01       3.64
4:25pm            314          2          6         24       61.6      30.01       3.64
4:30pm            290          7          7         23       61.5      30.00       3.64
4:35pm            324          0          7         24       61.4      30.01       3.64
4:40pm            266          2          7         25       61.8      30.01       3.64
4:45pm            264          2          7         23       62.2      30.01       3.64
4:50pm            220          1          7         23       62.2      30.01       3.64
4:55pm            242          1          7         22       62.3      30.02       3.64
4:59pm            277          2          7         22       61.8      30.02       3.64
5:05pm            254          1          6         23       61.1      30.02       3.64
5:10pm            197          0          6         24       60.9      30.02       3.64
5:15pm            269          2          6         22       61.0      30.02       3.64
5:20pm            259          2          8         24       60.8      30.02       3.64
5:25pm            264          4          8         24       60.5      30.02       3.64
5:30pm            214          1          8         25       60.7      30.02       3.64
5:35pm            266          3          8         24       60.6      30.02       3.64
5:40pm            281          5          8         25       60.1      30.02       3.64
5:45pm            293          0          8         27       59.7      30.03       3.64
5:50pm            264          4          8         25       59.6      30.02       3.64
5:55pm            276          0          8         28       59.6      30.03       3.64
6:00pm            275          2          8         26       59.1      30.02       3.64
6:05pm            274          1          6         27       58.7      30.02       3.64
6:10pm            276          0          6         27       58.6      30.02       3.64
6:15pm            263          0          6         31       58.1      30.02       3.64
6:20pm            277          0          6         30       57.9      30.02       3.64
6:25pm            277          0          6         32       57.5      30.02       3.64
6:30pm            277          0          6         35       56.5      30.02       3.64
6:35pm            221          0          1         34       56.3      30.02       3.64
6:40pm            262          0          1         37       56.0      30.02       3.64
6:45pm            262          0          1         36       54.7      30.02       3.64
6:50pm            262          0          1         38       54.0      30.02       3.64
6:55pm            262          0          1         41       53.6      30.01       3.64
6:59pm            262          0          1         42       52.8      30.01       3.64
7:05pm            262          0          0         45       51.9      30.01       3.64
7:10pm            262          0          0         47       50.9      30.02       3.64
7:15pm            262          0          0         47       49.0      30.02       3.64
7:20pm            262          0          0         50       47.7      30.02       3.64
7:25pm            262          0          0         52       46.7      30.02       3.64
7:30pm            262          0          0         54       45.7      30.02       3.64
7:35pm            262          0          0         55       45.1      30.02       3.64
7:40pm            262          0          0         56       45.2      30.02       3.64
7:45pm            262          0          0         58       45.3      30.03       3.64
7:50pm            117          0          1         58       44.1      30.03       3.64
7:55pm            117          0          1         61       42.9      30.03       3.64
7:59pm            117          0          1         65       42.0      30.03       3.64
8:05pm            117          0          1         67       41.1      30.04       3.64
8:10pm            127          0          1         69       40.1      30.04       3.64
8:14pm            126          0          1         72       39.4      30.04       3.64
8:20pm            126          0          1         73       39.4      30.04       3.64
8:25pm            126          0          1         73       39.3      30.04       3.64
8:30pm            126          0          1         73       39.3      30.05       3.64
8:35pm            126          0          0         74       38.7      30.05       3.64
8:40pm            126          0          0         75       38.3      30.05       3.64
8:45pm            134          0          1         77       37.6      30.05       3.64
8:50pm            123          0          1         78       37.3      30.05       3.64
8:55pm            123          0          1         79       37.0      30.05       3.64
8:59pm            123          0          1         79       37.2      30.05       3.64
9:05pm             98          0          1         79       37.6      30.05       3.64
9:10pm             98          0          1         78       37.5      30.05       3.64
9:15pm             98          0          1         79       37.1      30.05       3.64
9:20pm            111          0          1         80       37.3      30.05       3.64
9:25pm            104          1          2         79       37.6      30.05       3.64
9:29pm            119          0          2         78       37.8      30.05       3.64
9:35pm            119          0          0         78       37.8      30.05       3.64
9:40pm            119          0          0         77       38.0      30.05       3.64
9:45pm            119          0          0         76       38.2      30.05       3.64
9:50pm            119          0          1         76       38.4      30.05       3.64
9:55pm            119          0          1         75       38.1      30.06       3.64
10:00pm           119          0          1         77       37.6      30.06       3.64
10:05pm           119          0          0         79       37.2      30.06       3.64
10:10pm           119          0          0         80       36.8      30.06       3.64
10:15pm           119          0          0         80       36.7      30.05       3.64
10:20pm           119          0          0         80       36.8      30.05       3.64
10:24pm           119          0          0         80       36.9      30.05       3.64
10:29pm           119          0          0         80       36.9      30.05       3.64
10:34pm            94          0          1         80       36.9      30.05       3.64
10:40pm            94          0          1         81       36.5      30.05       3.64
10:44pm           121          0          1         82       36.2      30.05       3.64
10:49pm           115          0          1         83       35.8      30.05       3.64
10:54pm           115          0          1         83       35.7      30.05       3.64
11:00pm           115          0          1         83       35.9      30.05       3.64
11:04pm           118          0          1         83       35.8      30.05       3.64
11:10pm           118          0          1         83       35.6      30.05       3.64
11:14pm           110          1          1         84       35.4      30.05       3.64
11:20pm           130          0          1         85       35.2      30.05       3.64
11:24pm            86          1          2         85       35.1      30.05       3.64
11:29pm            86          0          2         85       35.0      30.05       3.64
11:34pm            86          0          0         85       35.1      30.06       3.64
11:40pm            86          0          0         85       35.3      30.06       3.64
11:45pm           115          0          1         84       35.3      30.06       3.64
11:50pm           115          1          1         85       35.2      30.06       3.64
11:55pm           127          1          2         85       35.1      30.06       3.64
