4/28/17
Time         Wind Dir   Wind Spd  Wind Gust   Humidity       Temp  Raw Barom   Tot Rain
                    °        mph        mph          %         °F         in         in
12:00am            97          2          5         93       57.9      29.83       5.59
12:05am           119          1          3         93       57.8      29.83       5.59
12:10am           319          0          3         93       57.7      29.83       5.59
12:15am           179          1          3         94       57.7      29.83       5.59
12:20am           108          1          3         94       57.8      29.83       5.59
12:25am           130          2          3         94       57.7      29.83       5.59
12:30am           345          0          3         94       57.6      29.83       5.59
12:35am           134          3          3         94       57.6      29.83       5.59
12:40am           140          2          3         94       57.5      29.83       5.59
12:45am            91          2          3         94       57.4      29.83       5.59
12:50am            78          3          4         94       57.1      29.82       5.59
12:55am            97          1          4         94       56.9      29.83       5.59
1:00am            110          2          4         94       56.6      29.83       5.59
1:05am            104          1          3         94       56.5      29.83       5.59
1:10am            191          1          6         95       56.4      29.83       5.59
1:15am            183          1          6         95       56.4      29.83       5.59
1:20am            348          0          6         95       56.4      29.83       5.59
1:25am             94          1          6         95       56.4      29.83       5.59
1:30am             92          1          6         95       56.4      29.82       5.59
1:35am             82          3          3         95       56.2      29.82       5.59
1:40am             76          0          5         95       56.1      29.82       5.59
1:45am             84          1          5         95       56.1      29.82       5.59
1:50am             89          2          5         95       56.0      29.81       5.59
1:55am             72          2          5         96       56.0      29.82       5.59
2:00am             80          3          5         95       56.0      29.82       5.59
2:05am            132          0          4         96       56.2      29.82       5.59
2:10am             89          0          5         96       56.2      29.81       5.59
2:15am            122          0          5         95       56.2      29.82       5.59
2:20am            105          0          5         96       56.2      29.82       5.59
2:25am             73          3          5         95       56.2      29.82       5.59
2:30am             88          5          5         95       56.1      29.82       5.59
2:35am            110          2          6         95       55.9      29.81       5.59
2:40am            138          0          6         95       55.7      29.81       5.59
2:45am             85          1          6         96       55.8      29.82       5.59
2:50am             93          2          6         96       55.9      29.82       5.59
2:55am            103          0          6         96       55.8      29.82       5.59
3:00am             75          1          6         96       55.8      29.82       5.59
3:05am            126          0          1         96       55.8      29.82       5.59
3:10am             81          0          2         95       55.3      29.82       5.59
3:15am             44          0          2         96       55.6      29.82       5.59
3:20am             56          0          2         95       55.5      29.82       5.59
3:25am             56          0          2         96       55.6      29.82       5.59
3:30am            186          1          2         96       55.9      29.82       5.59
3:35am            169          0          1         96       55.9      29.82       5.59
3:40am            275          0          1         96       56.1      29.82       5.59
3:45am            281          0          1         96       56.3      29.82       5.59
3:50am            281          0          1         96       56.5      29.82       5.59
3:55am            285          0          1         96       56.6      29.82       5.59
4:00am            274          0          1         96       56.8      29.82       5.59
4:05am            274          0          1         95       56.8      29.83       5.59
4:10am             34          2          2         95       56.5      29.83       5.59
4:15am            191          0          2         94       56.3      29.83       5.59
4:20am             86          2          3         95       55.9      29.83       5.59
4:25am            103          1          3         95       55.9      29.83       5.59
4:30am             68          2          3         95       55.7      29.83       5.59
4:35am             98          1          3         95       55.7      29.83       5.59
4:40am            143          3          4         95       55.5      29.83       5.59
4:45am            109          0          4         95       55.4      29.83       5.59
4:50am             79          0          4         96       55.4      29.83       5.59
4:55am             90          0          4         96       55.3      29.83       5.59
5:00am             90          0          4         96       55.4      29.83       5.59
5:05am             77          2          5         96       55.5      29.83       5.59
5:10am             61          0          5         96       55.5      29.83       5.59
5:15am             61          0          5         96       55.5      29.83       5.59
5:20am             60          0          5         96       55.6      29.83       5.59
5:25am            146          0          5         95       55.3      29.83       5.59
5:30am             68          0          5         95       54.5      29.83       5.59
5:35am             68          0          0         96       54.5      29.83       5.59
5:39am             96          0          2         95       54.2      29.84       5.59
5:45am            103          0          2         96       54.1      29.85       5.59
5:50am            103          0          2         96       54.3      29.85       5.59
5:55am            103          0          2         96       54.4      29.85       5.59
5:59am            103          0          2         97       54.7      29.86       5.59
6:05am             81          0          1         97       55.1      29.85       5.59
6:10am             80          2          2         96       54.8      29.85       5.59
6:15am             63          2          4         96       54.9      29.84       5.59
6:20am             75          1          4         96       54.9      29.84       5.59
6:25am            114          0          4         96       54.9      29.83       5.59
6:30am            280          0          4         97       55.0      29.85       5.59
6:35am             86          1          2         97       55.1      29.85       5.59
6:40am             96          2          5         96       55.0      29.84       5.59
6:45am             82          2          5         97       54.9      29.84       5.59
6:50am             88          2          5         97       55.0      29.84       5.59
6:55am             56          2          5         97       55.1      29.84       5.59
7:00am             91          0          5         97       55.1      29.84       5.59
7:05am             89          1          1         96       55.0      29.85       5.59
7:10am            120          0          2         96       54.5      29.85       5.59
7:15am            120          0          2         96       54.5      29.86       5.59
7:20am            122          0          2         97       54.7      29.86       5.59
7:25am            122          0          2         97       55.0      29.87       5.59
7:30am            122          0          2         97       55.2      29.87       5.59
7:35am            257          0          1         97       55.4      29.87       5.59
7:40am            257          0          1         97       55.7      29.87       5.59
7:45am            257          0          1         97       55.8      29.86       5.59
7:50am            257          0          1         97       56.0      29.86       5.59
7:55am            257          0          1         97       56.8      29.87       5.59
8:00am            257          2          2         97       57.1      29.87       5.59
8:05am            229          0          2         97       57.3      29.87       5.59
8:10am            268          1          2         96       57.4      29.87       5.59
8:15am            260          0          2         96       57.6      29.87       5.59
8:20am            275          2          2         96       57.9      29.87       5.59
8:25am            272          0          4         96       58.1      29.87       5.59
8:30am            278          0          4         96       58.6      29.88       5.59
8:35am            224          1          4         95       59.0      29.88       5.59
8:40am            277          2          4         94       59.3      29.88       5.59
8:45am            265          2          4         93       59.5      29.88       5.59
8:50am            264          2          5         93       59.6      29.88       5.59
8:55am            268          1          5         93       59.6      29.88       5.59
9:00am            283          1          5         92       59.7      29.88       5.59
9:05am            266          0          1         93       59.9      29.88       5.59
9:10am            266          0          1         92       60.4      29.88       5.59
9:15am            236          0          2         92       60.9      29.88       5.59
9:20am            356          2          2         90       61.3      29.87       5.59
9:25am             77          3          3         90       61.4      29.87       5.59
9:30am             87          0          3         89       61.0      29.88       5.59
9:35am             96          1          1         90       61.0      29.88       5.59
9:40am             93          1          3         90       61.6      29.88       5.59
9:45am            253          2          3         89       62.2      29.88       5.59
9:50am            127          0          3         87       62.9      29.87       5.59
9:55am             86          1          3         87       63.8      29.87       5.59
10:00am           217          0          3         84       64.5      29.87       5.59
10:05am           260          2          2         83       65.2      29.87       5.59
10:10am           290          1          4         82       65.6      29.87       5.59
10:15am           288          1          4         80       66.2      29.87       5.59
10:20am           240          3          5         80       66.4      29.87       5.59
10:25am           235          3          6         79       66.9      29.87       5.59
10:30am           269          4          7         77       67.1      29.87       5.59
10:35am           271          4          5         79       67.3      29.87       5.59
10:40am           278          4          7         77       67.8      29.87       5.59
10:45am           247          2          9         77       68.5      29.88       5.59
10:50am           252          1          9         77       68.6      29.88       5.59
10:55am           278          4          9         74       68.9      29.88       5.59
11:00am           245          1          9         74       69.6      29.88       5.59
11:05am           266          2          7         72       69.9      29.88       5.59
11:10am           200          1          7         72       70.6      29.88       5.59
11:15am           333          4          7         70       71.0      29.88       5.59
11:20am           266          5          7         70       70.5      29.88       5.59
11:25am           165          1          8         70       70.9      29.88       5.59
11:30am           263          7         10         67       71.7      29.88       5.59
11:35am           274          5         10         68       71.3      29.88       5.59
11:40am           209          2         10         70       71.8      29.88       5.59
11:45am           285          3         10         66       71.9      29.88       5.59
11:50am           268          4         10         67       71.8      29.88       5.59
11:55am           278          2         11         68       71.8      29.87       5.59
12:00pm           266          5         11         66       71.5      29.87       5.59
12:05pm           257          6          8         67       72.0      29.87       5.59
12:10pm           224          4          8         66       72.3      29.87       5.59
12:15pm           250          2          8         65       72.8      29.87       5.59
12:20pm           257          4         13         66       72.1      29.87       5.59
12:25pm           284          6         13         66       72.2      29.87       5.59
12:30pm            15          3         13         68       72.1      29.86       5.59
12:35pm           275          8         10         63       72.9      29.86       5.59
12:40pm           279          6         11         63       72.8      29.86       5.59
12:45pm           246          0         11         62       72.7      29.86       5.59
12:50pm           255          3         11         61       73.1      29.87       5.59
12:55pm           233          4         11         64       72.7      29.87       5.59
1:00pm            249          7         11         62       73.2      29.86       5.59
1:05pm            272          3          9         64       72.5      29.86       5.59
1:10pm            236          4         12         63       72.9      29.87       5.59
1:15pm            265          2         13         62       73.0      29.87       5.59
1:20pm            261          7         13         62       73.2      29.87       5.59
1:25pm            236          5         14         58       73.8      29.87       5.59
1:30pm            277         10         14         60       73.7      29.87       5.59
1:35pm            266          6         14         57       73.7      29.87       5.59
1:40pm            231          6         14         55       74.4      29.87       5.59
1:45pm            251          4         14         48       74.6      29.87       5.59
1:50pm            262         10         14         49       74.9      29.87       5.59
1:55pm            205          1         14         45       74.9      29.87       5.59
1:59pm            281         12         15         46       75.4      29.87       5.59
2:05pm             48          3         13         46       75.4      29.87       5.59
2:10pm            269          6         13         43       75.0      29.87       5.59
2:15pm            245          8         13         42       75.1      29.87       5.59
2:20pm            287         11         13         40       75.5      29.87       5.59
2:25pm            278          4         13         40       75.2      29.87       5.59
2:30pm            342          2         14         37       75.3      29.86       5.59
2:35pm            206          8         13         42       75.1      29.85       5.59
2:40pm            280          4         13         40       75.7      29.84       5.59
2:45pm            269          2         13         42       75.9      29.84       5.59
2:50pm            288          2         13         41       76.0      29.84       5.59
2:55pm            286          6         13         42       76.4      29.85       5.59
3:00pm            251          3         13         40       76.5      29.85       5.59
3:05pm            269          4         10         40       76.3      29.85       5.59
3:10pm            127          0         10         39       76.0      29.85       5.59
3:15pm            285         11         12         36       76.0      29.85       5.59
3:20pm            248          7         12         38       75.9      29.86       5.59
3:25pm            276          7         14         38       75.8      29.86       5.59
3:30pm            288          7          9         38       76.0      29.86       5.59
3:35pm            273          5          8         39       75.8      29.86       5.59
3:40pm            250          3          8         38       75.8      29.86       5.59
3:45pm            246          6         10         36       75.7      29.86       5.59
3:50pm            268          2         10         36       75.5      29.86       5.59
3:55pm            209          2         11         37       75.7      29.86       5.59
4:00pm            287          7         13         36       76.3      29.86       5.59
4:05pm            297          6         13         37       76.1      29.86       5.59
4:10pm            276          4         13         37       76.3      29.85       5.59
4:15pm            215          0         13         38       76.3      29.85       5.59
4:20pm            259          9         13         39       76.2      29.85       5.59
4:25pm            302          4         13         38       76.1      29.85       5.59
4:30pm            242          2         13         37       76.6      29.85       5.59
4:35pm            264          5         11         35       76.8      29.85       5.59
4:40pm            283          3         13         35       76.7      29.85       5.59
4:45pm            182          5         13         33       77.2      29.85       5.59
4:50pm            274          8         13         31       77.3      29.85       5.59
4:55pm            242          1         13         31       77.3      29.86       5.59
5:00pm            273          8         13         28       77.4      29.85       5.59
5:05pm            287          6         14         29       77.2      29.85       5.59
5:10pm            263          3         14         28       77.2      29.86       5.59
5:15pm            248          3         14         28       77.3      29.86       5.59
5:20pm            274          3         14         29       77.5      29.85       5.59
5:25pm            287          5         14         27       77.4      29.86       5.59
5:30pm            248          4         14         28       77.2      29.86       5.59
5:35pm            297          7         11         29       77.3      29.86       5.59
5:40pm            266          5         13         27       76.9      29.86       5.59
5:45pm            279          5         13         28       76.8      29.86       5.59
5:50pm            218          4         13         28       76.1      29.86       5.59
5:55pm            274          6         13         27       75.7      29.86       5.59
6:00pm            263          4         13         28       76.0      29.86       5.59
6:05pm            256          6          9         30       76.0      29.86       5.59
6:10pm            242          1          9         28       75.9      29.86       5.59
6:15pm            262          2          9         30       75.6      29.86       5.59
6:20pm            247          5          9         27       75.2      29.86       5.59
6:25pm            221          2          9         26       75.0      29.86       5.59
6:30pm            224          4         11         27       74.8      29.86       5.59
6:35pm            278          8         12         28       74.5      29.87       5.59
6:40pm            284          6         12         26       74.1      29.87       5.59
6:45pm            268          6         12         27       73.7      29.87       5.59
6:50pm            253          6         12         27       73.5      29.87       5.59
6:55pm            266          4         12         27       73.1      29.88       5.59
7:00pm            283          6         12         27       72.8      29.88       5.59
7:05pm            297          2         11         27       72.6      29.88       5.59
7:10pm            229          3         11         26       72.4      29.88       5.59
7:15pm            269          3         11         27       72.1      29.89       5.59
7:20pm            263          3         11         28       71.6      29.89       5.59
7:25pm            263          2         11         27       71.0      29.89       5.59
7:30pm            275          4         11         27       70.7      29.89       5.59
7:35pm            262          1          6         29       70.3      29.89       5.59
7:40pm            267          1          6         29       69.6      29.89       5.59
7:45pm            259          0          6         30       69.0      29.90       5.59
7:50pm            263          1          6         31       68.5      29.90       5.59
7:55pm            266          1          6         33       67.6      29.90       5.59
8:00pm            276          1          6         32       67.1      29.91       5.59
8:05pm            280          3          4         34       66.7      29.91       5.59
8:10pm            281          3          5         33       66.5      29.91       5.59
8:15pm            269          2          5         34       66.5      29.91       5.59
8:20pm            276          1          5         33       66.2      29.91       5.59
8:25pm            267          1          5         35       65.9      29.91       5.59
8:30pm            269          1          5         38       65.0      29.91       5.59
8:35pm            273          0          2         39       64.0      29.91       5.59
8:40pm            262          0          2         41       63.2      29.91       5.59
8:45pm            244          0          3         42       62.5      29.91       5.59
8:50pm            271          2          3         43       62.1      29.91       5.59
8:55pm            257          1          4         45       61.8      29.91       5.59
9:00pm            284          1          4         45       61.3      29.91       5.59
9:05pm            261          1          3         45       60.9      29.92       5.59
9:10pm            265          1          3         45       60.9      29.92       5.59
9:15pm            253          0          3         46       60.9      29.92       5.59
9:20pm            253          0          3         46       60.4      29.92       5.59
9:25pm            253          0          3         43       60.2      29.92       5.59
9:30pm            253          0          3         43       60.5      29.92       5.59
9:35pm            253          0          0         42       60.6      29.92       5.59
9:40pm            253          0          0         42       60.7      29.93       5.59
9:45pm            253          0          1         45       60.4      29.93       5.59
9:50pm            254          0          1         47       60.0      29.92       5.59
9:55pm            253          0          1         48       59.5      29.92       5.59
10:00pm           253          0          1         49       59.1      29.93       5.59
10:05pm           253          0          1         52       58.8      29.93       5.59
10:10pm           254          0          1         52       58.4      29.93       5.59
10:15pm           281          0          1         52       58.0      29.93       5.59
10:20pm           277          0          1         53       57.7      29.93       5.59
10:25pm           275          1          1         55       57.4      29.93       5.59
10:30pm           269          0          1         56       57.0      29.93       5.59
10:35pm           266          0          1         57       56.5      29.92       5.59
10:40pm           274          0          1         60       56.2      29.92       5.59
10:45pm           277          0          1         59       55.8      29.92       5.59
10:50pm           276          0          1         58       55.8      29.92       5.59
10:55pm           276          0          1         57       55.8      29.92       5.59
11:00pm           276          0          1         57       55.7      29.92       5.59
11:05pm           276          0          0         52       55.9      29.92       5.59
11:10pm           276          0          1         49       56.5      29.92       5.59
11:15pm           276          0          1         52       57.0      29.92       5.59
11:20pm           290          0          1         57       56.8      29.92       5.59
11:25pm           276          1          2         61       55.9      29.92       5.59
11:30pm           269          1          2         63       54.8      29.91       5.59
11:35pm           283          1          2         63       54.5      29.92       5.59
11:40pm           278          2          2         66       54.3      29.92       5.59
11:45pm           288          1          3         64       54.1      29.92       5.59
11:50pm           268          1          3         64       53.9      29.92       5.59
11:55pm           275          0          3         63       54.1      29.92       5.59
