6/26/17
Time         Wind Dir   Wind Spd  Wind Gust   Humidity       Temp  Raw Barom   Tot Rain
                    °        mph        mph          %         °F         in         in
12:00am           283          2          3         69       59.4      29.85      19.51
12:05am           257          1          4         70       59.3      29.85      19.51
12:09am           268          2          4         68       59.2      29.85      19.51
12:14am           207          0          7         68       59.7      29.86      19.51
12:19am           229          3          7         66       60.3      29.86      19.51
12:25am           272          1          7         63       60.6      29.86      19.51
12:30am           277          1          7         63       60.9      29.86      19.51
12:35am           275          3          4         64       60.8      29.85      19.51
12:40am           290          0          4         65       60.5      29.84      19.51
12:45am           274          1          4         68       60.2      29.85      19.51
12:50am           271          2          4         69       59.8      29.84      19.51
12:54am           290          3          4         71       59.3      29.85      19.51
1:00am            281          3          5         73       58.9      29.85      19.51
1:05am            271          1          6         73       58.7      29.85      19.51
1:09am            276          3          7         74       58.5      29.84      19.51
1:15am            283          3          7         75       58.3      29.85      19.51
1:20am            272          2          7         76       58.2      29.84      19.51
1:25am            284          4          7         76       58.0      29.84      19.51
1:30am            264          0          7         77       57.8      29.85      19.51
1:35am            256          1          4         77       57.6      29.84      19.51
1:40am            261          3          4         78       57.5      29.84      19.51
1:45am            254          1          5         77       57.6      29.85      19.51
1:50am            231          5          5         76       57.6      29.84      19.51
1:55am            269          3          5         77       57.6      29.84      19.51
2:00am            269          0          5         77       57.4      29.84      19.51
2:05am            278          0          5         76       57.3      29.84      19.51
2:09am            297          5          5         77       57.2      29.85      19.51
2:15am            223          0          6         78       56.9      29.84      19.51
2:20am            274          0          6         79       56.5      29.84      19.51
2:25am            269          0          6         79       56.2      29.84      19.51
2:30am            272          2          6         80       56.1      29.84      19.51
2:35am            278          0          3         79       56.0      29.84      19.51
2:40am            276          0          5         79       56.1      29.84      19.51
2:45am            273          1          5         79       56.2      29.84      19.51
2:50am            209          1          5         79       56.1      29.84      19.51
2:55am            198          0          5         80       55.8      29.84      19.51
3:00am            219          0          5         81       55.4      29.84      19.51
3:05am            247          0          1         82       54.9      29.84      19.51
3:10am            281          2          3         83       54.5      29.85      19.51
3:15am            270          0          3         84       54.3      29.85      19.51
3:20am            267          0          3         85       54.3      29.84      19.51
3:25am            266          3          4         85       54.2      29.84      19.51
3:30am            265          1          4         85       54.0      29.84      19.51
3:35am            251          1          4         84       54.1      29.84      19.51
3:40am            272          2          5         84       54.1      29.84      19.51
3:45am            274          1          5         84       54.1      29.84      19.51
3:50am            279          1          5         83       54.2      29.84      19.51
3:55am            279          1          5         83       54.4      29.84      19.51
4:00am            276          0          5         84       54.0      29.84      19.51
4:05am            230          0          1         85       53.5      29.85      19.51
4:10am            213          0          1         86       53.1      29.84      19.51
4:15am            252          0          1         87       52.8      29.84      19.51
4:20am            246          1          4         87       52.5      29.84      19.51
4:25am            223          0          4         88       52.4      29.84      19.51
4:30am            210          0          4         88       52.3      29.84      19.51
4:35am            206          1          2         88       52.2      29.85      19.51
4:40am            233          1          2         87       52.2      29.84      19.51
4:45am            221          0          2         87       52.2      29.85      19.51
4:50am            221          0          2         87       52.3      29.85      19.51
4:55am            214          1          2         87       52.3      29.85      19.51
5:00am            216          0          2         87       52.4      29.85      19.51
5:05am            210          0          4         86       52.4      29.85      19.51
5:10am            221          0          5         86       52.4      29.85      19.51
5:15am            276          2          7         85       52.7      29.85      19.51
5:20am            269          2          7         83       53.3      29.85      19.51
5:25am             15          1          7         82       53.8      29.86      19.51
5:30am            258          0          7         81       54.0      29.86      19.51
5:35am            354          0          1         80       54.0      29.86      19.51
5:40am            354          0          1         80       54.2      29.87      19.51
5:45am            329          0          1         81       54.8      29.86      19.51
5:50am            281          1          2         80       55.2      29.86      19.51
5:55am            269          0          2         81       55.3      29.86      19.51
6:00am            278          3          5         79       55.3      29.86      19.51
6:05am            269          0          5         78       55.7      29.87      19.51
6:10am            233          0          5         78       56.1      29.87      19.51
6:15am            217          0          5         77       56.3      29.87      19.51
6:20am            250          2          5         77       56.6      29.87      19.51
6:25am            271          0          5         76       56.8      29.87      19.51
6:30am            283          2          5         76       57.0      29.87      19.51
6:35am            273          0          3         75       57.2      29.88      19.51
6:40am            292          0          3         75       57.4      29.88      19.51
6:45am            253          1          3         76       57.8      29.87      19.51
6:50am            209          1          4         75       58.2      29.88      19.51
6:55am            251          0          5         74       58.4      29.88      19.51
7:00am            263          2          8         73       58.4      29.88      19.51
7:05am            224          5          6         73       58.4      29.88      19.51
7:10am            285          4          8         73       58.7      29.88      19.51
7:15am            255          4          8         73       59.0      29.88      19.51
7:20am            288          3          8         72       59.1      29.88      19.51
7:25am            263          1          8         73       59.2      29.88      19.51
7:30am            270          1          8         72       59.5      29.88      19.51
7:35am            305          2          8         71       59.3      29.88      19.51
7:40am            249          6          8         72       59.8      29.88      19.51
7:45am            300          0          8         72       60.2      29.88      19.51
7:50am            282          5         11         70       60.7      29.88      19.51
7:55am            226          0         11         70       60.8      29.88      19.51
8:00am            228          5         11         68       61.0      29.88      19.51
8:05am             51          0          9         69       61.0      29.89      19.51
8:10am            272          1          9         69       61.0      29.89      19.51
8:15am            294          2          9         70       61.3      29.89      19.51
8:20am            271          1          9         68       61.6      29.89      19.51
8:25am            278          0          9         67       62.1      29.89      19.51
8:30am            297          2          9         67       62.2      29.89      19.51
8:35am            236          0          7         68       62.7      29.89      19.51
8:40am            285          2         12         65       62.5      29.89      19.51
8:45am            263          4         12         66       62.6      29.89      19.51
8:50am            255          2         12         65       62.7      29.89      19.51
8:55am            236          1         12         66       62.8      29.89      19.51
9:00am            300          6         12         65       63.1      29.89      19.51
9:05am            205          1         10         65       62.6      29.89      19.51
9:10am            267          5         11         66       63.0      29.89      19.51
9:15am            236          3         11         64       63.1      29.89      19.51
9:20am            227          5         12         64       63.0      29.89      19.51
9:25am            172          1         12         63       63.3      29.89      19.51
9:30am            205          0         12         61       63.5      29.89      19.51
9:35am            282          5          9         61       64.1      29.89      19.51
9:40am            270          7          9         61       64.9      29.90      19.51
9:45am            184          1          9         61       65.0      29.90      19.51
9:50am            250          7         11         60       64.8      29.89      19.51
9:55am            169          4         12         62       64.5      29.89      19.51
10:00am           324          5         12         60       64.5      29.89      19.51
10:05am           275          5         10         59       65.0      29.89      19.51
10:10am           160          2         12         59       64.9      29.89      19.51
10:15am           278          8         12         62       64.5      29.89      19.51
10:20am           290          6         13         61       64.5      29.89      19.51
10:25am           293          7         13         60       65.0      29.89      19.51
10:30am           165          4         16         60       65.0      29.89      19.51
10:35am           143          3         11         61       65.5      29.90      19.51
10:40am           284          1         13         57       65.6      29.89      19.51
10:45am           280          7         13         58       64.9      29.89      19.51
10:50am           264          8         13         59       64.9      29.89      19.51
10:55am           228          2         13         56       65.7      29.89      19.51
11:00am           169          0         13         56       66.3      29.89      19.51
11:05am           173          0          7         56       66.1      29.89      19.51
11:10am           286          5          8         56       67.1      29.89      19.51
11:15am           290          4          8         54       67.7      29.89      19.51
11:20am           249          2          8         54       67.4      29.89      19.51
11:25am           196          2         11         54       67.1      29.89      19.51
11:30am           276          2         11         51       67.5      29.89      19.51
11:35am           263          3          7         50       68.2      29.89      19.51
11:40am           289          4          8         50       68.1      29.89      19.51
11:45am           268          1          8         54       68.1      29.89      19.51
11:50am           278          1          8         47       68.6      29.89      19.51
11:55am           302          1          9         51       68.8      29.89      19.51
12:00pm           256          0          9         48       68.9      29.89      19.51
12:05pm           148          0          3         52       68.7      29.89      19.51
12:10pm           262          2          4         54       69.2      29.89      19.51
12:15pm           287          6          7         53       69.6      29.89      19.51
12:20pm           287          4         14         51       69.9      29.89      19.51
12:25pm           263          8         14         48       69.9      29.89      19.51
12:30pm           279          5         14         49       69.4      29.89      19.51
12:35pm           183          1         11         51       69.3      29.89      19.51
12:40pm           270          0         11         49       70.3      29.89      19.51
12:45pm           250          3         11         47       70.7      29.88      19.51
12:49pm           234          5         11         48       70.4      29.88      19.51
12:55pm           261          2         11         51       69.3      29.88      19.51
1:00pm            348          2         11         51       69.3      29.88      19.51
1:05pm            357          0          6         51       69.2      29.88      19.51
1:10pm            252          0          7         52       69.7      29.88      19.51
1:15pm            271          5          8         49       70.4      29.88      19.51
1:20pm            184          2          8         49       70.1      29.88      19.51
1:25pm            297          1          8         51       70.8      29.88      19.51
1:30pm            298          7          8         49       70.7      29.88      19.51
1:35pm            256          4         12         50       69.7      29.88      19.51
1:40pm            306          4         12         49       69.6      29.88      19.51
1:45pm            249          4         12         50       69.8      29.88      19.51
1:50pm            245          1         12         51       69.4      29.88      19.51
1:55pm            293          6         12         51       69.4      29.88      19.51
2:00pm            250          2         12         49       69.2      29.88      19.51
2:05pm            231          3         11         51       69.7      29.88      19.51
2:10pm            239          2         11         53       71.2      29.87      19.51
2:15pm            351          8         12         49       71.4      29.88      19.51
2:20pm            264          1         12         50       70.7      29.88      19.51
2:25pm            290          7         12         48       71.1      29.88      19.51
2:30pm            260          0         12         51       70.8      29.88      19.51
2:35pm            229          1         10         50       69.7      29.88      19.51
2:40pm            203          1         10         52       69.4      29.88      19.51
2:45pm            220          1         10         52       69.5      29.88      19.51
2:50pm            266          5         10         52       69.5      29.88      19.51
2:55pm            274          1         10         53       68.7      29.88      19.51
3:00pm            274          5         10         54       69.2      29.88      19.51
3:05pm            269          5          8         50       69.6      29.87      19.51
3:10pm            291          2         10         48       69.6      29.88      19.51
3:15pm            283          4         10         49       69.1      29.87      19.51
3:20pm            276          0         10         51       68.5      29.87      19.51
3:25pm            275          0         10         52       68.3      29.88      19.51
3:30pm            290          3         10         55       69.0      29.88      19.51
3:35pm            280          2          8         49       69.7      29.88      19.51
3:40pm            284          1          8         50       70.2      29.88      19.51
3:45pm            240          0          8         50       70.6      29.87      19.51
3:50pm            205          2          8         49       70.3      29.87      19.51
3:55pm            214          0          8         52       70.1      29.88      19.51
4:00pm            261          3          8         48       70.4      29.87      19.51
4:05pm            281          4          7         51       70.1      29.87      19.51
4:10pm            231          2         10         52       69.7      29.87      19.51
4:15pm            200          3         10         53       70.6      29.87      19.51
4:20pm            265          0         10         51       71.6      29.86      19.51
4:25pm            193          2         10         50       71.8      29.86      19.51
4:30pm            269          3         10         50       71.8      29.86      19.51
4:35pm            267          3          5         50       71.0      29.86      19.51
4:40pm            258          0          5         52       70.7      29.86      19.51
4:45pm            182          0          5         52       71.1      29.86      19.51
4:50pm            286          1          5         49       71.7      29.86      19.51
4:55pm            227          0          5         52       71.9      29.86      19.51
5:00pm            195          1          6         50       72.3      29.86      19.51
5:05pm            285          6          8         48       71.7      29.86      19.51
5:10pm            278          0          8         51       71.8      29.86      19.51
5:15pm            311          2         11         47       71.7      29.86      19.51
5:20pm            211          1         11         50       71.4      29.86      19.51
5:25pm            268          1         11         50       71.0      29.86      19.51
5:30pm            244          0         11         50       70.2      29.87      19.51
5:35pm            250          2          9         50       69.8      29.86      19.51
5:40pm            247          0          9         53       69.3      29.86      19.51
5:45pm            252          4         10         52       68.9      29.86      19.51
5:50pm            266          3         10         54       68.6      29.86      19.51
5:55pm            231          0         10         56       68.3      29.87      19.51
6:00pm            295          2         10         56       68.4      29.87      19.51
6:05pm            124          0          8         58       67.7      29.87      19.51
6:10pm            284          0          8         59       67.3      29.87      19.51
6:15pm            176          0          8         61       66.6      29.88      19.51
6:20pm            118          0          8         65       65.6      29.88      19.51
6:25pm            168          0          8         65       65.1      29.88      19.51
6:30pm            340          0          8         66       64.5      29.89      19.51
6:35pm             77          0          3         66       64.0      29.89      19.51
6:40pm             60          3          5         70       63.5      29.88      19.51
6:45pm            231          0          5         71       62.9      29.88      19.51
6:50pm            249          0          5         73       62.8      29.88      19.51
6:55pm            294          0          5         72       62.5      29.88      19.51
7:00pm            129          0          5         73       62.6      29.89      19.51
7:05pm            124          0          2         73       62.4      29.89      19.51
7:10pm            200          0          4         74       62.2      29.89      19.51
7:15pm            188          0          4         73       62.2      29.89      19.51
7:20pm            220          1          4         74       62.3      29.91      19.51
7:25pm            229          0          4         74       62.2      29.91      19.51
7:30pm             19          0          4         75       62.0      29.91      19.51
7:35pm             90          0          1         75       61.7      29.91      19.51
7:40pm             49          0          2         76       61.4      29.91      19.51
7:45pm             49          0          2         76       61.2      29.91      19.51
7:50pm             49          0          2         78       61.0      29.91      19.51
7:55pm             49          0          2         78       60.8      29.91      19.51
8:00pm             49          0          2         79       60.5      29.91      19.51
8:05pm             49          0          0         80       60.3      29.92      19.51
8:10pm            210          0          1         80       60.3      29.92      19.51
8:15pm            217          0          1         80       60.3      29.92      19.51
8:20pm            250          0          1         80       60.3      29.92      19.51
8:25pm            265          0          2         79       60.3      29.91      19.51
8:30pm            262          1          3         78       60.2      29.92      19.51
8:35pm            280          2          2         80       60.1      29.92      19.51
8:40pm            221          0          4         80       59.9      29.92      19.51
8:45pm            285          0          4         80       59.7      29.92      19.51
8:50pm            276          0          4         81       59.5      29.92      19.51
8:55pm            282          1          4         81       59.3      29.91      19.51
9:00pm            281          0          4         81       59.3      29.91      19.51
9:05pm            240          0          1         81       59.2      29.90      19.51
9:10pm            285          0          1         80       59.1      29.90      19.51
9:15pm            284          0          2         80       59.2      29.90      19.51
9:20pm            276          0          2         81       59.2      29.90      19.51
9:25pm            276          0          2         81       59.0      29.90      19.51
9:30pm            276          0          2         81       58.8      29.90      19.51
9:35pm            276          0          0         83       58.7      29.90      19.51
9:40pm            275          0          0         82       58.4      29.91      19.51
9:45pm            275          0          0         84       58.2      29.91      19.51
9:50pm            273          0          0         85       58.0      29.91      19.51
9:55pm            273          0          1         85       57.7      29.90      19.51
10:00pm           277          0          1         86       57.4      29.91      19.51
10:05pm           286          0          1         87       57.0      29.91      19.51
10:10pm           276          0          1         87       56.8      29.91      19.51
10:15pm           283          0          1         88       56.6      29.91      19.51
10:20pm           283          0          1         88       56.3      29.91      19.51
10:25pm           282          0          1         89       55.9      29.91      19.51
10:30pm           211          0          1         89       55.6      29.91      19.51
10:35pm           255          0          1         90       55.4      29.91      19.51
10:40pm           285          0          1         91       55.4      29.91      19.51
10:45pm           285          0          1         91       55.3      29.91      19.51
10:50pm           263          0          1         91       55.3      29.91      19.51
10:55pm           263          0          1         91       55.1      29.91      19.51
11:00pm           258          0          2         92       55.3      29.91      19.51
11:05pm           238          0          2         92       55.3      29.91      19.51
11:10pm           229          0          2         92       55.3      29.91      19.51
11:15pm           271          0          2         92       55.2      29.91      19.51
11:20pm           276          0          2         92       55.1      29.90      19.51
11:25pm           205          0          2         92       55.0      29.90      19.51
11:30pm           205          0          2         92       54.9      29.91      19.51
11:35pm           243          0          1         92       54.9      29.91      19.51
11:40pm           252          0          1         93       54.8      29.91      19.51
11:45pm           253          0          2         93       54.8      29.91      19.51
11:50pm           274          0          2         92       54.8      29.91      19.51
11:55pm           274          0          2         92       54.7      29.91      19.51
