6/24/17
Time         Wind Dir   Wind Spd  Wind Gust   Humidity       Temp  Raw Barom   Tot Rain
                    °        mph        mph          %         °F         in         in
12:00am           270          4         12         93       70.9      29.48      19.45
12:05am           288          2          5         93       70.7      29.48      19.45
12:10am           281          0          5         94       70.6      29.47      19.45
12:15am           229          0          5         94       70.5      29.47      19.45
12:20am           229          0          5         94       70.3      29.47      19.45
12:25am           229          0          5         94       70.2      29.47      19.45
12:30am           229          0          5         94       70.1      29.46      19.45
12:35am           229          0          0         94       69.9      29.46      19.45
12:40am           229          0          0         95       69.8      29.46      19.45
12:45am           229          0          1         95       69.8      29.46      19.45
12:50am           229          0          1         95       69.8      29.45      19.45
12:55am           229          0          1         95       69.7      29.46      19.45
1:00am            345          0          1         95       69.8      29.45      19.45
1:05am            345          0          1         95       69.7      29.45      19.45
1:10am            345          0          1         95       69.6      29.45      19.45
1:15am            344          0          1         95       69.5      29.44      19.45
1:20am            345          0          1         95       69.5      29.44      19.45
1:25am             41          0          1         96       69.6      29.44      19.45
1:30am             48          0          1         96       69.7      29.44      19.45
1:35am             47          0          1         96       69.7      29.44      19.45
1:40am             47          0          1         96       69.7      29.44      19.45
1:45am            255          0          6         96       69.9      29.44      19.46
1:50am            226          0          6         96       69.9      29.44      19.46
1:55am            267          0          6         96       70.0      29.44      19.46
1:59am            263          0          6         96       70.1      29.44      19.46
2:05am            275          0          7         96       70.2      29.44      19.46
2:10am            264          0          7         96       70.3      29.43      19.46
2:15am            280          0          7         96       70.4      29.43      19.46
2:20am            290          0          7         96       70.4      29.43      19.47
2:25am            283          2          7         96       70.5      29.43      19.47
2:29am            288          1          7         96       70.5      29.43      19.48
2:35am            275          1          3         96       70.6      29.42      19.49
2:40am            273          1          3         96       70.5      29.42      19.49
2:45am            276          0          3         96       70.5      29.42      19.49
2:50am            276          0          3         96       70.5      29.42      19.49
2:55am            271          0          3         96       70.4      29.42      19.49
2:59am            271          0          3         96       70.4      29.42      19.49
3:05am             82          0          1         96       70.3      29.42      19.49
3:10am            267          0          3         96       70.3      29.42      19.49
3:15am            274          1          5         96       70.3      29.41      19.49
3:20am            281          1          5         96       70.3      29.41      19.49
3:25am            273          0          5         96       70.3      29.40      19.49
3:30am            262          1          5         96       70.2      29.40      19.49
3:35am            273          3          6         96       70.2      29.40      19.49
3:40am            270          1          6         96       70.2      29.40      19.49
3:45am            263          1          6         96       70.2      29.40      19.49
3:50am            289          2          6         96       70.1      29.40      19.49
3:55am            264          1          6         96       70.0      29.40      19.49
4:00am            264          1          6         96       70.0      29.40      19.49
4:05am            259          3          6         96       69.9      29.39      19.49
4:10am            290          6          6         96       69.9      29.39      19.49
4:15am            286          5          6         96       69.9      29.39      19.49
4:20am            271          3          7         96       69.9      29.39      19.49
4:25am            213          1          7         96       69.9      29.40      19.49
4:29am            273          2          8         96       69.9      29.39      19.49
4:35am            264          2          8         96       69.9      29.39      19.49
4:40am            281          4          8         95       69.9      29.39      19.49
4:45am            290          3          8         95       69.9      29.39      19.49
4:50am            262          3          8         95       69.9      29.40      19.49
4:55am            267          3          8         95       69.8      29.40      19.49
5:00am            292          4          8         95       69.8      29.40      19.49
5:05am            292          5          6         95       69.7      29.40      19.49
5:10am            264          0          8         95       69.8      29.41      19.49
5:15am            252          2          8         95       69.8      29.41      19.49
5:20am            256          1          8         95       69.8      29.41      19.49
5:24am            285          5          8         95       69.7      29.40      19.49
5:30am            266          5          8         95       69.7      29.41      19.49
5:34am            293          4          8         95       69.7      29.41      19.49
5:40am            262          4          8         95       69.7      29.42      19.49
5:44am            279          4          8         95       69.7      29.42      19.49
5:49am            270          2          8         95       69.6      29.42      19.49
5:55am            274          2          8         95       69.7      29.42      19.49
6:00am            281          1          8         95       69.6      29.42      19.49
6:05am            283          4          7         95       69.6      29.42      19.49
6:10am            271          2          7         95       69.6      29.42      19.50
6:14am            272          1          7         95       69.5      29.42      19.50
6:20am            262          2          7         95       69.5      29.43      19.50
6:25am            257          2          7         95       69.4      29.43      19.50
6:30am            280          3          7         95       69.5      29.43      19.50
6:35am            278          2          8         95       69.4      29.43      19.50
6:39am            269          7          8         95       69.4      29.44      19.50
6:44am            255          3          9         95       69.4      29.43      19.50
6:50am            238          1          9         96       69.5      29.43      19.50
6:54am            287          4          9         95       69.4      29.43      19.50
7:00am            268          1          9         96       69.4      29.43      19.50
7:05am            262          1          4         96       69.4      29.44      19.50
7:09am            259          2          6         96       69.4      29.44      19.50
7:14am            245          2          6         96       69.4      29.44      19.50
7:20am            281          4          7         96       69.3      29.44      19.50
7:25am            269          3          7         96       69.3      29.44      19.50
7:30am            245          0          7         96       69.3      29.44      19.50
7:34am            255          0          3         95       69.3      29.43      19.50
7:39am            270          0          4         95       69.4      29.44      19.50
7:45am            280          1          4         95       69.4      29.44      19.50
7:50am            248          0          4         95       69.4      29.44      19.50
7:55am            280          0          4         95       69.5      29.44      19.50
8:00am            276          0          4         95       69.6      29.44      19.50
8:04am            271          0          1         95       69.7      29.44      19.50
8:10am            246          0          1         95       69.9      29.44      19.50
8:15am            207          0          2         95       70.0      29.44      19.50
8:20am            219          0          3         95       70.2      29.44      19.50
8:24am            248          1          6         95       70.2      29.45      19.50
8:29am            212          0          6         94       70.3      29.45      19.50
8:34am            256          0          5         94       70.6      29.45      19.50
8:39am            268          1          5         94       70.8      29.45      19.50
8:44am            270          2          5         93       70.9      29.45      19.50
8:49am            195          0          5         93       71.2      29.45      19.50
8:54am            269          0          9         92       71.4      29.45      19.50
9:00am            269          0          9         92       71.8      29.45      19.50
9:05am            199          2          5         91       71.6      29.46      19.50
9:10am            274          3          7         91       71.5      29.46      19.50
9:15am            257          2          7         91       71.5      29.47      19.50
9:19am            283          0          7         90       71.4      29.47      19.50
9:24am            192          2          7         90       71.2      29.47      19.50
9:29am            269          1          7         90       71.1      29.47      19.50
9:35am            127          0          2         91       71.1      29.47      19.50
9:39am            285          3          5         91       71.1      29.47      19.50
9:44am            204          0          6         90       71.0      29.47      19.50
9:49am            202          0          6         91       70.9      29.47      19.50
9:55am            205          0          6         91       70.9      29.47      19.50
10:00am           274          0          6         91       70.8      29.47      19.50
10:05am           263          0          2         91       70.7      29.47      19.50
10:09am           248          1          2         91       70.7      29.48      19.50
10:14am           257          1          2         91       70.7      29.47      19.50
10:19am           274          0          2         91       70.8      29.47      19.50
10:25am           283          3          3         91       70.9      29.47      19.50
10:30am           247          0          3         91       71.2      29.47      19.50
10:34am           283          0          3         91       71.5      29.47      19.50
10:40am           287          1          7         89       71.8      29.47      19.50
10:44am           223          3          7         88       72.3      29.47      19.50
10:49am           245          3         11         87       72.3      29.47      19.50
10:55am           259          2         11         86       72.1      29.47      19.50
11:00am           219          0         11         86       72.0      29.48      19.50
11:04am           271          4          8         85       72.3      29.48      19.50
11:10am           281          6          8         85       72.6      29.48      19.50
11:15am           224          3          9         85       72.7      29.48      19.50
11:19am           283          4         12         84       72.6      29.48      19.50
11:24am           141          1         12         85       72.6      29.48      19.50
11:30am           291          1         12         83       72.7      29.48      19.50
11:34am           212          2          9         84       73.0      29.49      19.50
11:39am           255          3          9         82       73.7      29.49      19.50
11:44am           280          3         10         79       74.3      29.49      19.50
11:49am           262          4         12         81       74.9      29.49      19.51
11:54am           282          4         12         77       75.5      29.49      19.51
12:00pm           274          3         12         77       76.0      29.49      19.51
12:05pm           297          9         12         74       76.3      29.49      19.51
12:10pm           266          3         12         73       76.6      29.49      19.51
12:15pm           286          4         13         70       76.6      29.49      19.51
12:20pm           282          9         13         69       76.9      29.50      19.51
12:25pm           191          2         13         67       77.7      29.50      19.51
12:29pm           276          4         13         65       78.0      29.50      19.51
12:35pm           231          3         13         68       77.4      29.50      19.51
12:40pm           251          0         13         68       78.0      29.50      19.51
12:44pm           284          5         13         63       78.5      29.50      19.51
12:50pm           191          2         13         61       78.2      29.50      19.51
12:55pm           283         10         13         58       78.0      29.50      19.51
1:00pm            278          7         13         60       77.8      29.51      19.51
1:05pm            259          8         13         60       78.7      29.51      19.51
1:10pm            254          5         13         57       78.6      29.51      19.51
1:15pm            155          2         13         60       77.6      29.52      19.51
1:20pm             51          0         13         64       76.2      29.52      19.51
1:24pm            238          0         13         66       76.2      29.52      19.51
1:30pm            290          4         13         63       76.9      29.52      19.51
1:34pm            257          5          7         61       77.5      29.52      19.51
1:39pm            233          0          7         61       77.5      29.53      19.51
1:45pm            241          0          7         63       77.5      29.53      19.51
1:50pm            155          0          7         60       77.6      29.53      19.51
1:55pm            268          0          7         59       77.9      29.53      19.51
2:00pm             86          0          7         56       78.5      29.54      19.51
2:05pm              6          8         10         58       78.4      29.53      19.51
2:10pm             63          0         11         56       78.6      29.53      19.51
2:14pm            266          8         11         48       78.9      29.54      19.51
2:20pm            288          8         11         47       79.2      29.54      19.51
2:25pm            190          2         11         47       79.3      29.55      19.51
2:30pm            223          9         11         46       79.7      29.55      19.51
2:35pm            354          2         11         47       79.4      29.55      19.51
2:40pm            195          2         11         48       79.8      29.56      19.51
2:45pm            236          3         16         48       79.6      29.55      19.51
2:50pm            281         11         16         48       79.2      29.56      19.51
2:55pm            318          1         16         51       79.6      29.56      19.51
3:00pm            319          3         16         49       80.2      29.56      19.51
3:05pm              9          2          7         51       80.6      29.56      19.51
3:10pm            335          0          7         47       80.7      29.56      19.51
3:14pm            301          4          7         48       80.4      29.56      19.51
3:20pm            214          5          7         47       80.7      29.57      19.51
3:24pm            194          1          8         46       81.0      29.57      19.51
3:30pm            262          1          8         47       81.0      29.57      19.51
3:34pm            228          2          9         45       81.1      29.57      19.51
3:40pm            193          3          9         44       81.0      29.57      19.51
3:45pm            267          6          9         44       81.1      29.57      19.51
3:49pm            177          2          9         46       81.0      29.57      19.51
3:54pm             91          2          9         49       81.1      29.57      19.51
4:00pm            311          4          9         44       81.2      29.57      19.51
4:05pm            290          3          5         46       80.5      29.57      19.51
4:10pm            259          3          7         46       79.6      29.58      19.51
4:15pm            272          2          7         50       78.8      29.58      19.51
4:20pm            276          6          7         48       79.6      29.58      19.51
4:25pm            256          2          8         49       80.1      29.58      19.51
4:30pm            357          1          8         51       80.2      29.58      19.51
4:35pm            181          0          5         52       79.6      29.59      19.51
4:40pm             79          2         11         49       80.0      29.59      19.51
4:45pm            252          3         11         45       80.6      29.59      19.51
4:50pm            182          2         11         48       80.0      29.59      19.51
4:55pm            225          4         11         47       79.8      29.59      19.51
5:00pm            257          4         11         47       79.9      29.59      19.51
5:05pm            246          6         10         47       79.7      29.60      19.51
5:10pm            266          2         10         48       79.7      29.60      19.51
5:15pm            297          9         12         47       79.9      29.60      19.51
5:19pm            257          6         12         48       79.1      29.60      19.51
5:25pm            271          0         12         49       78.7      29.60      19.51
5:30pm            158          0         12         51       79.0      29.61      19.51
5:35pm            191          0          5         49       79.0      29.61      19.51
5:40pm            284          0          5         51       78.7      29.61      19.51
5:45pm            257          2          7         49       79.0      29.61      19.51
5:50pm            195          3          9         48       79.3      29.61      19.51
5:55pm            218          4         12         45       79.3      29.61      19.51
6:00pm            285         11         14         42       79.1      29.61      19.51
6:05pm            178          1         11         41       79.0      29.61      19.51
6:10pm            313          8         11         42       78.3      29.62      19.51
6:15pm            176          1         11         42       77.4      29.62      19.51
6:20pm            254          9         11         43       76.8      29.62      19.51
6:25pm            297          5         13         44       76.5      29.62      19.51
6:30pm            199          1         13         45       76.6      29.62      19.51
6:35pm            307          4         10         44       76.8      29.63      19.51
6:40pm            292          6         10         44       76.9      29.63      19.51
6:45pm            168          0         15         44       76.7      29.64      19.51
6:50pm            332         10         17         44       76.5      29.63      19.51
6:55pm            167          2         17         45       76.3      29.64      19.51
7:00pm            264          6         17         46       75.9      29.64      19.51
7:05pm            214          3         10         46       75.8      29.65      19.51
7:10pm            206          0         10         47       75.7      29.64      19.51
7:15pm            304          1         10         48       75.4      29.65      19.51
7:20pm            261          2         10         49       75.1      29.64      19.51
7:25pm            255          2         10         50       74.9      29.65      19.51
7:30pm            279          8         10         52       74.6      29.65      19.51
7:35pm            270         12         12         49       74.4      29.65      19.51
7:40pm            251          3         15         49       74.4      29.65      19.51
7:45pm            193          1         15         50       74.2      29.65      19.51
7:50pm            264          2         15         50       73.9      29.65      19.51
7:55pm            193          0         15         51       73.6      29.66      19.51
8:00pm            234          0         15         52       73.0      29.66      19.51
8:05pm            219          0          3         53       72.4      29.66      19.51
8:10pm            254          1          3         56       71.9      29.67      19.51
8:15pm            220          0          3         55       71.4      29.67      19.51
8:20pm            252          1          3         56       70.9      29.67      19.51
8:25pm            285          0          3         57       70.5      29.68      19.51
8:30pm            215          0          3         57       70.2      29.68      19.51
8:35pm            288          0          4         56       69.9      29.68      19.51
8:40pm            255          1          6         58       69.9      29.68      19.51
8:45pm            221          3          6         55       69.8      29.68      19.51
8:50pm            287          0         10         56       69.9      29.68      19.51
8:55pm            191          2         10         55       70.1      29.69      19.51
9:00pm            210          0         10         56       70.0      29.69      19.51
9:05pm            167          2          6         55       69.7      29.70      19.51
9:10pm            250          0          6         56       69.6      29.70      19.51
9:15pm            213          0          6         57       69.1      29.70      19.51
9:20pm            264          0          6         58       68.8      29.71      19.51
9:25pm            270          1          6         59       68.6      29.71      19.51
9:30pm            255          0          6         58       68.5      29.71      19.51
9:35pm            240          1          3         59       68.4      29.71      19.51
9:40pm            223          0          3         59       68.4      29.71      19.51
9:45pm            207          0          3         58       68.5      29.71      19.51
9:50pm            197          1          4         58       68.6      29.72      19.51
9:55pm            285          1          4         59       68.4      29.72      19.51
10:00pm           276          0          4         59       68.1      29.72      19.51
10:05pm           263          0          2         61       67.6      29.72      19.51
10:10pm           270          0          3         61       67.3      29.72      19.51
10:15pm           275          0          3         61       67.1      29.72      19.51
10:20pm           267          0          3         62       66.7      29.72      19.51
10:25pm           271          0          3         64       66.2      29.72      19.51
10:30pm           243          0          3         64       65.8      29.73      19.51
10:35pm           218          2          6         62       65.7      29.73      19.51
10:40pm           252          5          7         59       66.2      29.73      19.51
10:45pm           262          2          7         58       66.6      29.73      19.51
10:50pm           268          3          7         56       66.8      29.74      19.51
10:55pm           262          2          8         55       66.9      29.74      19.51
11:00pm           203          0          8         57       67.0      29.73      19.51
11:05pm           188          3          8         56       66.7      29.74      19.51
11:10pm           297          5          8         55       66.7      29.74      19.51
11:15pm           217          2          8         56       66.6      29.74      19.51
11:20pm           271          2          8         55       66.7      29.75      19.51
11:25pm           323          2          8         57       66.7      29.75      19.51
11:30pm           275          2          8         57       66.5      29.75      19.51
11:35pm           271          1          3         57       66.2      29.75      19.51
11:40pm           259          0          3         58       65.9      29.76      19.51
11:45pm           221          0          3         59       65.5      29.76      19.51
11:50pm           227          0          3         61       65.0      29.76      19.51
11:55pm           282          1          3         61       64.5      29.76      19.51
