6/4/17
Time         Wind Dir   Wind Spd  Wind Gust   Humidity       Temp  Raw Barom   Tot Rain
                    °        mph        mph          %         °F         in         in
12:00am           257          0          0         89       48.1      29.91      14.55
12:05am           257          0          1         89       48.1      29.91      14.55
12:10am           257          0          1         89       47.7      29.91      14.55
12:15am           257          0          1         90       47.5      29.91      14.55
12:20am           257          0          1         90       47.3      29.90      14.55
12:25am           257          1          1         91       47.1      29.90      14.55
12:30am           268          0          1         91       47.0      29.90      14.55
12:35am           268          0          1         91       46.9      29.90      14.55
12:40am           269          0          1         91       46.7      29.90      14.55
12:45am           269          0          1         92       46.4      29.90      14.55
12:50am           286          0          1         92       46.1      29.90      14.55
12:55am           286          0          1         92       45.9      29.90      14.55
1:00am            286          0          1         93       45.8      29.90      14.55
1:05am            286          0          0         93       45.7      29.90      14.55
1:10am            279          0          1         93       45.6      29.90      14.55
1:15am            277          0          1         93       45.5      29.90      14.55
1:20am            277          0          1         93       45.3      29.90      14.55
1:25am            277          0          1         93       45.2      29.90      14.55
1:30am            277          0          1         94       45.1      29.90      14.55
1:35am            277          0          0         94       45.0      29.90      14.55
1:40am            277          0          0         94       44.9      29.90      14.55
1:45am            280          1          1         94       44.8      29.90      14.55
1:50am            278          0          1         94       44.7      29.90      14.55
1:55am            267          0          1         94       44.7      29.90      14.55
2:00am            267          0          1         94       44.4      29.91      14.55
2:05am            262          0          1         94       44.2      29.91      14.55
2:10am            262          0          1         94       44.0      29.91      14.55
2:15am            281          1          2         94       43.9      29.91      14.55
2:20am            266          0          2         94       43.7      29.91      14.55
2:25am            266          0          2         94       43.6      29.91      14.55
2:30am            266          0          2         94       43.3      29.92      14.55
2:35am            266          0          0         94       43.1      29.92      14.55
2:40am            266          0          0         95       43.0      29.92      14.55
2:45am            266          0          0         95       42.9      29.92      14.55
2:50am            266          0          0         95       42.9      29.92      14.55
2:55am            266          0          0         95       42.8      29.91      14.55
3:00am            266          0          0         95       42.8      29.90      14.55
3:05am            266          0          0         95       42.8      29.90      14.55
3:10am            266          0          0         95       42.6      29.91      14.55
3:15am            266          0          0         95       42.8      29.90      14.55
3:20am            266          0          0         95       42.7      29.90      14.55
3:25am            266          0          0         96       42.8      29.90      14.55
3:30am            266          0          0         95       42.8      29.90      14.55
3:35am            266          0          0         95       42.6      29.90      14.55
3:40am            266          0          1         95       42.7      29.90      14.55
3:45am            266          0          1         95       42.6      29.90      14.55
3:50am            276          1          2         95       42.5      29.91      14.55
3:55am            275          0          2         95       42.2      29.91      14.55
4:00am            275          0          2         95       42.0      29.92      14.55
4:05am            275          0          0         95       41.9      29.92      14.55
4:10am            275          0          0         95       41.7      29.92      14.55
4:15am            275          0          0         95       41.7      29.92      14.55
4:20am            284          1          2         95       41.6      29.92      14.55
4:25am            286          0          2         95       41.5      29.92      14.55
4:30am            283          0          2         95       41.3      29.92      14.55
4:35am            283          0          0         95       41.1      29.92      14.55
4:40am            284          0          1         96       41.1      29.92      14.55
4:45am            283          0          1         96       41.3      29.92      14.55
4:50am            277          0          1         96       41.4      29.92      14.55
4:55am            277          0          1         96       41.4      29.92      14.55
5:00am            277          0          1         96       41.3      29.92      14.55
5:05am            277          0          1         96       41.3      29.92      14.55
5:10am            277          0          1         96       41.3      29.92      14.55
5:15am            278          0          1         96       41.4      29.92      14.55
5:20am            278          0          1         96       41.4      29.92      14.55
5:25am            280          0          1         96       41.5      29.91      14.55
5:30am            278          0          1         96       41.5      29.92      14.55
5:35am            278          0          1         96       41.4      29.92      14.55
5:40am            278          0          1         96       41.8      29.92      14.55
5:45am            270          0          1         96       42.4      29.92      14.55
5:50am            270          0          1         95       43.0      29.93      14.55
5:55am            274          0          1         95       43.3      29.93      14.55
6:00am            274          0          1         95       43.8      29.93      14.55
6:05am            274          0          1         95       44.3      29.93      14.55
6:10am            274          0          1         95       44.5      29.93      14.55
6:15am            274          0          1         95       44.9      29.93      14.55
6:20am            283          0          1         95       44.9      29.93      14.55
6:25am            285          0          1         95       45.1      29.93      14.55
6:30am            261          0          1         95       45.3      29.93      14.55
6:35am            233          0          1         95       45.4      29.93      14.55
6:40am            271          0          1         95       46.0      29.92      14.55
6:45am            274          0          1         95       46.1      29.93      14.55
6:50am            234          0          2         94       45.9      29.93      14.55
6:55am            269          0          2         94       45.9      29.93      14.55
7:00am            245          0          3         95       46.2      29.93      14.55
7:05am            278          1          3         95       46.6      29.93      14.55
7:10am            255          2          3         95       47.0      29.93      14.55
7:15am            267          1          3         95       47.5      29.93      14.55
7:20am            272          1          3         95       47.7      29.93      14.55
7:25am            238          0          3         95       48.2      29.93      14.55
7:30am            279          1          3         94       48.8      29.93      14.55
7:35am            264          0          4         94       49.5      29.93      14.55
7:40am            256          0          4         93       49.9      29.93      14.55
7:45am            275          1          4         92       50.4      29.93      14.55
7:50am            283          2          4         92       51.1      29.93      14.55
7:55am            279          1          4         91       51.8      29.93      14.55
8:00am            274          1          4         89       52.7      29.93      14.55
8:05am            274          2          3         88       53.5      29.93      14.55
8:10am            248          3          3         86       54.5      29.93      14.55
8:15am            295          2          3         83       55.6      29.93      14.55
8:20am            269          0          5         80       56.0      29.93      14.55
8:25am            198          0          5         81       56.7      29.93      14.55
8:30am            276          1          5         79       57.5      29.92      14.55
8:35am            264          1          4         77       57.7      29.93      14.55
8:40am            264          0          4         76       58.0      29.93      14.55
8:45am            284          1          4         75       58.2      29.93      14.55
8:50am            252          3          4         75       58.1      29.93      14.55
8:55am             54          0          4         75       58.8      29.93      14.55
9:00am            295          2          4         73       59.1      29.93      14.55
9:05am            262          0          5         72       59.0      29.93      14.55
9:10am            210          1          5         72       59.3      29.93      14.55
9:15am            219          1          6         72       59.6      29.93      14.55
9:20am            227          0          7         72       60.0      29.92      14.55
9:25am            294          3          7         71       60.5      29.93      14.55
9:30am            320          4          7         71       60.5      29.92      14.55
9:35am            265          4          6         69       61.2      29.92      14.55
9:40am            217          0          6         70       61.2      29.92      14.55
9:45am            247          2          6         69       62.0      29.92      14.55
9:50am            269          1          6         68       62.7      29.91      14.55
9:55am            229          2          6         68       62.3      29.91      14.55
10:00am           207          0          7         68       61.9      29.91      14.55
10:05am           225          2          7         68       62.7      29.91      14.55
10:10am           275          3          7         65       63.5      29.91      14.55
10:15am           216          1          7         66       63.5      29.91      14.55
10:20am           295          2          7         66       62.8      29.91      14.55
10:25am           210          2          7         66       62.9      29.91      14.55
10:30am            67          1          7         62       63.4      29.91      14.55
10:35am           270          1          4         64       63.8      29.91      14.55
10:40am           276          3          4         61       64.2      29.91      14.55
10:45am           266          0          5         61       64.6      29.91      14.55
10:50am           110          0          5         62       64.3      29.91      14.55
10:55am           278          0          5         60       64.9      29.91      14.55
11:00am           233          2          6         58       64.9      29.91      14.55
11:05am           315          1          8         60       65.2      29.91      14.55
11:10am           222          2          8         57       66.2      29.91      14.55
11:15am             2          1          8         58       65.8      29.91      14.55
11:20am           225          4         11         56       66.0      29.91      14.55
11:25am           248          2         11         56       65.9      29.90      14.55
11:30am           304          3         11         55       66.4      29.90      14.55
11:35am           257          0          3         57       66.3      29.90      14.55
11:40am           236          1          8         55       66.8      29.90      14.55
11:45am           155          0          8         53       67.2      29.89      14.55
11:50am           231          1          8         54       67.6      29.89      14.55
11:55am           358          3          8         54       67.9      29.89      14.55
12:00pm           191          0          8         53       68.0      29.89      14.55
12:05pm           255          5          5         54       67.9      29.88      14.55
12:10pm           271          1          5         52       68.0      29.88      14.55
12:15pm           217          0          5         53       68.1      29.88      14.55
12:20pm           288          1          5         53       67.8      29.87      14.55
12:25pm           297          3          6         53       67.7      29.87      14.55
12:30pm           269          4          6         57       67.4      29.87      14.55
12:35pm           276          8          8         56       66.8      29.86      14.55
12:40pm           249          0         10         56       67.0      29.86      14.55
12:45pm           281          3         10         56       67.2      29.86      14.55
12:50pm           290          5         10         55       66.8      29.86      14.55
12:55pm           221          2         10         56       67.1      29.86      14.55
12:59pm           336          0         10         55       67.6      29.85      14.55
1:05pm            211          1          4         54       68.3      29.85      14.55
1:10pm            284          2          7         54       67.9      29.85      14.55
1:15pm            264          0          7         55       67.5      29.85      14.55
1:20pm            276          1          7         55       67.1      29.85      14.55
1:25pm            249          2          7         55       67.0      29.85      14.55
1:30pm            260          1          7         56       67.1      29.85      14.55
1:35pm            274          1          5         56       67.3      29.85      14.55
1:40pm            272          0          5         57       67.5      29.84      14.55
1:45pm            241          1          8         54       67.4      29.84      14.55
1:50pm            220          0          8         54       67.0      29.84      14.55
1:55pm            176          0          8         55       67.1      29.84      14.55
1:59pm            197          1          8         55       67.2      29.84      14.55
2:05pm            210          1          6         54       67.2      29.84      14.55
2:10pm            270          0          6         55       67.0      29.84      14.55
2:15pm            245          1          6         55       67.0      29.84      14.55
2:20pm            290          2          9         55       66.9      29.84      14.55
2:25pm            285          3          9         55       66.9      29.84      14.55
2:30pm            205          1          9         58       67.0      29.84      14.55
2:35pm            263          0          4         57       67.1      29.84      14.55
2:40pm            280          4          6         55       67.0      29.84      14.55
2:45pm            284          4          6         57       66.8      29.84      14.55
2:50pm            278          2          6         59       66.6      29.84      14.55
2:55pm            299          5          7         58       66.3      29.84      14.55
2:59pm            275          4          8         59       66.2      29.84      14.55
3:05pm            200          0          6         61       66.4      29.84      14.55
3:10pm            276          5          9         60       66.2      29.84      14.55
3:15pm            288          5          9         59       65.9      29.84      14.55
3:20pm            278          2          9         59       65.6      29.84      14.55
3:25pm            269          2          9         60       65.4      29.84      14.55
3:30pm            231          1          9         61       65.4      29.84      14.55
3:35pm            247          1          4         61       65.5      29.84      14.55
3:40pm            270          4         11         59       65.3      29.83      14.55
3:45pm            243          5         11         60       65.0      29.84      14.55
3:50pm            267          2         11         61       64.9      29.83      14.55
3:55pm            263          4         11         61       64.7      29.83      14.55
4:00pm            233          0         11         62       64.5      29.83      14.55
4:05pm            240          1          4         63       64.5      29.83      14.55
4:10pm            272          2          5         63       64.6      29.83      14.55
4:15pm            283          2          5         63       64.6      29.83      14.55
4:20pm            266          2          6         62       64.4      29.83      14.55
4:25pm            221          1          7         64       64.3      29.83      14.55
4:30pm            278          3          7         63       64.1      29.83      14.55
4:35pm            224          2          8         63       63.8      29.83      14.55
4:40pm            177          4          9         65       63.5      29.83      14.55
4:45pm            255          7          9         67       62.8      29.84      14.55
4:50pm            242          6          9         69       62.1      29.84      14.55
4:55pm            288         11         11         71       61.5      29.84      14.55
5:00pm            252          4         11         73       60.8      29.84      14.55
5:05pm            274          1          8         74       60.3      29.84      14.55
5:10pm            278          3          8         75       59.9      29.84      14.55
5:15pm            300          2          8         78       59.4      29.84      14.55
5:20pm            266          2          8         80       59.1      29.84      14.55
5:25pm            277          1          8         82       58.7      29.84      14.55
5:30pm            283          2          8         84       58.4      29.83      14.56
5:35pm            317          2          4         86       58.0      29.83      14.56
5:40pm            260          0          4         86       57.8      29.83      14.56
5:45pm            276          4          5         87       57.6      29.83      14.56
5:50pm            269          3          5         88       57.4      29.83      14.56
5:55pm            261          5          7         88       57.1      29.83      14.56
6:00pm            273          3          7         88       57.0      29.83      14.56
6:05pm            294          1          6         88       56.9      29.83      14.56
6:10pm            187          0          6         88       56.8      29.83      14.56
6:15pm            281          1          6         88       56.8      29.83      14.57
6:20pm            263          1          6         88       56.7      29.83      14.57
6:25pm            237          0          6         88       56.6      29.83      14.58
6:30pm            237          0          6         89       56.7      29.83      14.58
6:35pm            289          0          3         89       56.6      29.83      14.59
6:40pm            262          1          3         90       56.6      29.83      14.59
6:45pm            210          0          3         90       56.6      29.83      14.59
6:50pm            277          0          3         91       56.5      29.83      14.60
6:55pm            283          0          3         91       56.5      29.83      14.60
7:00pm            289          0          3         91       56.5      29.83      14.60
7:05pm            289          0          0         91       56.3      29.83      14.60
7:10pm            285          0          0         92       56.1      29.83      14.60
7:15pm            154          0          1         92       56.1      29.83      14.61
7:20pm            219          0          1         91       55.6      29.83      14.61
7:25pm            219          0          1         91       55.2      29.83      14.61
7:30pm            219          0          1         92       55.0      29.83      14.61
7:35pm            219          0          0         92       54.9      29.83      14.61
7:40pm            219          0          0         92       54.8      29.83      14.61
7:45pm            220          0          1         92       54.8      29.83      14.61
7:50pm            256          0          2         92       54.5      29.83      14.61
7:55pm            281          0          2         92       54.6      29.83      14.61
8:00pm            218          0          2         92       54.5      29.83      14.61
8:05pm            218          0          1         92       54.3      29.84      14.61
8:10pm            218          0          1         92       54.1      29.84      14.61
8:15pm            217          0          1         92       54.0      29.83      14.61
8:20pm            217          0          1         93       53.9      29.83      14.61
8:25pm            217          0          1         93       53.9      29.83      14.61
8:30pm            251          0          1         93       53.9      29.83      14.61
8:35pm            251          0          1         94       54.1      29.83      14.62
8:40pm            225          0          2         94       54.1      29.83      14.62
8:45pm            274          0          2         94       54.1      29.83      14.63
8:50pm            274          0          2         94       54.1      29.84      14.63
8:55pm            274          0          2         94       53.9      29.84      14.63
9:00pm            274          0          2         94       53.8      29.84      14.63
9:05pm            278          0          1         94       53.8      29.84      14.63
9:10pm            268          1          1         94       53.9      29.84      14.63
9:15pm            266          0          1         94       53.9      29.84      14.63
9:20pm            288          0          1         94       53.8      29.84      14.63
9:25pm             30          0          1         94       53.7      29.84      14.63
9:30pm            345          0          1         94       53.7      29.84      14.63
9:35pm            270          0          1         94       53.7      29.84      14.64
9:40pm            275          0          2         94       53.6      29.84      14.64
9:45pm            285          0          2         94       53.5      29.84      14.64
9:50pm            269          0          2         94       53.6      29.83      14.64
9:55pm            271          0          2         94       53.6      29.83      14.64
10:00pm           293          1          2         94       53.6      29.84      14.64
10:05pm           285          0          1         94       53.6      29.84      14.64
10:10pm           285          0          1         94       53.6      29.84      14.64
10:15pm           285          0          1         94       53.6      29.83      14.64
10:20pm           278          1          1         94       53.4      29.83      14.64
10:25pm           269          0          3         94       53.4      29.83      14.64
10:30pm           269          0          3         93       53.4      29.83      14.64
10:35pm           269          0          0         93       53.4      29.83      14.64
10:40pm           245          0          0         93       53.4      29.83      14.64
10:45pm           255          0          1         93       53.4      29.83      14.64
10:50pm           270          0          1         94       53.4      29.82      14.64
10:55pm           270          0          1         94       53.3      29.82      14.64
10:59pm           282          0          1         94       53.2      29.82      14.64
11:05pm           282          0          0         94       53.1      29.82      14.64
11:10pm            89          0          1         94       53.2      29.82      14.64
11:15pm            85          0          1         95       53.2      29.82      14.64
11:20pm            55          0          1         95       53.1      29.82      14.64
11:25pm            55          0          1         95       53.0      29.81      14.64
11:30pm           129          0          1         95       53.0      29.81      14.64
11:35pm           129          0          0         95       52.9      29.81      14.64
11:40pm           161          0          1         95       52.9      29.82      14.64
11:45pm           161          0          1         95       52.9      29.82      14.64
11:50pm           161          0          1         95       52.9      29.81      14.64
11:55pm           161          0          1         95       52.9      29.81      14.64
