6/16/17
Time         Wind Dir   Wind Spd  Wind Gust   Humidity       Temp  Raw Barom   Tot Rain
                    °        mph        mph          %         °F         in         in
12:00am           152          0          6         58       64.7      29.97      16.72
12:05am           205          0          2         58       64.6      29.97      16.72
12:10am           309          2          7         54       64.5      29.97      16.72
12:15am           153          0          7         55       64.4      29.97      16.72
12:20am           188          0          7         56       64.3      29.97      16.72
12:25am           113          0          7         58       64.1      29.98      16.72
12:30am           211          0          7         56       63.8      29.98      16.72
12:35am           261          0          5         56       63.6      29.98      16.72
12:40am           219          2          5         56       63.2      29.98      16.72
12:45am           285          0          6         57       62.9      29.98      16.72
12:50am           250          2          6         60       62.6      29.98      16.72
12:55am           237          0          7         59       62.2      29.99      16.72
1:00am            235          2          7         63       61.7      29.99      16.72
1:05am            278          1          3         65       61.0      29.99      16.72
1:10am            214          2          5         66       60.3      29.99      16.72
1:15am            242          0          6         70       59.4      29.99      16.73
1:20am            212          1          6         74       58.3      29.99      16.73
1:25am             91          0          6         77       57.6      29.99      16.74
1:30am             51          0          6         79       57.0      29.99      16.74
1:35am            206          0          3         81       56.5      29.99      16.74
1:40am            349          3          7         80       55.8      29.99      16.75
1:45am            217          0          9         82       55.2      29.99      16.75
1:50am              1          0          9         83       54.8      29.99      16.76
1:55am            289          0          9         84       54.6      30.00      16.76
2:00am            261          0          9         85       54.5      30.00      16.76
2:05am            317          0          4         85       54.2      30.00      16.77
2:10am            304          2          4         85       53.9      30.00      16.78
2:15am            258          0          5         85       53.7      30.00      16.79
2:20am            224          0          5         86       53.5      30.00      16.79
2:25am            246          0          5         86       53.3      30.00      16.81
2:30am            135          0          5         87       53.2      30.00      16.83
2:35am            150          0          0         87       53.1      30.00      16.84
2:40am              8          0          1         87       53.0      29.99      16.85
2:45am              8          0          1         88       53.0      30.00      16.85
2:50am             73          0          1         89       52.8      29.99      16.85
2:55am            189          1          3         90       52.8      29.99      16.86
3:00am              1          4          4         89       52.7      29.99      16.87
3:05am            100          2          4         87       52.8      29.99      16.88
3:10am            148          0          5         87       53.0      29.99      16.88
3:15am             99          3          6         86       53.2      29.98      16.88
3:20am             76          3          6         86       53.2      29.98      16.88
3:25am             77          2          6         86       53.2      29.98      16.88
3:30am            174          2          6         86       53.0      29.98      16.88
3:35am            106          5          6         86       53.0      29.97      16.88
3:40am            102          0          6         86       53.0      29.97      16.88
3:45am            242          1          6         86       53.0      29.97      16.88
3:50am             91          3          6         86       53.0      29.98      16.88
3:55am            267          0          6         85       53.1      29.98      16.88
4:00am             91          2          6         85       53.2      29.98      16.88
4:05am             98          2          6         85       53.4      29.97      16.88
4:10am             63          3          7         85       53.5      29.98      16.88
4:15am             72          4          7         84       53.5      29.97      16.88
4:20am             79          3         10         85       53.4      29.97      16.88
4:25am            104          2         12         85       53.3      29.97      16.88
4:30am             98          3         12         86       53.3      29.97      16.88
4:35am             72          7          7         86       53.2      29.97      16.88
4:40am             91          1          9         87       53.2      29.98      16.88
4:45am             59          3         10         87       53.1      29.97      16.88
4:50am            107          4         12         88       53.1      29.97      16.88
4:55am             82          2         14         88       53.0      29.97      16.88
5:00am             79          7         14         89       53.1      29.97      16.88
5:05am             94          1         13         89       53.2      29.97      16.88
5:10am            161          2         13         90       53.2      29.97      16.88
5:15am            106          2         13         89       53.2      29.97      16.88
5:20am            131          0         13         90       53.3      29.97      16.88
5:25am             66          5         13         90       53.2      29.97      16.88
5:30am            113          1         13         90       53.2      29.97      16.88
5:35am             81          2         11         90       53.2      29.98      16.88
5:40am            120          0         11         90       53.2      29.98      16.88
5:45am             66          5         11         91       53.3      29.98      16.88
5:50am             74          2         11         91       53.3      29.98      16.88
5:55am            103          0         11         91       53.2      29.98      16.88
5:59am             97          4         11         91       53.2      29.97      16.88
6:05am            113          4          8         91       53.2      29.98      16.88
6:10am             94          2          8         91       53.2      29.98      16.88
6:15am             71          2          8         92       53.2      29.97      16.88
6:20am            205          4          8         92       53.2      29.98      16.88
6:25am             80          2          8         92       53.2      29.98      16.88
6:30am             75          4         10         92       53.2      29.97      16.88
6:35am            158          1          7         93       53.4      29.97      16.88
6:40am             75          1          7         93       53.6      29.98      16.88
6:45am             96          1          7         93       53.7      29.98      16.88
6:50am             81          1          7         92       53.7      29.98      16.88
6:55am            127          1          7         93       53.9      29.98      16.88
7:00am             53          1          7         93       53.9      29.98      16.88
7:05am             92          3          7         92       53.9      29.98      16.88
7:10am             72          1          7         93       53.9      29.98      16.88
7:15am            106          1          7         93       54.0      29.98      16.88
7:20am            156          2          7         93       53.9      29.98      16.88
7:25am             70          1          7         93       53.9      29.98      16.88
7:30am            113          1          7         93       54.1      29.98      16.88
7:35am            114          1          8         93       54.2      29.98      16.88
7:40am            138          1          8         94       54.5      29.98      16.88
7:45am            150          1          8         93       54.5      29.98      16.88
7:50am            132          0          8         93       54.6      29.98      16.88
7:55am            131          2          8         93       54.6      29.98      16.88
7:59am             91          1          8         94       54.7      29.98      16.88
8:05am             68          2          3         93       54.8      29.99      16.88
8:10am             81          0          3         93       54.7      29.99      16.88
8:15am            115          0          3         94       54.9      29.98      16.88
8:20am            124          0          3         93       55.0      29.98      16.88
8:25am             82          0          4         93       55.0      29.98      16.88
8:30am             98          1          4         93       55.2      29.98      16.88
8:35am             39          2          5         93       55.3      29.98      16.88
8:40am            102          0          5         94       55.6      29.98      16.88
8:45am            128          1          5         93       55.9      29.98      16.88
8:50am            136          0          5         93       55.9      29.98      16.88
8:55am             72          3          5         93       56.2      29.98      16.88
8:59am             64          2          5         92       56.3      29.98      16.88
9:05am             59          2          5         92       56.4      29.98      16.88
9:10am            100          1          5         92       56.5      29.98      16.88
9:15am            101          2          5         92       56.6      29.97      16.88
9:20am            140          0          6         92       56.6      29.97      16.88
9:25am            149          0          6         92       56.7      29.97      16.88
9:30am             63          0          6         92       56.8      29.97      16.88
9:35am            139          1          4         91       56.9      29.97      16.88
9:40am             79          0          6         91       56.9      29.97      16.88
9:45am             91          0          6         92       57.1      29.97      16.88
9:50am            105          3          6         91       57.2      29.97      16.88
9:55am             91          1          8         91       57.4      29.97      16.88
9:59am             84          1          8         90       57.6      29.98      16.88
10:05am            76          3          4         91       57.7      29.97      16.88
10:10am           108          1          5         91       57.6      29.97      16.88
10:15am            96          1          6         91       57.6      29.97      16.88
10:20am            72          3          6         91       57.7      29.97      16.88
10:25am            91          2          6         90       57.8      29.97      16.88
10:30am           143          3          6         90       57.9      29.98      16.88
10:35am            67          5          5         90       57.8      29.98      16.88
10:40am            74          3          6         90       57.9      29.98      16.88
10:45am            75          2          6         91       58.1      29.98      16.88
10:50am            69          1          6         90       58.2      29.98      16.88
10:55am            84          1          6         90       58.5      29.98      16.88
10:59am           120          2          6         89       58.4      29.98      16.88
11:05am            77          1          5         89       58.4      29.98      16.88
11:10am           101          2          5         89       58.5      29.98      16.88
11:15am            91          2          5         89       58.7      29.98      16.88
11:20am            77          3          6         89       58.7      29.98      16.88
11:25am            75          1          6         88       58.7      29.98      16.88
11:30am           110          2          6         89       58.8      29.99      16.88
11:35am            94          1          3         89       58.8      29.99      16.88
11:40am            86          1          6         89       58.8      29.99      16.88
11:45am            91          0          6         89       59.0      29.98      16.88
11:50am           172          1          7         89       58.9      29.98      16.88
11:55am           163          0          7         89       58.9      29.99      16.89
12:00pm            84          2          7         89       58.9      29.99      16.89
12:05pm            85          2          5         90       59.0      29.99      16.90
12:10pm            71          5          6         90       58.8      29.99      16.91
12:15pm            86          0          6         90       58.8      29.99      16.92
12:20pm           116          1          6         90       58.7      29.99      16.92
12:25pm            77          2          6         91       58.7      29.98      16.93
12:30pm           119          1          6         92       58.7      29.98      16.94
12:35pm           115          1          5         92       58.6      29.98      16.95
12:40pm            68          0          7         92       58.6      29.98      16.96
12:45pm           103          4          7         92       58.7      29.98      16.96
12:50pm           101          5          7         92       58.8      29.98      16.97
12:55pm            56          2          8         92       58.7      29.97      16.97
1:00pm            112          2          8         92       58.8      29.97      16.98
1:05pm             65          4          8         92       58.7      29.97      16.99
1:10pm            124          5         10         93       58.7      29.96      17.00
1:15pm            142          4         10         92       58.7      29.97      17.01
1:20pm            117          2         10         92       58.7      29.97      17.01
1:25pm             74          3         10         92       58.7      29.97      17.02
1:29pm             91          3         10         92       58.6      29.97      17.03
1:35pm            150          0          9         92       58.5      29.97      17.03
1:40pm             57          2          9         92       58.5      29.97      17.04
1:45pm            103          0          9         92       58.4      29.97      17.05
1:50pm             85          1          9         92       58.4      29.97      17.06
1:55pm             70          3          9         92       58.4      29.97      17.07
2:00pm            212          2          9         92       58.4      29.96      17.08
2:04pm             61          2          7         93       58.5      29.96      17.10
2:09pm             64          5          9         93       58.4      29.96      17.11
2:14pm             73          4          9         93       58.4      29.96      17.11
2:20pm             75          1          9         93       58.5      29.96      17.12
2:25pm             86          4          9         93       58.5      29.96      17.13
2:29pm             14          0         12         93       58.5      29.96      17.14
2:35pm             66          1          7         93       58.6      29.95      17.15
2:39pm             62          8          8         93       58.4      29.95      17.16
2:45pm            101          1          8         93       58.3      29.95      17.17
2:50pm            134          2         11         93       58.3      29.95      17.17
2:54pm            112          1         11         94       58.4      29.94      17.18
3:00pm             73          8         11         93       58.3      29.95      17.19
3:04pm            238          2         10         93       58.3      29.95      17.20
3:10pm            116          0         10         93       58.4      29.94      17.21
3:15pm             54          3         10         93       58.4      29.95      17.23
3:19pm            173          1         10         94       58.4      29.95      17.24
3:24pm            117          3         10         94       58.5      29.95      17.25
3:29pm             85          1         10         94       58.5      29.95      17.26
3:35pm             45          0          1         94       58.5      29.95      17.27
3:40pm            350          1          1         94       58.6      29.94      17.29
3:45pm            324          0          1         94       58.5      29.95      17.31
3:49pm             86          0          5         94       58.6      29.94      17.32
3:54pm             68          2          5         94       58.6      29.95      17.33
4:10pm             44          4          5         94       58.6      29.94      17.37
4:15pm             84          1          6         94       58.5      29.94      17.38
4:20pm             75          1          6         94       58.6      29.95      17.38
4:25pm             79          3          6         94       58.7      29.94      17.38
4:30pm            180          1          6         94       58.8      29.94      17.38
4:35pm             97          2          3         94       58.8      29.95      17.38
4:40pm             11          0          3         94       58.9      29.95      17.38
4:45pm            132          0          3         94       58.9      29.95      17.38
4:50pm             68          1          3         94       59.0      29.95      17.38
4:55pm             72          1          4         94       59.0      29.94      17.38
5:00pm             81          2          4         94       59.0      29.94      17.39
5:05pm             56          1          3         94       59.1      29.94      17.39
5:10pm             90          0          3         94       59.1      29.93      17.39
5:15pm            132          0          4         95       59.2      29.93      17.40
5:20pm             86          0          6         94       59.1      29.93      17.40
5:25pm             28          0          7         94       59.2      29.93      17.41
5:30pm             52          0          7         95       59.2      29.93      17.41
5:35pm             82          2          8         95       59.3      29.93      17.41
5:40pm             86          4          8         95       59.4      29.93      17.41
5:45pm             20          3          8         95       59.4      29.93      17.41
5:50pm             38          0          8         95       59.4      29.93      17.41
5:55pm             81          1          8         95       59.5      29.93      17.41
6:00pm             66         10         10         95       59.4      29.93      17.42
6:05pm             88          6         10         94       59.4      29.93      17.42
6:10pm             44          2         10         94       59.4      29.92      17.42
6:15pm             70          1         10         94       59.3      29.92      17.42
6:20pm             97          4         10         94       59.3      29.92      17.42
6:25pm            121          0         10         94       59.2      29.93      17.42
6:30pm             68          3         10         94       59.2      29.92      17.42
6:35pm            285          2          9         94       59.1      29.93      17.42
6:40pm             27          3         11         94       59.0      29.93      17.42
6:45pm            349          0         11         94       58.9      29.93      17.42
6:50pm             70          8         11         94       58.7      29.93      17.42
6:55pm            147          0         11         94       58.4      29.93      17.42
6:59pm            225          2         11         94       58.3      29.93      17.42
7:05pm             76          6          9         94       58.1      29.93      17.42
7:10pm            149          0         10         95       58.0      29.93      17.42
7:15pm              5          3         10         95       58.0      29.93      17.42
7:20pm            184          1         10         95       57.8      29.93      17.42
7:25pm             98          4         10         95       57.7      29.93      17.42
7:30pm            195          0         10         95       57.6      29.93      17.42
7:35pm            138          0          7         95       57.5      29.93      17.42
7:40pm            114          0          9         95       57.3      29.93      17.42
7:45pm            128          2         10         95       57.2      29.93      17.42
7:50pm            110          3         10         95       57.1      29.93      17.42
7:55pm             58          5         11         95       57.1      29.93      17.42
7:59pm            169          5         11         95       57.0      29.93      17.42
8:05pm             75          0          5         95       57.0      29.93      17.42
8:10pm            144          1          7         96       56.9      29.93      17.42
8:15pm            134          0          9         96       56.8      29.93      17.43
8:20pm             72          4          9         96       56.8      29.93      17.43
8:25pm            230          0          9         96       56.7      29.93      17.43
8:30pm             93          2          9         96       56.6      29.93      17.43
8:35pm            138          0          5         96       56.6      29.94      17.43
8:40pm             75          2          5         96       56.5      29.93      17.43
8:45pm             60          3          7         96       56.5      29.93      17.43
8:50pm             51          2          7         96       56.3      29.93      17.43
8:55pm             94          3          7         96       56.3      29.93      17.43
8:59pm             98          3          7         96       56.1      29.93      17.43
9:05pm             67          8          8         96       56.1      29.93      17.43
9:10pm             55          4          8         96       56.0      29.93      17.43
9:15pm             76          3          8         96       56.0      29.93      17.43
9:20pm            101          1          8         96       55.9      29.93      17.43
9:25pm             89          1          8         96       55.9      29.94      17.43
9:30pm             88          0         16         96       55.8      29.94      17.43
9:35pm            122          1          3         96       55.9      29.94      17.43
9:40pm             70          2          7         96       55.8      29.94      17.43
9:45pm            126          0          7         96       55.8      29.94      17.43
9:50pm            121          2          7         96       55.8      29.95      17.43
9:55pm             64          3          7         96       55.8      29.95      17.43
10:00pm            89          0          8         96       55.9      29.95      17.43
10:05pm            85          0          5         96       55.8      29.94      17.43
10:10pm            70          4          5         96       55.8      29.94      17.43
10:15pm           140          0          6         96       55.7      29.94      17.43
10:20pm           145          0          6         96       55.6      29.94      17.43
10:25pm           117          1          6         96       55.6      29.95      17.43
10:30pm            28          5          6         96       55.5      29.94      17.43
10:35pm            72          4          8         96       55.5      29.94      17.43
10:40pm            55          3         10         96       55.4      29.94      17.43
10:45pm            81          3         10         96       55.4      29.94      17.43
10:50pm           120          0         10         96       55.4      29.94      17.43
10:55pm            90          2         10         96       55.5      29.94      17.43
10:59pm           105          2         10         96       55.5      29.94      17.43
11:05pm            93          5          7         96       55.4      29.94      17.43
11:10pm           123          0          7         96       55.4      29.94      17.43
11:15pm           172          0          7         96       55.4      29.94      17.43
11:20pm           134          4          8         96       55.3      29.94      17.43
11:25pm            73          3          8         96       55.3      29.93      17.43
11:30pm            84          3          8         96       55.3      29.93      17.43
11:35pm            86          5          7         96       55.3      29.93      17.43
11:40pm           117          0          7         96       55.3      29.93      17.43
11:45pm           104          1          7         96       55.3      29.93      17.43
11:50pm            97          0          7         96       55.3      29.93      17.43
11:55pm            53          2          7         96       55.3      29.93      17.43
