7/2/17
Time         Wind Dir   Wind Spd  Wind Gust   Humidity       Temp  Raw Barom   Tot Rain
                    °        mph        mph          %         °F         in         in
12:00am           272          1          5         95       67.2      29.77      20.64
12:05am           256          0          3         95       67.1      29.77      20.64
12:10am           289          1          3         95       67.0      29.76      20.64
12:15am           221          0          3         95       67.0      29.77      20.64
12:20am           352          0          3         95       66.9      29.76      20.64
12:25am           284          1          3         95       66.9      29.77      20.64
12:30am           267          1          3         95       66.9      29.77      20.64
12:35am           278          2          2         95       66.8      29.77      20.64
12:40am           277          0          5         96       66.9      29.76      20.64
12:45am           274          0          5         96       67.0      29.76      20.64
12:50am           290          0          5         96       67.1      29.76      20.64
12:55am           297          2          5         96       67.1      29.76      20.64
1:00am            289          1          5         96       67.1      29.76      20.64
1:05am            281          1          4         96       67.2      29.76      20.64
1:10am            307          2          4         96       67.2      29.76      20.64
1:15am            284          1          4         96       67.3      29.76      20.64
1:20am            276          2          5         95       67.4      29.77      20.64
1:25am            277          1          5         95       67.5      29.77      20.64
1:30am            293          1          5         95       67.5      29.77      20.64
1:35am            276          0          3         95       67.5      29.77      20.64
1:40am            282          0          3         95       67.4      29.77      20.64
1:45am            279          0          3         95       67.3      29.78      20.64
1:50am            279          0          3         95       67.2      29.78      20.64
1:55am            279          0          3         95       67.1      29.77      20.64
2:00am            283          0          3         95       67.0      29.77      20.64
2:05am            267          0          2         95       66.9      29.77      20.64
2:10am            267          0          2         95       66.9      29.77      20.64
2:15am            267          0          2         95       66.8      29.77      20.64
2:20am            267          0          2         95       66.7      29.77      20.64
2:25am            275          0          2         95       66.5      29.77      20.64
2:30am            276          0          2         96       66.4      29.77      20.64
2:35am            275          0          1         96       66.2      29.77      20.64
2:40am            274          0          1         96       66.1      29.77      20.64
2:45am            281          1          2         96       65.9      29.77      20.64
2:50am            280          0          2         96       65.8      29.77      20.64
2:55am            276          0          3         96       65.8      29.77      20.64
3:00am            274          0          3         96       65.7      29.77      20.64
3:05am            274          2          2         96       65.6      29.77      20.64
3:10am            276          2          3         96       65.5      29.77      20.64
3:15am            270          0          3         96       65.4      29.77      20.64
3:20am            270          1          3         96       65.3      29.77      20.64
3:25am            269          0          3         96       65.2      29.77      20.64
3:30am            286          1          3         96       65.1      29.77      20.64
3:35am            275          0          1         96       65.0      29.77      20.64
3:40am            259          0          1         96       64.9      29.77      20.64
3:45am            261          0          3         97       64.8      29.77      20.64
3:50am            259          0          3         97       64.7      29.77      20.64
3:55am            278          3          3         97       64.9      29.77      20.64
4:00am            243          0          3         97       64.9      29.77      20.64
4:05am            241          0          3         97       64.9      29.77      20.64
4:10am            278          2          3         97       64.8      29.77      20.64
4:15am            274          2          3         97       64.7      29.77      20.64
4:20am            265          1          3         97       64.6      29.77      20.64
4:25am            276          3          4         97       64.7      29.77      20.64
4:30am            277          0          4         97       64.7      29.77      20.64
4:35am            283          3          3         97       64.7      29.77      20.64
4:40am            271          3          4         97       64.5      29.77      20.64
4:45am            292          2          4         97       64.4      29.77      20.64
4:50am            305          1          4         97       64.6      29.77      20.64
4:55am            271          1          6         97       64.8      29.78      20.64
5:00am            285          2          6         97       64.7      29.78      20.64
5:05am            281          2          3         97       64.6      29.78      20.64
5:10am            288          2          4         97       64.6      29.78      20.64
5:15am            307          3          4         97       64.7      29.78      20.64
5:20am            281          3          4         97       64.5      29.79      20.64
5:25am            262          0          4         97       64.3      29.79      20.64
5:30am            274          1          4         97       64.2      29.79      20.64
5:35am            271          1          2         97       64.1      29.79      20.64
5:40am            254          2          3         97       64.0      29.80      20.64
5:45am            276          0          3         97       63.9      29.80      20.64
5:50am            274          0          3         97       64.1      29.80      20.64
5:55am            212          0          3         97       64.3      29.80      20.64
6:00am            200          0          3         97       64.3      29.80      20.64
6:05am            282          0          2         97       64.3      29.80      20.64
6:10am            282          1          2         97       64.5      29.81      20.64
6:15am            260          0          2         97       64.9      29.81      20.64
6:20am            203          0          2         97       65.2      29.81      20.64
6:25am            267          0          2         97       65.5      29.81      20.64
6:30am            280          1          2         96       65.7      29.81      20.64
6:35am            272          1          2         96       65.5      29.81      20.64
6:40am            275          0          2         97       65.6      29.81      20.64
6:45am            274          0          2         96       65.7      29.81      20.64
6:50am            287          0          2         96       66.0      29.81      20.64
6:55am            259          1          2         96       66.1      29.82      20.64
7:00am            285          2          2         96       66.2      29.82      20.64
7:05am            282          1          3         96       66.1      29.82      20.64
7:10am            274          1          3         96       66.5      29.82      20.64
7:15am            269          1          3         96       66.6      29.82      20.64
7:20am            265          1          3         96       66.8      29.82      20.64
7:25am            266          1          3         96       67.1      29.82      20.64
7:30am            300          0          3         96       67.5      29.82      20.64
7:35am            285          1          2         95       67.8      29.82      20.64
7:40am            266          1          6         95       68.0      29.82      20.64
7:45am            284          2          6         94       68.4      29.82      20.64
7:50am            271          3          6         94       68.6      29.82      20.64
7:55am            276          1          6         93       68.9      29.83      20.64
8:00am            276          5          8         92       69.2      29.83      20.64
8:05am            280          5          8         91       69.3      29.83      20.64
8:10am            279          2          8         90       69.4      29.83      20.64
8:15am            229          0          8         89       69.6      29.83      20.64
8:20am            278          1          9         87       69.7      29.83      20.64
8:25am            233          3          9         87       70.1      29.83      20.64
8:30am            218          4         11         86       69.9      29.83      20.64
8:35am            266          5          9         87       70.1      29.83      20.64
8:40am            227          3          9         85       70.3      29.83      20.64
8:45am            278          0          9         85       70.4      29.83      20.64
8:50am            281          2         12         84       70.5      29.83      20.64
8:55am            262          6         12         81       70.7      29.83      20.64
9:00am            259          3         12         81       70.9      29.83      20.64
9:05am            235          3         14         80       71.0      29.83      20.64
9:10am            298          4         14         80       71.1      29.83      20.64
9:15am            252          3         14         78       71.4      29.83      20.64
9:20am            264          8         14         79       71.3      29.83      20.64
9:25am            179          3         14         79       71.5      29.83      20.64
9:30am            262          5         14         77       71.8      29.83      20.64
9:35am            295          5         10         76       71.8      29.83      20.64
9:40am            262          1         10         77       72.0      29.83      20.64
9:45am            169          1         11         77       72.3      29.83      20.64
9:50am            206          4         11         73       72.7      29.82      20.64
9:55am            250          1         11         73       72.9      29.83      20.64
10:00am           271          1         11         74       73.2      29.83      20.64
10:05am           284          6          9         71       73.5      29.83      20.64
10:10am           278          1          9         72       73.2      29.83      20.64
10:15am           221          4          9         71       73.4      29.83      20.64
10:20am           295          9         10         69       73.7      29.83      20.64
10:25am           290          2         10         69       73.7      29.82      20.64
10:30am           271          5         10         69       74.1      29.82      20.64
10:35am           160          1          9         69       74.0      29.82      20.64
10:40am           271          6         10         67       74.2      29.82      20.64
10:45am           297          5         10         67       74.5      29.82      20.64
10:50am           299          2         12         66       74.8      29.82      20.64
10:55am           244          1         12         65       75.4      29.82      20.64
11:00am           281          6         14         62       75.4      29.82      20.64
11:05am           252          5         12         61       75.3      29.82      20.64
11:10am           285          7         14         61       75.3      29.82      20.64
11:15am           238          1         14         62       75.6      29.82      20.64
11:20am           309          2         15         61       75.8      29.82      20.64
11:25am           281          5         15         61       76.0      29.82      20.64
11:30am           210          3         15         60       76.3      29.82      20.64
11:35am           275         11         11         60       76.7      29.82      20.64
11:40am           253          1         13         61       76.8      29.82      20.64
11:45am           255          2         13         61       77.1      29.82      20.64
11:50am           119          5         13         60       77.4      29.82      20.64
11:55am           160          4         13         60       77.7      29.82      20.64
12:00pm           264          6         14         56       77.8      29.82      20.64
12:05pm           313          6         10         61       78.0      29.82      20.64
12:10pm           281          4         12         60       77.9      29.82      20.64
12:15pm           277          1         14         58       78.1      29.82      20.64
12:20pm           234          7         14         56       78.2      29.82      20.64
12:25pm           304          5         14         57       78.5      29.82      20.64
12:30pm           271          3         14         56       78.8      29.82      20.64
12:35pm           270          3          9         56       78.8      29.82      20.64
12:40pm           270          2         10         58       79.1      29.82      20.64
12:45pm           309          3         17         54       79.1      29.81      20.64
12:50pm           219          3         17         56       79.0      29.81      20.64
12:55pm           288          3         17         53       79.1      29.82      20.64
1:00pm            262         11         17         52       79.2      29.82      20.64
1:05pm            269          7         14         52       78.7      29.82      20.64
1:10pm            212          6         14         57       78.7      29.82      20.64
1:15pm            286          6         14         54       79.0      29.82      20.64
1:20pm            265          7         14         51       79.2      29.82      20.64
1:25pm            276          2         14         57       79.3      29.82      20.64
1:30pm            209          2         14         52       79.6      29.82      20.64
1:35pm            201          3          7         53       80.0      29.81      20.64
1:40pm            228          2         12         52       79.9      29.81      20.64
1:45pm            266          5         12         54       79.8      29.82      20.64
1:50pm            201          2         13         53       79.7      29.82      20.64
1:55pm            187          4         13         53       79.9      29.82      20.64
2:00pm            248          5         13         53       80.0      29.82      20.64
2:05pm            278          3          8         52       80.3      29.82      20.64
2:10pm            209          0          8         52       80.4      29.81      20.64
2:15pm            195          2          9         52       81.0      29.81      20.64
2:20pm            306          5          9         50       80.8      29.81      20.64
2:25pm            167          2          9         52       80.5      29.81      20.64
2:30pm            269          5          9         51       80.9      29.81      20.64
2:35pm            255          6         10         50       81.1      29.81      20.64
2:40pm            266          3         10         51       81.0      29.81      20.64
2:45pm            169          2         14         52       80.6      29.81      20.64
2:50pm            270          1         14         51       80.8      29.81      20.64
2:55pm            277          2         14         53       80.9      29.81      20.64
3:00pm            288          3         14         51       81.5      29.81      20.64
3:05pm            221          0         11         50       80.8      29.81      20.64
3:10pm            274          0         11         53       81.0      29.81      20.64
3:15pm            264          1         11         53       81.6      29.81      20.64
3:20pm            235          2         13         49       81.8      29.81      20.64
3:25pm            287          3         15         48       81.6      29.81      20.64
3:30pm            262          5         15         50       81.5      29.81      20.64
3:35pm            247          1          8         49       81.7      29.81      20.64
3:40pm            197          3         19         46       81.7      29.81      20.64
3:45pm            258          1         19         49       81.4      29.81      20.64
3:50pm            274          1         19         50       80.8      29.81      20.64
3:55pm            285          7         19         48       81.3      29.82      20.64
3:59pm            287          4         19         45       81.7      29.82      20.64
4:05pm            217          1         11         47       81.9      29.81      20.64
4:10pm            251          1         11         47       81.8      29.81      20.64
4:15pm            291          6         12         46       81.6      29.81      20.64
4:20pm            302          2         12         48       81.1      29.82      20.64
4:25pm            274          6         12         47       81.4      29.81      20.64
4:30pm            244          2         12         46       81.3      29.81      20.64
4:35pm            202          5         14         46       80.2      29.82      20.64
4:40pm            184          3         14         46       80.9      29.81      20.64
4:45pm            246          4         14         47       81.4      29.81      20.64
4:50pm            264          2         14         46       81.4      29.81      20.64
4:55pm            230          2         14         46       81.5      29.81      20.64
5:00pm            256          2         14         48       81.7      29.81      20.64
5:05pm            304          7         11         45       81.8      29.81      20.64
5:10pm            282          1         11         47       81.7      29.81      20.64
5:15pm            271          2         11         47       81.0      29.81      20.64
5:20pm            251          2         13         49       80.9      29.81      20.64
5:25pm            280          1         13         48       80.9      29.81      20.64
5:30pm            324          1         13         51       81.2      29.81      20.64
5:35pm            254          4         10         48       81.3      29.81      20.64
5:40pm            281          7         11         48       81.1      29.81      20.64
5:45pm            207          1         11         48       81.0      29.81      20.64
5:50pm            214          4         12         46       80.8      29.80      20.64
5:55pm            268          4         12         48       80.6      29.80      20.64
6:00pm            271          3         12         48       80.4      29.81      20.64
6:05pm            212          4         11         50       80.1      29.80      20.64
6:10pm            257          3         11         50       80.2      29.80      20.64
6:15pm            239          0         11         50       80.6      29.81      20.64
6:20pm            241          3         11         50       80.5      29.80      20.64
6:25pm            270          1         11         51       79.8      29.80      20.64
6:30pm            244          2         11         51       79.1      29.80      20.64
6:35pm            273          2          7         54       78.8      29.81      20.64
6:40pm            278          3          7         53       78.6      29.81      20.64
6:45pm            210          3          8         54       78.4      29.81      20.64
6:50pm            272          0          8         55       78.2      29.81      20.64
6:55pm            259          1          8         54       77.9      29.81      20.64
7:00pm            214          2          8         55       77.8      29.82      20.64
7:05pm            172          0          6         55       77.6      29.82      20.64
7:10pm            252          0          6         55       77.4      29.82      20.64
7:15pm            205          1          7         55       77.3      29.82      20.64
7:20pm            264          1          7         54       77.2      29.82      20.64
7:25pm            280          2          7         56       77.0      29.82      20.64
7:30pm            278          0          7         56       76.8      29.82      20.64
7:35pm            271          0          4         59       76.5      29.82      20.64
7:40pm            261          0          5         57       76.2      29.82      20.64
7:45pm            225          0          5         57       76.0      29.82      20.64
7:50pm            289          0          5         57       75.8      29.82      20.64
7:55pm            212          0          5         60       75.4      29.82      20.64
8:00pm            288          6          6         59       75.0      29.82      20.64
8:05pm            217          0          6         59       74.9      29.82      20.64
8:10pm            263          0          6         61       74.5      29.82      20.64
8:15pm            251          0          6         61       73.9      29.82      20.64
8:20pm            258          0          6         62       73.5      29.82      20.64
8:25pm            252          1          6         61       73.2      29.82      20.64
8:30pm            290          2          6         62       73.1      29.82      20.64
8:35pm            262          0          2         64       72.7      29.82      20.64
8:40pm            267          0          2         63       72.4      29.83      20.64
8:45pm            250          0          2         64       72.4      29.83      20.64
8:50pm            234          0          3         64       72.3      29.83      20.64
8:55pm            258          0          3         64       72.1      29.83      20.64
9:00pm            225          0          3         66       71.7      29.83      20.64
9:05pm            259          0          4         67       71.3      29.83      20.64
9:10pm            252          0          4         67       71.1      29.83      20.64
9:15pm            262          0          4         67       70.9      29.83      20.64
9:20pm            266          0          4         67       71.1      29.83      20.64
9:25pm            285          0          4         67       71.1      29.84      20.64
9:30pm            274          0          4         68       70.9      29.84      20.64
9:35pm            274          0          1         70       70.5      29.84      20.64
9:40pm            274          0          1         72       69.8      29.84      20.64
9:45pm            264          0          2         72       69.4      29.84      20.64
9:50pm            269          1          2         72       69.3      29.84      20.64
9:55pm            249          0          3         71       69.4      29.84      20.64
10:00pm           274          1          4         70       69.6      29.84      20.64
10:05pm           283          1          4         72       69.3      29.84      20.64
10:10pm           281          3          4         74       68.9      29.84      20.64
10:15pm           265          2          4         76       68.4      29.84      20.64
10:20pm           294          1          4         78       67.7      29.84      20.64
10:25pm           274          1          4         79       67.1      29.84      20.64
10:30pm           277          0          4         81       66.7      29.84      20.64
10:35pm           272          0          2         82       66.3      29.84      20.64
10:40pm           279          0          2         82       65.9      29.84      20.64
10:45pm           279          0          2         83       65.6      29.84      20.64
10:50pm           278          0          2         84       65.3      29.84      20.64
10:55pm           278          0          2         84       65.0      29.84      20.64
11:00pm           274          0          2         84       64.8      29.84      20.64
11:05pm           274          0          1         84       64.7      29.83      20.64
11:10pm           285          0          1         84       64.6      29.83      20.64
11:15pm           276          1          1         85       64.5      29.84      20.64
11:20pm           275          0          1         85       64.4      29.84      20.64
11:25pm           275          1          1         86       64.2      29.84      20.64
11:30pm           276          0          1         86       64.1      29.84      20.64
11:35pm           286          0          1         86       63.9      29.84      20.64
11:40pm           276          0          2         87       63.9      29.84      20.64
11:45pm           275          0          2         87       63.8      29.84      20.64
11:50pm           275          0          2         87       63.7      29.84      20.64
11:55pm           275          0          2         87       63.7      29.84      20.64
