7/5/17
Time         Wind Dir   Wind Spd  Wind Gust   Humidity       Temp  Raw Barom   Tot Rain
                    °        mph        mph          %         °F         in         in
12:00am           277          0          1         89       55.9      30.10      20.64
12:05am           288          1          1         90       55.8      30.10      20.64
12:10am           271          0          1         90       55.6      30.10      20.64
12:15am           270          0          1         91       55.4      30.10      20.64
12:20am           274          0          1         91       55.1      30.10      20.64
12:25am           225          0          1         91       54.8      30.10      20.64
12:30am           220          0          1         91       54.5      30.10      20.64
12:35am           220          0          0         92       54.2      30.10      20.64
12:40am           220          0          0         92       54.0      30.10      20.64
12:45am           220          0          0         92       53.8      30.10      20.64
12:50am           220          0          0         92       53.6      30.10      20.64
12:55am           220          0          1         93       53.6      30.10      20.64
1:00am            220          0          1         93       53.7      30.10      20.64
1:05am            220          0          0         93       53.6      30.11      20.64
1:10am            220          0          0         93       53.5      30.11      20.64
1:15am            220          0          1         93       53.4      30.10      20.64
1:20am            240          0          1         93       53.4      30.10      20.64
1:25am            281          0          1         94       53.6      30.10      20.64
1:30am            281          0          1         93       53.6      30.10      20.64
1:35am            281          0          1         93       53.4      30.10      20.64
1:40am            277          0          1         93       53.2      30.10      20.64
1:45am            277          0          1         93       53.1      30.10      20.64
1:50am            277          0          1         93       53.0      30.11      20.64
1:55am            277          0          1         94       52.8      30.11      20.64
2:00am            277          0          1         94       52.7      30.10      20.64
2:05am            277          0          1         94       52.6      30.10      20.64
2:10am            277          0          1         94       52.6      30.10      20.64
2:15am            277          0          1         94       52.4      30.10      20.64
2:20am            277          0          1         94       52.3      30.10      20.64
2:25am            277          0          1         94       52.2      30.10      20.64
2:30am            277          0          1         94       52.2      30.10      20.64
2:35am            275          0          0         95       52.2      30.10      20.64
2:40am            275          0          0         94       52.1      30.10      20.64
2:45am            275          0          0         94       51.8      30.10      20.64
2:50am            275          0          0         94       51.7      30.10      20.64
2:55am            275          0          0         94       51.6      30.10      20.64
3:00am            276          0          1         95       51.7      30.10      20.64
3:05am            276          0          1         95       51.7      30.10      20.64
3:10am            277          0          1         95       51.6      30.10      20.64
3:15am            277          0          1         95       51.6      30.10      20.64
3:20am            277          0          1         95       51.5      30.10      20.64
3:25am            277          0          1         95       51.5      30.10      20.64
3:30am            280          0          1         95       51.5      30.10      20.64
3:35am            280          0          1         94       51.3      30.10      20.64
3:40am            278          0          1         94       51.0      30.10      20.64
3:45am            269          0          1         95       50.8      30.10      20.64
3:50am            269          0          1         95       50.7      30.11      20.64
3:55am            269          0          1         95       50.5      30.11      20.64
4:00am            269          0          1         95       50.5      30.11      20.64
4:05am            278          0          1         95       50.4      30.11      20.64
4:10am            263          0          1         95       50.3      30.11      20.64
4:15am            263          0          1         95       50.2      30.11      20.64
4:20am            259          0          1         95       50.0      30.11      20.64
4:25am            259          0          1         95       49.8      30.12      20.64
4:30am            259          0          1         95       49.8      30.12      20.64
4:35am            259          0          0         95       49.7      30.12      20.64
4:40am            259          0          0         95       49.7      30.12      20.64
4:45am            259          0          0         96       49.7      30.12      20.64
4:50am            259          0          0         96       49.8      30.12      20.64
4:55am            259          0          1         96       49.8      30.12      20.64
5:00am            259          0          1         96       50.0      30.12      20.64
5:05am            277          1          1         96       50.1      30.12      20.64
5:10am            277          0          1         96       50.1      30.12      20.64
5:15am            273          1          2         95       49.8      30.13      20.64
5:20am            236          0          2         95       49.5      30.13      20.64
5:25am            268          0          2         95       49.3      30.13      20.64
5:30am            233          0          2         95       49.1      30.14      20.64
5:35am            231          0          0         95       49.0      30.14      20.64
5:40am            231          0          0         95       48.9      30.14      20.64
5:45am            231          0          0         96       49.2      30.14      20.64
5:50am            250          0          1         96       49.7      30.14      20.64
5:55am            259          0          1         95       50.2      30.14      20.64
6:00am            282          0          1         95       50.8      30.14      20.64
6:05am            283          0          1         95       51.2      30.14      20.64
6:10am            283          0          1         94       51.6      30.15      20.64
6:15am            283          0          1         94       51.7      30.14      20.64
6:20am            283          0          1         94       51.8      30.15      20.64
6:25am            283          0          1         94       52.0      30.15      20.64
6:30am            283          0          1         94       52.2      30.15      20.64
6:35am            283          0          1         94       52.6      30.15      20.64
6:40am            281          0          1         93       52.8      30.15      20.64
6:45am            287          1          1         93       52.9      30.15      20.64
6:50am            289          0          1         93       53.2      30.16      20.64
6:55am            283          0          1         92       53.5      30.16      20.64
7:00am            283          1          1         92       53.9      30.16      20.64
7:05am            283          1          2         92       54.3      30.16      20.64
7:10am            259          0          2         91       54.9      30.16      20.64
7:15am            290          2          2         90       55.4      30.17      20.64
7:20am            248          1          2         89       55.7      30.17      20.64
7:25am            278          2          3         89       56.1      30.17      20.64
7:30am            273          1          3         88       56.6      30.17      20.64
7:35am            281          1          2         87       57.1      30.17      20.64
7:40am            274          1          2         85       57.7      30.17      20.64
7:45am            282          1          2         83       58.3      30.17      20.64
7:50am            257          0          2         82       58.8      30.17      20.64
7:55am            263          1          2         81       59.5      30.17      20.64
8:00am            266          1          2         80       60.3      30.17      20.64
8:05am            278          1          2         78       60.7      30.17      20.64
8:10am            276          0          2         78       61.0      30.17      20.64
8:15am            270          0          2         78       61.6      30.17      20.64
8:20am            261          0          2         78       62.4      30.18      20.64
8:25am            263          0          2         75       63.6      30.17      20.64
8:30am            265          1          2         70       64.1      30.18      20.64
8:35am            275          0          2         71       64.7      30.18      20.64
8:40am            270          0          2         69       65.4      30.18      20.64
8:45am            336          0          2         70       66.3      30.18      20.64
8:50am            269          0          2         66       67.1      30.18      20.64
8:55am            275          2          3         63       67.5      30.18      20.64
9:00am            269          0          3         65       67.9      30.18      20.64
9:05am            276          2          2         61       68.3      30.18      20.64
9:10am            286          2          4         59       68.5      30.18      20.64
9:15am            266          0          4         59       69.0      30.18      20.64
9:20am            264          0          4         59       69.4      30.18      20.64
9:25am            283          0          4         55       70.3      30.18      20.64
9:30am            273          0          4         53       70.9      30.18      20.64
9:35am            283          0          2         59       71.4      30.18      20.64
9:40am            290          0          2         55       72.0      30.18      20.64
9:45am            276          0          2         55       72.0      30.18      20.64
9:50am            288          1          3         56       72.6      30.18      20.64
9:55am            280          0          3         53       72.6      30.17      20.64
10:00am           256          0          3         55       73.0      30.17      20.64
10:05am           251          0          2         60       73.3      30.18      20.64
10:10am           270          0          2         54       74.1      30.17      20.64
10:15am           248          0          2         52       74.3      30.18      20.64
10:20am            77          0          2         52       75.0      30.18      20.64
10:25am           279          1          4         45       75.4      30.18      20.64
10:30am           288          0          4         45       75.3      30.18      20.64
10:35am           124          0          2         43       75.9      30.17      20.64
10:40am            77          1          3         45       76.1      30.17      20.64
10:45am           312          0          3         45       76.8      30.17      20.64
10:50am           290          0          3         48       77.3      30.17      20.64
10:55am            65          2          4         45       77.5      30.17      20.64
11:00am            70          0          4         46       76.8      30.17      20.64
11:05am            34          1          3         42       76.9      30.17      20.64
11:10am           134          0          3         43       77.2      30.17      20.64
11:15am            27          1          5         41       76.8      30.16      20.64
11:20am            86          1          6         44       76.4      30.16      20.64
11:25am            48          5          6         43       76.1      30.16      20.64
11:30am            82          3          7         44       76.3      30.16      20.64
11:35am            88          1          6         41       76.4      30.16      20.64
11:40am            70          1          7         40       76.3      30.16      20.64
11:45am            10          1          7         45       76.7      30.16      20.64
11:50am            89          5          7         38       77.0      30.16      20.64
11:55am            89          3          8         40       76.6      30.16      20.64
12:00pm           101          2          8         40       76.6      30.16      20.64
12:05pm            72          3          8         39       76.6      30.16      20.64
12:10pm            89          4          8         38       76.7      30.16      20.64
12:15pm           146          2          8         40       76.8      30.16      20.64
12:20pm           148          1          8         38       77.1      30.15      20.64
12:25pm           145          0          8         36       77.4      30.16      20.64
12:30pm           129          0          8         37       77.7      30.15      20.64
12:35pm           129          1          7         40       77.9      30.15      20.64
12:40pm           104          2          7         38       77.9      30.15      20.64
12:45pm           114          2          7         34       78.0      30.15      20.64
12:50pm            94          1          7         39       78.2      30.15      20.64
12:55pm           126          3          7         35       78.3      30.15      20.64
1:00pm            158          4          7         35       78.2      30.15      20.64
1:05pm            104          1          6         36       78.3      30.14      20.64
1:10pm             92          3          6         36       78.3      30.14      20.64
1:15pm             69          0          6         36       78.4      30.14      20.64
1:20pm             83          1          6         38       78.8      30.14      20.64
1:25pm             81          2          6         38       78.6      30.14      20.64
1:30pm             63          4          6         36       78.4      30.14      20.64
1:35pm             70          6          9         36       78.0      30.13      20.64
1:40pm             78          3          9         37       77.9      30.13      20.64
1:45pm             67          3          9         36       78.0      30.13      20.64
1:50pm             73          5          9         37       78.4      30.13      20.64
1:55pm             75          2          9         37       78.2      30.13      20.64
1:59pm             96          2          9         39       78.1      30.13      20.64
2:05pm             89          2          8         36       78.2      30.12      20.64
2:10pm             86          2         10         39       78.4      30.12      20.64
2:15pm             74          5         10         37       78.8      30.12      20.64
2:20pm             53          3         10         40       78.6      30.12      20.64
2:25pm             79          5         10         36       78.6      30.12      20.64
2:30pm             89          1         10         38       78.9      30.12      20.64
2:35pm            278          0          6         38       79.1      30.12      20.64
2:40pm             81          0          6         37       79.3      30.12      20.64
2:45pm             41          2          6         37       79.8      30.12      20.64
2:50pm            115          1          6         40       79.5      30.12      20.64
2:55pm             79          2          6         40       79.4      30.12      20.64
3:00pm             97          0          6         41       79.2      30.12      20.64
3:05pm             70          3          3         40       78.9      30.12      20.64
3:10pm            240          0          3         40       78.5      30.12      20.64
3:15pm            143          0          3         41       78.4      30.12      20.64
3:20pm             74          0          6         40       78.2      30.12      20.64
3:25pm             91          0          6         43       77.8      30.12      20.64
3:30pm             29          2          6         47       77.8      30.12      20.64
3:35pm             61          0          3         43       77.9      30.11      20.64
3:40pm            141         11         11         44       78.1      30.11      20.64
3:45pm            242          0         11         44       78.9      30.11      20.64
3:50pm            172          3         11         42       79.4      30.11      20.64
3:55pm            212          0         11         43       79.1      30.11      20.64
3:59pm            219          1         11         44       79.0      30.11      20.64
4:05pm            127          2          5         42       78.7      30.11      20.64
4:10pm            145          0          5         41       78.4      30.11      20.64
4:15pm             99          1          5         43       78.1      30.11      20.64
4:20pm             79          2          5         45       77.7      30.11      20.64
4:25pm            249          0          5         44       77.6      30.11      20.64
4:30pm            112          0          5         47       77.7      30.11      20.64
4:35pm            221          3          6         44       78.2      30.11      20.64
4:40pm             49          1          6         45       79.2      30.11      20.64
4:45pm            158          2          7         43       79.5      30.11      20.64
4:50pm             71          0          7         44       79.1      30.11      20.64
4:55pm             77          2          7         44       78.5      30.11      20.64
5:00pm            169          1          7         45       78.2      30.11      20.64
5:05pm            289          2          3         44       78.4      30.10      20.64
5:10pm            281          2          4         45       78.1      30.10      20.64
5:15pm            285          1          5         44       77.8      30.10      20.64
5:20pm            248          0          5         46       77.4      30.10      20.64
5:25pm            287          0          5         47       78.1      30.10      20.64
5:30pm            210          2          5         45       79.3      30.10      20.64
5:35pm            269          2          4         42       80.1      30.10      20.64
5:40pm            226          1          4         39       80.5      30.10      20.64
5:45pm            207          0          4         41       80.7      30.09      20.64
5:50pm            264          0          4         43       80.8      30.10      20.64
5:55pm            295          5          5         39       80.8      30.09      20.64
6:00pm            274          2          8         39       80.2      30.10      20.64
6:05pm            219          1          5         39       80.1      30.09      20.64
6:10pm            285          0          5         40       80.0      30.09      20.64
6:15pm            243          2          5         40       79.9      30.09      20.64
6:20pm            272          0          6         39       79.7      30.09      20.64
6:25pm            208          2          6         39       79.2      30.09      20.64
6:30pm            244          1          6         40       78.6      30.09      20.64
6:35pm            259          1          3         41       78.2      30.09      20.64
6:40pm            282          2          6         41       77.9      30.09      20.64
6:45pm            290          2          6         42       77.7      30.09      20.64
6:50pm            280          1          6         41       77.5      30.09      20.64
6:55pm            264          0          6         42       77.4      30.09      20.64
7:00pm            279          2          6         43       77.2      30.09      20.64
7:05pm            190          0          6         42       77.0      30.09      20.64
7:10pm            283          0          6         44       76.8      30.09      20.64
7:15pm            246          0          6         44       76.6      30.09      20.64
7:20pm            285          0          6         44       76.4      30.09      20.64
7:25pm            216          1          6         44       76.2      30.09      20.64
7:30pm            274          0          6         46       75.9      30.09      20.64
7:35pm            271          0          1         46       75.6      30.09      20.64
7:40pm            279          0          1         47       75.4      30.09      20.64
7:45pm            286          0          1         47       75.1      30.09      20.64
7:50pm            281          0          1         48       74.8      30.09      20.64
7:55pm            281          0          1         49       74.4      30.09      20.64
8:00pm            281          0          1         52       73.9      30.09      20.64
8:05pm            281          0          0         53       73.3      30.09      20.64
8:10pm            281          0          0         56       72.5      30.09      20.64
8:15pm            281          0          0         57       71.7      30.09      20.64
8:20pm            281          0          0         60       71.0      30.09      20.64
8:25pm            281          0          0         60       70.3      30.09      20.64
8:30pm            281          0          0         63       69.7      30.09      20.64
8:34pm            281          0          0         65       69.1      30.09      20.64
8:40pm            281          0          0         65       68.6      30.09      20.64
8:45pm            281          0          0         65       68.1      30.09      20.64
8:50pm            281          0          0         67       67.7      30.09      20.64
8:55pm            281          0          0         68       67.2      30.09      20.64
9:00pm            281          0          0         69       66.8      30.09      20.64
9:05pm            281          0          0         69       66.5      30.09      20.64
9:10pm            281          0          0         69       66.3      30.09      20.64
9:15pm            281          0          0         70       66.1      30.09      20.64
9:20pm            281          0          0         70       65.9      30.09      20.64
9:25pm            281          0          0         71       65.7      30.10      20.64
9:30pm            281          0          0         72       65.3      30.10      20.64
9:35pm            281          0          0         74       65.1      30.10      20.64
9:40pm            281          0          0         75       64.8      30.10      20.64
9:45pm            281          0          1         75       64.4      30.10      20.64
9:50pm            281          0          1         76       64.1      30.10      20.64
9:55pm            281          0          1         77       63.8      30.10      20.64
10:00pm           281          0          1         77       63.6      30.11      20.64
10:05pm           281          0          0         77       63.3      30.11      20.64
10:10pm           281          0          0         78       63.0      30.10      20.64
10:15pm           281          0          0         77       62.8      30.11      20.64
10:20pm           280          0          1         78       62.6      30.10      20.64
10:25pm           281          0          1         79       62.5      30.10      20.64
10:30pm           281          0          1         80       62.6      30.10      20.64
10:35pm           281          0          1         80       62.5      30.10      20.64
10:40pm           271          1          2         80       62.4      30.10      20.64
10:45pm           272          0          2         80       62.0      30.10      20.64
10:50pm           272          0          2         81       61.5      30.10      20.64
10:55pm           272          0          2         83       61.2      30.10      20.64
11:00pm           274          0          2         83       61.0      30.10      20.64
11:05pm           246          0          1         84       60.7      30.11      20.64
11:10pm           246          0          1         84       60.6      30.11      20.64
11:15pm           246          0          1         85       60.7      30.11      20.64
11:20pm           246          0          1         85       60.7      30.11      20.64
11:25pm           252          0          1         85       60.5      30.11      20.64
11:30pm           252          0          1         85       60.3      30.12      20.64
11:35pm           252          0          0         85       60.1      30.12      20.64
11:40pm           252          0          0         86       60.0      30.12      20.64
11:45pm           252          0          0         86       60.0      30.12      20.64
11:50pm           252          0          0         87       60.0      30.12      20.64
11:55pm           252          0          0         87       59.9      30.12      20.64
