7/7/17
Time         Wind Dir   Wind Spd  Wind Gust   Humidity       Temp  Raw Barom   Tot Rain
                    °        mph        mph          %         °F         in         in
12:00am           261          2          5         75       65.2      29.88      20.65
12:05am           280          1          5         76       65.2      29.88      20.65
12:10am           129          0          5         75       65.2      29.88      20.65
12:15am           282          0          5         76       65.1      29.88      20.65
12:20am           266          1          5         76       65.0      29.88      20.65
12:25am           276          2          5         76       64.9      29.88      20.65
12:30am           288          1          5         77       64.8      29.88      20.65
12:35am           271          0          2         77       64.6      29.88      20.65
12:40am           259          3          3         78       64.3      29.88      20.65
12:45am           266          2          4         79       63.9      29.88      20.65
12:50am           195          1          4         79       63.7      29.88      20.65
12:55am           222          0          4         80       63.5      29.88      20.65
1:00am            289          3          4         79       63.5      29.88      20.65
1:05am            280          2          3         79       63.4      29.87      20.65
1:10am            295          3          6         79       63.5      29.87      20.65
1:15am            309          3          8         79       63.7      29.87      20.65
1:20am            285          2          8         78       63.8      29.86      20.65
1:25am            214          0          8         79       63.8      29.86      20.65
1:30am            282          2          8         79       63.8      29.86      20.65
1:35am            281          3          5         79       63.8      29.86      20.65
1:40am            245          1          5         79       63.7      29.86      20.65
1:45am            267          1          5         79       63.5      29.86      20.65
1:50am            286          0          5         80       63.4      29.86      20.65
1:55am            274          1          5         80       63.3      29.86      20.65
2:00am            263          1          5         81       63.1      29.86      20.65
2:05am            257          1          3         81       62.9      29.86      20.65
2:10am            252          0          3         81       62.8      29.86      20.65
2:15am            283          0          3         82       62.8      29.86      20.65
2:20am            288          0          3         82       62.8      29.86      20.65
2:25am            273          0          3         82       62.7      29.86      20.65
2:30am            247          0          3         82       62.5      29.86      20.65
2:35am            247          0          2         83       62.2      29.85      20.65
2:40am            259          0          2         83       62.1      29.85      20.65
2:45am            259          0          2         84       62.0      29.85      20.65
2:50am            259          0          2         84       61.8      29.86      20.65
2:55am            299          0          2         84       61.7      29.86      20.65
3:00am            299          0          2         84       61.6      29.86      20.65
3:05am            299          0          0         85       61.5      29.85      20.65
3:10am            299          0          0         85       61.4      29.85      20.65
3:15am            299          0          0         85       61.4      29.85      20.65
3:20am            299          0          0         86       61.3      29.85      20.65
3:25am            299          0          1         86       61.2      29.85      20.65
3:30am            297          0          1         86       61.0      29.84      20.65
3:35am            297          0          0         86       60.7      29.84      20.65
3:40am            297          0          0         87       60.4      29.84      20.65
3:45am            297          0          0         88       60.1      29.84      20.65
3:50am            297          0          0         88       59.8      29.84      20.65
3:55am            297          0          0         89       59.6      29.84      20.65
4:00am            297          0          0         89       59.4      29.84      20.65
4:05am            297          1          1         90       59.3      29.83      20.65
4:10am            290          0          2         91       59.6      29.83      20.65
4:15am            220          0          2         89       60.1      29.83      20.65
4:20am            266          0          2         89       60.3      29.83      20.65
4:25am            266          0          2         89       60.3      29.83      20.65
4:30am            266          0          2         89       60.3      29.83      20.65
4:35am            266          0          0         89       60.3      29.83      20.65
4:40am            266          0          1         89       60.3      29.83      20.65
4:45am            266          0          1         89       60.3      29.83      20.65
4:50am            266          0          1         89       60.2      29.83      20.65
4:55am            266          0          1         89       60.1      29.83      20.65
5:00am            266          0          1         89       60.0      29.83      20.65
5:05am            266          0          1         90       59.9      29.83      20.65
5:10am            266          0          1         90       59.9      29.83      20.65
5:15am            266          0          1         90       59.8      29.83      20.65
5:20am            266          0          1         90       59.7      29.83      20.65
5:25am            266          0          1         90       59.6      29.83      20.65
5:30am            266          0          1         91       59.6      29.82      20.65
5:35am            266          0          0         91       59.7      29.82      20.65
5:40am            266          0          0         91       59.7      29.82      20.65
5:45am            277          0          1         91       60.0      29.82      20.65
5:50am            277          0          1         91       60.1      29.82      20.65
5:55am            227          0          1         90       60.2      29.82      20.65
6:00am            227          0          1         90       60.2      29.82      20.65
6:05am            247          0          0         90       60.2      29.82      20.65
6:10am            271          0          1         90       60.3      29.81      20.65
6:15am            271          0          1         90       60.3      29.81      20.65
6:20am            271          0          1         90       60.4      29.81      20.65
6:25am            271          0          1         90       60.4      29.81      20.65
6:30am            271          0          1         90       60.4      29.81      20.65
6:35am            271          0          0         90       60.5      29.80      20.65
6:40am            271          0          0         90       60.6      29.80      20.65
6:45am            271          0          0         90       60.8      29.80      20.65
6:50am            271          0          0         90       61.0      29.80      20.65
6:55am            271          0          0         89       61.2      29.80      20.65
7:00am            271          0          0         89       61.5      29.81      20.65
7:05am            264          0          2         88       61.6      29.81      20.65
7:10am            272          2          3         88       61.7      29.81      20.65
7:15am            243          1          3         88       61.8      29.81      20.65
7:20am            288          1          3         87       62.0      29.81      20.65
7:25am            272          0          3         87       62.2      29.81      20.65
7:30am            216          0          3         86       62.5      29.81      20.65
7:35am            216          0          0         86       62.9      29.80      20.65
7:40am            216          0          0         85       63.4      29.81      20.65
7:45am            264          0          1         83       63.8      29.80      20.65
7:50am            271          0          1         83       64.1      29.80      20.65
7:55am            285          2          2         83       64.2      29.80      20.65
7:59am            265          0          3         83       64.3      29.80      20.65
8:05am            279          0          2         81       64.6      29.80      20.65
8:10am            278          0          3         80       64.8      29.80      20.65
8:15am            261          0          3         80       65.0      29.80      20.65
8:20am            254          0          3         80       65.2      29.80      20.65
8:25am            278          0          3         79       65.4      29.80      20.65
8:30am            275          0          5         77       65.5      29.80      20.65
8:35am            264          1          3         77       65.6      29.80      20.65
8:40am            262          0          4         77       65.7      29.80      20.65
8:45am            287          1          4         77       65.7      29.80      20.65
8:50am            275          0          4         76       65.6      29.81      20.65
8:55am            258          0          7         75       65.5      29.80      20.65
8:59am            271          1          7         74       65.5      29.80      20.65
9:05am            302          2          4         74       65.6      29.80      20.65
9:10am            282          1          4         73       65.6      29.80      20.65
9:15am            295          2          4         73       65.9      29.80      20.65
9:20am            294          4          4         76       66.1      29.80      20.65
9:25am            286          4          6         75       66.4      29.79      20.65
9:30am            281          2          6         75       66.4      29.79      20.65
9:35am            281          3          8         72       66.4      29.79      20.65
9:40am            301          2          8         72       66.3      29.79      20.65
9:45am            256          0          8         71       66.2      29.79      20.65
9:50am            292          1          8         71       66.1      29.79      20.65
9:55am            281          3          8         72       66.1      29.79      20.65
10:00am           281          3          8         72       66.1      29.79      20.65
10:05am           215          3          5         70       66.2      29.78      20.65
10:10am           313          5          7         68       66.4      29.78      20.65
10:15am           236          0          7         68       66.4      29.78      20.65
10:20am           278          1          7         70       66.6      29.78      20.65
10:25am           276          0          7         70       66.9      29.78      20.65
10:30am           276          0          7         71       67.1      29.79      20.65
10:35am           268          0          1         71       67.4      29.79      20.65
10:40am           236          0          2         73       67.4      29.79      20.65
10:45am           266          1          4         72       67.2      29.79      20.65
10:50am           283          2          4         71       67.1      29.79      20.65
10:55am           312          0          4         73       67.1      29.79      20.65
10:59am           267          1          4         72       67.0      29.79      20.65
11:05am           288          0          4         70       66.6      29.79      20.65
11:10am           275          1          5         71       66.2      29.79      20.65
11:15am           278          1          5         72       66.2      29.79      20.65
11:20am           211          1          5         70       66.0      29.79      20.65
11:25am           263          1          5         71       65.9      29.79      20.65
11:30am           269          1          5         72       65.9      29.79      20.65
11:35am           293          1          1         72       66.0      29.79      20.65
11:40am           276          0          2         72       66.0      29.79      20.65
11:45am           223          0          2         74       66.3      29.79      20.65
11:50am           237          0          2         74       66.6      29.78      20.65
11:55am           275          1          2         73       66.8      29.78      20.65
11:59am           236          0          3         73       67.1      29.78      20.65
12:05pm           252          1          4         72       67.6      29.77      20.65
12:10pm           285          0          4         72       68.0      29.77      20.65
12:15pm           274          0          4         71       68.5      29.77      20.65
12:20pm           286          0          4         71       68.5      29.77      20.65
12:25pm           205          0          4         71       69.0      29.77      20.65
12:30pm           244          1          4         72       69.7      29.76      20.65
12:35pm           287          0          1         71       70.2      29.76      20.65
12:40pm           285          0          1         71       70.0      29.76      20.65
12:45pm            97          0          1         70       70.5      29.76      20.65
12:50pm           111          0          2         73       70.6      29.75      20.65
12:55pm           117          0          2         71       70.9      29.76      20.65
1:00pm             77          2          3         72       71.0      29.75      20.65
1:05pm            118          0          3         72       71.0      29.75      20.65
1:10pm             84          1          3         73       71.2      29.74      20.65
1:15pm            169          4          7         72       71.0      29.74      20.65
1:20pm            122          3          7         73       71.0      29.74      20.65
1:25pm             90          0          7         72       71.1      29.74      20.65
1:29pm             88          2          7         73       71.3      29.74      20.65
1:35pm            120          1          4         75       70.9      29.73      20.65
1:40pm             75          2          4         73       70.9      29.73      20.65
1:45pm             77          0          5         74       70.8      29.72      20.65
1:50pm            158          0          6         76       70.8      29.73      20.65
1:55pm            115          0          6         76       71.1      29.72      20.65
2:00pm             75          1          6         75       71.4      29.72      20.65
2:05pm             80          1          4         75       71.6      29.72      20.65
2:10pm            223          5          5         74       71.7      29.72      20.65
2:15pm             98          3          7         75       71.5      29.72      20.65
2:20pm            150          0          8         73       71.3      29.72      20.65
2:25pm            148          4          8         75       71.4      29.71      20.65
2:30pm            202          5          8         75       71.5      29.71      20.65
2:35pm            226          1          6         75       71.6      29.71      20.65
2:40pm            169          2          6         75       71.5      29.71      20.65
2:45pm            231          4          6         75       71.6      29.71      20.65
2:50pm             98          1          6         76       71.6      29.71      20.65
2:55pm            110          0          6         77       71.9      29.70      20.65
3:00pm             81          2          6         76       71.9      29.70      20.65
3:05pm             91          0          5         77       71.6      29.70      20.65
3:10pm             87          4          9         75       72.0      29.70      20.65
3:15pm            128          2          9         75       72.7      29.70      20.65
3:20pm             86          0          9         73       72.6      29.70      20.65
3:24pm            131          2          9         73       72.5      29.70      20.65
3:30pm            108          0          9         74       72.2      29.69      20.65
3:35pm            207          0          7         75       72.0      29.69      20.65
3:40pm             74          3          7         74       72.4      29.69      20.65
3:44pm             68          1          7         75       72.6      29.69      20.65
3:49pm            300          2          7         73       73.9      29.69      20.65
3:54pm            155          3          7         70       74.6      29.69      20.65
4:00pm            168          3          8         69       74.4      29.68      20.65
4:04pm            229          6         10         69       74.1      29.68      20.65
4:10pm            122          7         10         70       73.9      29.68      20.65
4:15pm             95          0         10         72       74.0      29.68      20.65
4:20pm            224          0         10         68       74.5      29.68      20.65
4:24pm            249          0         10         69       74.3      29.67      20.65
4:29pm            141          1         10         69       74.6      29.67      20.65
4:35pm             63          7          7         68       75.0      29.67      20.65
4:40pm            105          0          7         68       74.9      29.67      20.65
4:44pm            223          6          9         67       74.9      29.67      20.65
4:49pm            169          7          9         68       75.0      29.68      20.65
4:55pm             87          0          9         66       75.1      29.67      20.65
5:00pm            232          5          9         67       75.3      29.68      20.65
5:05pm            292          2          7         67       74.9      29.68      20.65
5:09pm            134          0          7         68       74.9      29.68      20.65
5:15pm            104          3          7         69       75.1      29.67      20.65
5:20pm            172          0          7         69       74.8      29.67      20.65
5:24pm            181          2          7         69       75.0      29.67      20.65
5:29pm            311          0          7         69       74.8      29.67      20.65
5:34pm             95          0          9         70       74.6      29.67      20.65
5:40pm            219          2          9         71       74.3      29.67      20.65
5:44pm            184          2          9         71       74.2      29.66      20.65
5:50pm            219          3          9         71       74.2      29.66      20.65
5:54pm             68          2          9         72       73.9      29.66      20.65
6:00pm            218          6          9         72       73.4      29.66      20.65
6:05pm            131          0          8         73       73.1      29.66      20.65
6:09pm            105          2          8         73       73.2      29.66      20.65
6:15pm            252          3          8         72       73.2      29.66      20.65
6:19pm            120          3          8         73       72.9      29.66      20.65
6:25pm            133          0          8         73       72.5      29.66      20.65
6:29pm            205          1          8         74       72.3      29.66      20.65
6:34pm            122          3          7         74       72.0      29.66      20.65
6:39pm            191          1          7         75       71.7      29.66      20.65
6:45pm            224          2          7         76       71.5      29.66      20.65
6:50pm            136          1          7         76       71.5      29.65      20.65
6:55pm            165          1          7         76       71.4      29.65      20.65
7:00pm            195          3          7         76       71.1      29.65      20.65
7:05pm            209          3          5         77       70.9      29.66      20.65
7:09pm            142          0          5         78       70.6      29.66      20.65
7:14pm            207          0          5         78       70.5      29.66      20.65
7:19pm            110          0          5         79       70.3      29.66      20.65
7:24pm            185          1          5         79       70.1      29.66      20.65
7:30pm             76          0          5         80       69.8      29.66      20.65
7:34pm            164          0          3         80       69.4      29.66      20.65
7:39pm             61          0          3         81       69.1      29.65      20.65
7:44pm            113          1          3         82       68.8      29.65      20.65
7:49pm            130          3          3         83       68.5      29.65      20.65
7:54pm             91          0          4         84       68.4      29.65      20.65
8:00pm            131          0          4         84       68.2      29.65      20.65
8:04pm             74          3          3         84       68.0      29.65      20.65
8:10pm             93          1          3         84       67.8      29.65      20.65
8:14pm             59          1          3         85       67.7      29.65      20.65
8:19pm            118          0          4         85       67.5      29.65      20.65
8:25pm             82          0          5         85       67.3      29.65      20.65
8:30pm            122          0          5         86       67.2      29.65      20.65
8:35pm             95          1          5         86       66.9      29.65      20.65
8:40pm             89          0          5         86       66.7      29.65      20.65
8:44pm            110          0          5         86       66.5      29.65      20.65
8:49pm            122          0          5         87       66.3      29.65      20.65
8:54pm            147          0          5         87       66.2      29.66      20.65
9:00pm            156          0          5         88       66.0      29.66      20.65
9:04pm            198          0          3         88       65.9      29.66      20.65
9:09pm            122          1          3         89       65.8      29.65      20.65
9:14pm            131          0          3         89       65.6      29.65      20.65
9:20pm            137          1          3         89       65.5      29.66      20.65
9:24pm            201          0          3         89       65.3      29.66      20.65
9:29pm            202          0          3         89       65.1      29.66      20.65
9:34pm            202          0          0         90       64.9      29.66      20.65
9:39pm            275          1          1         90       64.8      29.66      20.65
9:45pm            271          0          1         90       64.8      29.66      20.65
9:49pm            271          0          1         90       64.8      29.66      20.65
9:54pm            271          0          1         91       64.7      29.67      20.65
10:00pm           105          0          2         91       64.7      29.66      20.65
10:04pm            60          0          1         91       64.7      29.66      20.65
10:09pm            58          0          1         91       64.7      29.66      20.65
10:15pm            58          0          1         91       64.6      29.66      20.65
10:19pm            58          0          1         91       64.5      29.66      20.65
10:24pm            58          0          1         91       64.5      29.66      20.65
10:29pm           349          0          1         91       64.4      29.66      20.65
10:34pm           349          0          1         91       64.2      29.66      20.65
10:40pm            27          0          1         92       64.1      29.66      20.65
10:44pm           179          0          1         92       64.0      29.66      20.65
10:49pm           146          0          1         92       63.9      29.65      20.65
10:54pm           146          0          1         92       63.8      29.65      20.65
11:00pm           146          0          1         93       63.8      29.66      20.65
11:05pm           250          0          0         93       63.8      29.66      20.65
11:10pm           250          0          0         93       63.8      29.66      20.65
11:15pm           250          0          0         93       63.8      29.65      20.65
11:20pm           250          0          1         93       63.8      29.66      20.65
11:24pm           250          0          1         93       63.8      29.65      20.65
11:30pm           250          0          1         93       63.7      29.65      20.65
11:35pm           250          0          1         93       63.5      29.65      20.65
11:40pm           263          0          1         93       63.4      29.65      20.65
11:45pm           263          0          1         93       63.3      29.65      20.65
11:50pm           263          0          1         93       63.2      29.65      20.65
11:54pm           263          0          1         93       63.0      29.65      20.65
