8/20/17
Time         Wind Dir   Wind Spd  Wind Gust   Humidity       Temp  Raw Barom   Tot Rain
                    °        mph        mph          %         °F         in         in
12:00am           279          0          1         94       62.8      29.78      26.94
12:05am           278          0          0         94       62.8      29.78      26.94
12:09am           279          0          0         94       62.7      29.78      26.94
12:14am           279          0          0         94       62.5      29.78      26.94
12:19am           279          0          0         94       62.4      29.77      26.94
12:25am           279          0          0         94       62.3      29.77      26.94
12:30am           279          0          0         94       62.2      29.77      26.94
12:35am           279          0          0         95       62.1      29.77      26.94
12:40am           277          0          1         95       62.1      29.78      26.94
12:45am           276          0          1         95       61.9      29.78      26.94
12:50am           276          0          1         94       61.7      29.77      26.94
12:55am           283          0          2         95       61.6      29.78      26.94
1:00am            278          0          2         95       61.4      29.78      26.94
1:05am            278          0          0         95       61.3      29.77      26.94
1:10am            278          0          0         95       61.1      29.77      26.94
1:15am            278          0          0         95       61.0      29.77      26.94
1:19am            278          0          0         95       61.0      29.77      26.94
1:25am            278          0          1         96       61.1      29.77      26.94
1:30am            278          0          1         96       61.2      29.78      26.94
1:35am            278          0          0         95       61.1      29.78      26.94
1:39am            278          0          1         96       61.1      29.77      26.94
1:45am            278          0          1         96       61.0      29.78      26.94
1:50am            278          0          1         96       61.0      29.78      26.94
1:55am            255          0          1         96       61.0      29.77      26.94
2:00am            255          0          1         96       60.9      29.77      26.94
2:05am            264          0          1         96       60.9      29.77      26.94
2:10am            257          0          1         96       60.9      29.77      26.94
2:15am            257          0          1         96       60.9      29.78      26.94
2:20am            257          0          1         96       60.9      29.78      26.94
2:25am            257          0          1         96       60.9      29.77      26.94
2:30am            257          0          1         96       61.0      29.77      26.94
2:35am            279          0          1         96       61.1      29.77      26.94
2:40am            284          0          1         96       61.2      29.77      26.94
2:45am            273          0          1         96       61.2      29.77      26.94
2:50am            273          0          1         96       61.1      29.77      26.94
2:55am            275          0          1         96       61.0      29.77      26.94
3:00am            259          0          1         96       61.0      29.77      26.94
3:05am            262          1          3         96       61.0      29.78      26.94
3:10am            285          0          3         96       61.0      29.77      26.94
3:15am            283          0          3         96       61.1      29.77      26.94
3:20am            285          1          3         96       61.2      29.77      26.94
3:25am            278          0          3         96       61.3      29.78      26.94
3:30am            274          0          3         96       61.3      29.78      26.94
3:35am            290          0          1         96       61.4      29.78      26.94
3:40am            290          0          1         96       61.4      29.77      26.94
3:45am            290          0          1         96       61.4      29.77      26.94
3:50am            290          0          1         96       61.4      29.78      26.94
3:55am            281          0          1         96       61.3      29.78      26.94
4:00am            280          0          2         96       61.2      29.78      26.94
4:05am            271          0          1         96       61.1      29.78      26.94
4:10am            273          1          1         96       61.2      29.78      26.94
4:15am            274          0          1         96       61.3      29.78      26.94
4:20am            274          0          1         96       61.4      29.79      26.94
4:25am            273          0          1         96       61.3      29.79      26.94
4:30am            281          0          1         96       61.3      29.79      26.94
4:35am            278          0          1         96       61.2      29.79      26.94
4:40am            278          0          1         96       61.0      29.79      26.94
4:45am            276          0          1         96       60.8      29.79      26.94
4:50am            275          0          2         96       60.7      29.80      26.94
4:55am            259          0          2         96       60.5      29.80      26.94
5:00am            259          0          2         96       60.4      29.80      26.94
5:05am            259          0          0         96       60.4      29.80      26.94
5:10am            271          0          2         97       60.8      29.80      26.94
5:15am            267          2          3         97       61.3      29.81      26.94
5:20am            285          0          3         97       61.6      29.81      26.94
5:25am            273          0          3         97       61.7      29.81      26.94
5:30am            263          0          3         96       61.6      29.81      26.94
5:35am            268          0          2         96       61.6      29.82      26.94
5:40am            273          0          2         96       61.4      29.82      26.94
5:45am            273          0          2         96       61.3      29.82      26.94
5:50am            273          0          2         96       61.1      29.82      26.94
5:55am            220          0          2         96       61.0      29.82      26.94
6:00am            220          0          2         96       60.9      29.81      26.94
6:05am            220          0          0         96       60.8      29.82      26.94
6:10am            220          0          0         96       60.7      29.82      26.94
6:15am            220          0          0         96       60.6      29.82      26.94
6:20am            220          0          0         96       60.5      29.82      26.94
6:25am            220          0          0         96       60.2      29.83      26.94
6:30am            166          0          0         96       60.1      29.83      26.94
6:35am            165          0          0         96       60.1      29.83      26.94
6:40am            246          0          0         96       60.4      29.83      26.94
6:45am            277          0          2         96       60.7      29.83      26.94
6:50am            262          0          4         96       61.0      29.84      26.94
6:55am            267          1          6         96       61.4      29.84      26.94
7:00am            240          2          6         96       61.8      29.83      26.94
7:05am            319          1          6         95       62.2      29.84      26.94
7:10am            275          0          6         95       62.7      29.84      26.94
7:15am            274          0          6         94       63.1      29.85      26.94
7:20am            277          1          6         93       63.3      29.85      26.94
7:25am            281          1          6         92       63.6      29.85      26.94
7:30am            275          1          6         91       63.9      29.85      26.94
7:35am            252          0          3         90       64.1      29.85      26.94
7:40am            297          2          5         89       64.4      29.85      26.94
7:45am            282          1          5         89       64.7      29.85      26.94
7:50am            257          1          5         89       65.0      29.86      26.94
7:55am            286          0          5         88       65.2      29.86      26.94
8:00am            240          4          5         87       65.5      29.86      26.94
8:05am            283          2          5         87       65.9      29.86      26.94
8:10am            285          0          5         87       66.3      29.86      26.94
8:15am            264          1          8         85       66.7      29.86      26.94
8:20am            290          0          8         86       67.0      29.86      26.94
8:25am            255          0          8         84       67.3      29.86      26.94
8:30am            249          3          8         84       67.7      29.86      26.94
8:35am            250          3          9         81       67.9      29.86      26.94
8:40am            288          0          9         81       68.0      29.86      26.94
8:45am            231          1          9         81       68.5      29.86      26.94
8:50am            263          1          9         80       68.9      29.86      26.94
8:55am            252          0          9         80       69.2      29.86      26.94
9:00am            244          0          9         78       69.5      29.86      26.94
9:05am            269          0          6         76       70.0      29.86      26.94
9:10am            203          2         11         76       70.0      29.86      26.94
9:15am            147          6         11         75       69.8      29.87      26.94
9:20am            281          0         11         74       70.1      29.87      26.94
9:25am             34          1         11         74       70.3      29.87      26.94
9:30am             98          0         11         74       70.7      29.87      26.94
9:35am            242          0          7         74       70.9      29.87      26.94
9:40am            295          4         11         72       70.8      29.88      26.94
9:45am            269          7         14         71       70.4      29.88      26.94
9:50am            115          1         14         71       70.8      29.88      26.94
9:55am             86          0         14         70       70.9      29.88      26.94
10:00am           283          2         14         68       71.3      29.88      26.94
10:05am           303          0          9         68       71.5      29.88      26.94
10:10am             9          2          9         69       72.3      29.89      26.94
10:15am            94          1         10         65       72.1      29.89      26.94
10:20am           276          3         10         68       72.0      29.88      26.94
10:25am           260          1         10         68       72.0      29.88      26.94
10:30am           338          0         10         68       72.7      29.89      26.94
10:35am           243          0          8         67       72.9      29.89      26.94
10:40am           288          1          8         69       73.1      29.89      26.94
10:45am           259          5          8         67       73.3      29.89      26.94
10:50am           290          4          8         65       72.5      29.89      26.94
10:55am           227          7         12         65       71.9      29.89      26.94
11:00am           262          0         14         65       72.0      29.89      26.94
11:05am           283          4          9         64       71.8      29.89      26.94
11:10am           268          0          9         67       71.6      29.90      26.94
11:15am            70          2          9         67       71.4      29.90      26.94
11:20am           233          2          9         68       71.1      29.90      26.94
11:25am           266          5          9         68       71.1      29.90      26.94
11:30am           323          2          9         68       72.0      29.90      26.94
11:35am           304          2         10         64       72.7      29.90      26.94
11:40am            75          2         10         65       72.3      29.90      26.94
11:45am           254          6         10         64       72.9      29.91      26.94
11:50am           313          2         10         59       73.5      29.91      26.94
11:55am            77          1         10         59       73.3      29.91      26.94
12:00pm           284          0         10         61       72.8      29.91      26.94
12:05pm            71          1          7         61       73.1      29.91      26.94
12:10pm           328          1          8         60       73.2      29.91      26.94
12:15pm           305          2         14         59       73.1      29.91      26.94
12:20pm            55          2         14         59       73.3      29.91      26.94
12:25pm            71          3         14         59       73.7      29.92      26.94
12:30pm           259          3         14         58       73.5      29.91      26.94
12:35pm            85          3         12         62       73.4      29.92      26.94
12:40pm            49          2         12         60       74.0      29.92      26.94
12:45pm           284          1         12         55       74.5      29.92      26.94
12:50pm           290          1         13         56       74.3      29.92      26.94
12:55pm           188          2         13         56       74.5      29.92      26.94
1:00pm            292          1         13         58       74.4      29.92      26.94
1:05pm            281          5          9         55       75.0      29.92      26.94
1:10pm            237          2         11         52       74.8      29.93      26.94
1:15pm            274          2         11         54       74.7      29.92      26.94
1:20pm            285          4         11         55       74.8      29.93      26.94
1:25pm            276          2         11         54       75.4      29.93      26.94
1:30pm            219         11         14         54       75.0      29.93      26.94
1:35pm            231          3         11         53       75.1      29.93      26.94
1:40pm            284          1         11         52       75.5      29.93      26.94
1:45pm            263          1         13         56       75.1      29.93      26.94
1:50pm            126          1         13         55       75.2      29.93      26.94
1:55pm            256          2         13         54       75.5      29.93      26.94
2:00pm            280          2         13         56       76.0      29.94      26.94
2:05pm            252          4          9         53       75.8      29.94      26.94
2:10pm            280          4          9         53       75.3      29.94      26.94
2:15pm            226          5          9         56       74.6      29.94      26.94
2:20pm            259          0          9         56       75.3      29.93      26.94
2:25pm             65          1          9         59       75.9      29.93      26.94
2:30pm            210          1          9         54       76.2      29.93      26.94
2:35pm             89          0          8         53       76.2      29.93      26.94
2:40pm            174          2         12         52       76.7      29.93      26.94
2:45pm            288          3         12         53       77.1      29.93      26.94
2:50pm            276          4         12         52       77.3      29.93      26.94
2:55pm            271          3         12         50       77.1      29.93      26.94
3:00pm            226          4         12         52       76.5      29.93      26.94
3:05pm            210          2          9         52       76.4      29.93      26.94
3:10pm            267          4         15         52       76.2      29.94      26.94
3:15pm            257          6         15         53       76.4      29.93      26.94
3:20pm            141          1         15         53       76.6      29.94      26.94
3:25pm            289          0         15         50       76.9      29.94      26.94
3:30pm            296          8         15         51       76.9      29.94      26.94
3:35pm            275          7          9         52       76.8      29.94      26.94
3:40pm            274          4          9         51       76.7      29.94      26.94
3:45pm            186          1          9         53       76.8      29.94      26.94
3:50pm             65          0          9         52       76.4      29.94      26.94
3:55pm             29          2          9         51       76.3      29.94      26.94
4:00pm            125          3          9         53       76.6      29.94      26.94
4:05pm            298          2          6         50       76.8      29.94      26.94
4:10pm             91          1          6         51       76.7      29.95      26.94
4:15pm             90          0          6         51       76.2      29.95      26.94
4:20pm            272          2          7         51       76.1      29.94      26.94
4:25pm            137          0          7         51       76.3      29.94      26.94
4:30pm             94          0          7         53       76.4      29.94      26.94
4:35pm            269          0          4         52       76.4      29.94      26.94
4:40pm            251          0          6         52       76.7      29.94      26.94
4:45pm            167          0          6         52       77.2      29.94      26.94
4:50pm            212          1          6         52       77.5      29.94      26.94
4:55pm            139          0          9         51       77.1      29.94      26.94
5:00pm            251          2          9         52       76.8      29.94      26.94
5:05pm            293          6          6         52       76.7      29.94      26.94
5:10pm            265          2          9         51       76.2      29.94      26.94
5:15pm            232          1          9         53       75.8      29.95      26.94
5:20pm             49          1          9         53       75.9      29.94      26.94
5:25pm            256          0          9         55       76.0      29.94      26.94
5:30pm            285          1          9         53       76.1      29.94      26.94
5:35pm            221          2          5         53       75.9      29.95      26.94
5:40pm            121          1          9         53       75.6      29.95      26.94
5:45pm            257          1          9         53       75.8      29.95      26.94
5:50pm            288          0          9         54       75.7      29.95      26.94
5:55pm            226          0          9         55       75.7      29.95      26.94
6:00pm             35          0          9         53       75.5      29.95      26.94
6:05pm            259          0          2         55       74.9      29.96      26.94
6:10pm            233          1          3         56       74.6      29.96      26.94
6:15pm             68          0          3         58       74.1      29.96      26.94
6:20pm            282          0          3         60       73.7      29.96      26.94
6:25pm            282          0          3         62       73.3      29.96      26.94
6:30pm            282          0          3         63       72.9      29.96      26.94
6:35pm            282          0          1         64       72.3      29.96      26.94
6:40pm              4          0          1         65       71.7      29.96      26.94
6:45pm              5          0          1         67       71.3      29.96      26.94
6:50pm              5          0          1         68       71.0      29.96      26.94
6:55pm              5          0          1         69       70.7      29.97      26.94
7:00pm              5          0          1         70       70.4      29.96      26.94
7:05pm              5          0          1         71       70.1      29.96      26.94
7:10pm              5          0          1         72       69.9      29.97      26.94
7:15pm              5          0          1         73       69.6      29.97      26.94
7:20pm              5          0          1         74       69.1      29.97      26.94
7:25pm              5          0          1         76       68.8      29.97      26.94
7:30pm              5          0          1         76       68.3      29.97      26.94
7:35pm              5          0          0         77       67.9      29.97      26.94
7:40pm              5          0          0         79       67.5      29.97      26.94
7:45pm              5          0          0         80       67.1      29.97      26.94
7:50pm              5          0          0         80       66.6      29.97      26.94
7:55pm              5          0          0         81       66.1      29.97      26.94
8:00pm              5          0          0         82       65.7      29.97      26.94
8:05pm              5          0          1         82       65.1      29.97      26.94
8:10pm              5          0          1         83       64.8      29.98      26.94
8:15pm              5          0          1         84       64.4      29.98      26.94
8:20pm              5          0          1         85       64.1      29.98      26.94
8:25pm            342          0          1         86       63.8      29.98      26.94
8:30pm            342          0          1         87       63.6      29.98      26.94
8:35pm            342          0          1         88       63.3      29.99      26.94
8:40pm            342          0          1         89       63.1      29.99      26.94
8:45pm            342          0          1         89       62.8      29.99      26.94
8:50pm            259          0          1         90       62.6      30.00      26.94
8:55pm            231          0          1         90       62.3      30.00      26.94
9:00pm            289          1          1         91       62.1      30.00      26.94
9:05pm            274          0          1         91       62.1      30.00      26.94
9:10pm            257          0          1         91       61.9      30.00      26.94
9:15pm            257          0          1         91       61.7      30.00      26.94
9:20pm            257          0          1         92       61.5      30.00      26.94
9:25pm            252          0          1         92       61.3      30.00      26.94
9:30pm            252          0          1         92       61.0      30.00      26.94
9:35pm            252          0          0         92       60.8      30.01      26.94
9:40pm            223          0          1         93       60.6      30.01      26.94
9:45pm            223          0          1         93       60.5      30.01      26.94
9:50pm            223          0          1         93       60.3      30.01      26.94
9:55pm            226          0          1         93       60.2      30.01      26.94
10:00pm           223          0          1         93       60.0      30.01      26.94
10:05pm           223          0          1         93       59.9      30.01      26.94
10:10pm           262          0          1         94       59.7      30.01      26.94
10:15pm           262          0          1         94       59.6      30.01      26.94
10:20pm           251          0          1         94       59.5      30.02      26.94
10:25pm           251          0          1         94       59.4      30.01      26.94
10:30pm           263          0          1         94       59.3      30.02      26.94
10:35pm           264          0          1         94       59.3      30.02      26.94
10:40pm           275          0          2         94       59.2      30.02      26.94
10:45pm           266          0          2         95       59.2      30.02      26.94
10:50pm           266          0          2         95       59.2      30.02      26.94
10:55pm           262          0          2         95       59.2      30.02      26.94
11:00pm           266          0          2         95       59.1      30.02      26.94
11:05pm           259          0          1         95       59.0      30.02      26.94
11:10pm           255          0          1         95       58.8      30.02      26.94
11:15pm           261          0          1         95       58.6      30.02      26.94
11:20pm           271          0          1         95       58.6      30.02      26.94
11:25pm           269          0          1         95       58.6      30.02      26.94
11:30pm           255          0          1         95       58.4      30.03      26.94
11:35pm           254          0          1         95       58.3      30.03      26.94
11:40pm           264          0          1         95       58.2      30.03      26.94
11:45pm           264          0          1         95       58.1      30.03      26.94
11:50pm           264          0          1         95       58.0      30.04      26.94
11:55pm           264          0          1         95       57.9      30.04      26.94
