8/25/17
Time         Wind Dir   Wind Spd  Wind Gust   Humidity       Temp  Raw Barom   Tot Rain
                    °        mph        mph          %         °F         in         in
12:00am           252          0          1         86       55.2      29.94      27.34
12:05am            10          0          1         87       54.9      29.94      27.34
12:10am            10          0          1         88       54.6      29.94      27.34
12:15am             9          0          1         88       54.4      29.94      27.34
12:20am           285          0          1         89       54.2      29.94      27.34
12:25am           285          0          1         90       54.1      29.94      27.34
12:30am           269          0          1         90       53.8      29.94      27.34
12:35am           265          0          1         91       53.5      29.94      27.34
12:40am           241          0          1         91       53.3      29.94      27.34
12:45am           241          0          1         91       53.1      29.94      27.34
12:50am           241          0          1         92       52.9      29.94      27.34
12:55am           263          0          1         92       52.8      29.94      27.34
1:00am            266          0          1         93       52.8      29.94      27.34
1:05am            272          0          3         93       52.5      29.94      27.34
1:10am            237          0          3         93       52.3      29.94      27.34
1:15am            237          0          3         93       52.2      29.94      27.34
1:20am            251          0          3         93       52.0      29.94      27.34
1:25am            276          0          3         94       51.9      29.94      27.34
1:30am            276          0          3         94       51.7      29.94      27.34
1:35am            276          0          1         94       51.6      29.94      27.34
1:40am            276          0          1         94       51.6      29.94      27.34
1:45am            276          0          1         94       51.6      29.94      27.34
1:50am            276          0          1         95       51.6      29.94      27.34
1:55am            276          0          1         95       51.8      29.94      27.34
2:00am            276          0          1         95       52.0      29.94      27.34
2:05am            266          0          1         95       52.2      29.94      27.34
2:10am            266          0          1         95       52.2      29.94      27.34
2:15am            266          0          1         95       52.3      29.94      27.34
2:20am            266          0          1         95       52.3      29.94      27.34
2:25am            266          0          1         94       52.3      29.94      27.34
2:30am            266          0          1         95       52.3      29.94      27.34
2:35am            275          0          1         94       52.3      29.94      27.34
2:40am            214          0          1         94       52.2      29.94      27.34
2:45am            281          0          1         94       52.2      29.94      27.34
2:50am            266          0          1         94       52.2      29.94      27.34
2:55am            270          0          1         95       52.3      29.94      27.34
3:00am            270          0          1         95       52.4      29.94      27.34
3:05am            270          0          1         94       52.5      29.94      27.34
3:10am            278          0          1         94       52.5      29.95      27.34
3:15am            278          0          1         95       52.6      29.95      27.34
3:20am            278          0          1         94       52.8      29.95      27.34
3:25am            278          0          1         94       52.8      29.95      27.34
3:30am            281          0          1         94       52.9      29.95      27.34
3:35am            274          0          1         94       52.9      29.95      27.34
3:40am            273          0          1         94       52.9      29.95      27.34
3:45am            275          0          1         94       52.9      29.95      27.34
3:50am            275          0          1         94       52.9      29.95      27.34
3:55am            275          0          1         94       52.9      29.95      27.34
4:00am            275          1          1         94       52.9      29.96      27.34
4:05am            275          0          0         94       52.9      29.96      27.34
4:10am            275          0          0         94       53.0      29.96      27.34
4:15am            275          0          1         94       53.0      29.96      27.34
4:20am            275          0          1         94       53.0      29.96      27.34
4:25am            273          0          1         94       53.0      29.96      27.34
4:30am            273          0          1         94       53.0      29.96      27.34
4:35am            273          0          1         94       53.1      29.96      27.34
4:40am            273          0          1         94       53.2      29.96      27.34
4:45am            273          0          1         94       53.2      29.96      27.34
4:50am            273          0          1         94       53.2      29.96      27.34
4:55am            273          0          1         94       53.2      29.96      27.34
5:00am            273          0          1         94       53.2      29.97      27.34
5:05am            273          0          1         94       53.2      29.97      27.34
5:10am            273          0          1         94       53.2      29.97      27.34
5:15am            273          0          1         94       53.2      29.97      27.34
5:20am            274          0          1         94       53.2      29.97      27.34
5:25am            274          0          1         94       53.3      29.97      27.34
5:30am            274          0          1         94       53.3      29.97      27.34
5:35am            274          0          0         94       53.2      29.97      27.34
5:40am            256          0          0         94       53.1      29.98      27.34
5:45am            257          0          1         94       53.0      29.98      27.34
5:50am            257          0          1         94       52.9      29.98      27.34
5:55am            257          0          1         94       52.7      29.98      27.34
6:00am            257          0          1         94       52.5      29.98      27.34
6:05am            257          0          0         94       52.2      29.98      27.34
6:10am            257          0          0         94       52.0      29.99      27.34
6:15am            257          0          0         94       51.8      29.99      27.34
6:20am            257          0          0         95       51.7      29.99      27.34
6:25am            257          0          0         95       51.6      29.99      27.34
6:30am            257          0          0         95       51.5      29.99      27.34
6:35am            257          0          0         95       51.4      29.99      27.34
6:40am            257          0          0         95       51.5      29.99      27.34
6:45am            257          0          0         95       51.5      29.99      27.34
6:50am            257          0          0         95       51.7      29.99      27.34
6:55am            257          0          0         96       52.0      29.99      27.34
6:59am            257          0          1         96       52.4      30.00      27.34
7:05am            265          0          1         96       52.8      29.99      27.34
7:10am            266          0          1         95       52.8      30.00      27.34
7:15am            266          0          1         95       52.9      30.00      27.34
7:20am            266          0          1         95       53.1      30.00      27.34
7:25am            268          0          1         94       53.2      30.00      27.34
7:30am            269          0          1         95       53.3      30.00      27.34
7:35am            264          0          1         94       53.4      30.00      27.34
7:40am            276          0          1         94       53.3      30.00      27.34
7:45am            232          0          1         94       53.4      30.00      27.34
7:50am            281          0          1         94       53.4      30.00      27.34
7:55am            280          1          1         94       53.7      30.01      27.34
7:59am            267          0          1         94       54.0      30.01      27.34
8:05am            268          0          1         94       54.4      30.01      27.34
8:10am            268          0          1         93       55.3      30.01      27.34
8:15am            272          1          2         92       55.6      30.01      27.34
8:20am            256          1          3         91       56.1      30.02      27.34
8:25am            272          1          3         89       56.3      30.02      27.34
8:30am            176          1          4         89       57.0      30.02      27.34
8:35am            291          2          4         86       57.5      30.02      27.34
8:40am            285          4          4         85       57.8      30.02      27.34
8:45am            264          1          6         83       57.6      30.02      27.34
8:50am            272          1          6         84       57.7      30.02      27.34
8:55am            207          1          6         84       57.9      30.02      27.34
9:00am            181          0          6         84       58.5      30.03      27.34
9:05am            250          4          5         81       58.8      30.03      27.34
9:10am            270          0          5         81       58.7      30.03      27.34
9:15am            276          0          5         78       58.9      30.03      27.34
9:20am            215          1          5         77       59.3      30.03      27.34
9:25am            221          1          5         76       59.6      30.03      27.34
9:30am            262          1          5         74       60.1      30.03      27.34
9:35am            236          0          3         76       60.7      30.03      27.34
9:40am            230          1          7         71       61.1      30.03      27.34
9:45am             72          3          7         68       61.3      30.03      27.34
9:50am             63          3          7         68       61.6      30.03      27.34
9:55am            158          4          7         68       61.7      30.03      27.34
9:59am            259          1          7         65       62.0      30.03      27.34
10:05am            53          0          6         65       62.2      30.03      27.34
10:10am           268          3          7         66       62.7      30.03      27.34
10:15am           264          2          7         63       62.8      30.03      27.34
10:20am           271          0          7         66       63.5      30.03      27.34
10:25am           192          1          7         62       63.9      30.03      27.34
10:30am           250          2          7         62       64.6      30.03      27.34
10:35am           269          3          5         58       64.5      30.03      27.34
10:40am            32          1          9         59       64.3      30.03      27.34
10:45am           105          0          9         58       64.4      30.03      27.34
10:50am           183          2          9         58       64.5      30.02      27.34
10:55am           271          2          9         59       64.9      30.02      27.34
11:00am           193          0          9         60       65.1      30.03      27.34
11:05am           123          0          7         58       65.6      30.03      27.34
11:10am           288          3          7         56       65.8      30.02      27.34
11:15am           297          6          7         57       65.7      30.02      27.34
11:20am           104          4          9         58       65.5      30.02      27.34
11:25am           229          1          9         58       65.1      30.02      27.34
11:30am           238          6          9         57       65.5      30.02      27.34
11:35am           236          1          6         57       65.7      30.02      27.34
11:40am           274          0          6         54       66.5      30.02      27.34
11:45am            72          0          9         53       66.5      30.02      27.34
11:50am           180          0          9         54       66.6      30.02      27.34
11:55am           276          4          9         55       67.0      30.02      27.34
11:59am           105          1          9         50       67.1      30.02      27.34
12:05pm           282          4         11         51       67.2      30.02      27.34
12:10pm            59          0         11         54       67.5      30.02      27.34
12:15pm           353          0         11         48       67.9      30.02      27.34
12:20pm           246          0         11         48       67.8      30.02      27.34
12:25pm           108          2         11         49       67.4      30.02      27.34
12:30pm           122          2         11         53       68.0      30.02      27.34
12:35pm           125          1          4         51       68.6      30.02      27.34
12:40pm           282          6          9         48       68.5      30.01      27.34
12:45pm           157          0          9         49       67.9      30.02      27.34
12:50pm            49          3          9         52       68.2      30.02      27.34
12:55pm           220          2          9         50       67.8      30.02      27.34
1:00pm             73          0          9         52       67.7      30.02      27.34
1:05pm             76          5          5         49       68.0      30.02      27.34
1:10pm            226          2          7         52       67.9      30.02      27.34
1:15pm            299          0          7         54       67.8      30.02      27.34
1:20pm             72          0          8         53       67.1      30.02      27.34
1:25pm            298          2          8         55       66.4      30.02      27.34
1:30pm            305          0          8         57       66.1      30.02      27.34
1:35pm             60          0          7         56       65.7      30.02      27.34
1:40pm             68          1          7         55       66.2      30.02      27.34
1:45pm            190          0          7         54       67.1      30.02      27.34
1:50pm            154          2          7         51       67.8      30.02      27.34
1:55pm            245          1          7         52       67.4      30.02      27.34
2:00pm            264          0          8         55       66.7      30.02      27.34
2:05pm            252          0          2         56       66.2      30.02      27.34
2:10pm            103          1          5         54       65.8      30.02      27.34
2:15pm            278          6          6         57       65.8      30.03      27.34
2:20pm            262          6          9         54       65.4      30.03      27.34
2:25pm            334          2          9         55       65.4      30.03      27.34
2:29pm             68          2          9         55       65.2      30.03      27.34
2:35pm             58          2          5         55       65.5      30.03      27.34
2:40pm            179          1          5         54       65.8      30.03      27.34
2:45pm             48          0          5         52       66.2      30.03      27.34
2:50pm            195          1          9         52       66.6      30.03      27.34
2:55pm            258          2          9         51       66.9      30.03      27.34
3:00pm            299          3          9         50       67.0      30.02      27.34
3:05pm            357          0          8         50       67.3      30.02      27.34
3:10pm            286          1         11         52       67.7      30.02      27.34
3:15pm              7          0         11         55       68.3      30.02      27.34
3:20pm            280          3         11         52       69.4      30.02      27.34
3:25pm             74          2         11         50       68.4      30.03      27.34
3:30pm            274          3         11         52       67.5      30.03      27.34
3:35pm            213          2         10         51       67.0      30.02      27.34
3:40pm            240          0         10         52       66.8      30.03      27.34
3:45pm            266          4         10         49       67.5      30.03      27.34
3:49pm            152          0         10         54       67.6      30.03      27.34
3:54pm            223          1         10         47       68.3      30.03      27.34
4:00pm            238          1         10         46       68.3      30.03      27.34
4:05pm            189          0          8         46       68.5      30.03      27.34
4:09pm            132          0          8         49       69.0      30.03      27.34
4:15pm            219          1          8         50       68.6      30.03      27.34
4:20pm            142          0          8         50       68.8      30.03      27.34
4:25pm             79          0          8         47       69.0      30.03      27.34
4:29pm            239          2          8         44       68.8      30.04      27.34
4:35pm            246          3         10         45       68.4      30.03      27.34
4:40pm            144          0         10         47       68.4      30.03      27.34
4:45pm            311          1         10         47       68.7      30.03      27.34
4:49pm             56          2         10         47       69.0      30.03      27.34
4:55pm            357          4         10         47       68.8      30.03      27.34
5:00pm            131          1         10         46       68.6      30.04      27.34
5:04pm             53          0          2         48       68.6      30.04      27.34
5:10pm            101          1          5         46       68.6      30.04      27.34
5:15pm            154          0          5         49       68.1      30.04      27.34
5:20pm             91          0          5         48       68.0      30.04      27.34
5:25pm            192          0          5         48       67.8      30.04      27.34
5:29pm            156          0          5         48       67.9      30.04      27.34
5:34pm            193          1          3         49       67.7      30.05      27.34
5:40pm            246          0          5         51       67.5      30.05      27.34
5:45pm            221          0          5         51       67.6      30.05      27.34
5:50pm            264          2          5         50       67.4      30.05      27.34
5:54pm             44          0          5         50       66.7      30.05      27.34
6:00pm            248          0          5         53       66.1      30.05      27.34
6:04pm            239          1          3         52       65.6      30.05      27.34
6:10pm             82          0          3         52       65.3      30.06      27.34
6:15pm            244          1          3         55       65.0      30.06      27.34
6:20pm             84          0          3         54       64.7      30.06      27.34
6:24pm            120          0          3         55       64.3      30.06      27.34
6:29pm            120          0          3         57       63.9      30.06      27.34
6:34pm             68          0          1         57       63.4      30.06      27.34
6:39pm             68          0          1         60       62.8      30.06      27.34
6:45pm            115          0          1         61       62.3      30.06      27.34
6:49pm             79          0          1         62       61.9      30.07      27.34
6:55pm             79          0          1         63       61.5      30.07      27.34
7:00pm             79          0          1         64       61.1      30.07      27.34
7:05pm             27          0          0         65       60.7      30.07      27.34
7:10pm             28          0          1         66       60.4      30.07      27.34
7:14pm             29          0          1         66       60.1      30.08      27.34
7:19pm             28          0          1         67       59.8      30.08      27.34
7:24pm             28          0          1         69       59.5      30.08      27.34
7:29pm            351          0          1         70       59.2      30.08      27.34
7:35pm            350          0          0         72       58.9      30.09      27.34
7:40pm            350          0          0         72       58.4      30.08      27.34
7:44pm            351          0          0         73       57.9      30.08      27.34
7:49pm            350          0          0         75       57.6      30.08      27.34
7:54pm            350          0          0         77       57.1      30.09      27.34
8:00pm            350          0          0         78       56.7      30.09      27.34
8:05pm            282          0          0         80       56.3      30.09      27.34
8:09pm            285          0          0         79       55.9      30.09      27.34
8:15pm            286          0          1         79       55.8      30.09      27.34
8:19pm            286          0          1         80       55.6      30.10      27.34
8:25pm            289          0          1         80       55.2      30.10      27.34
8:30pm            289          0          1         80       54.8      30.10      27.34
8:34pm            285          0          1         82       54.3      30.10      27.34
8:39pm            285          0          1         84       54.1      30.10      27.34
8:44pm            281          0          1         86       53.9      30.11      27.34
8:49pm            278          0          1         86       53.6      30.11      27.34
8:54pm            278          0          1         86       53.3      30.11      27.34
9:00pm            278          1          1         87       53.0      30.11      27.34
9:04pm            277          0          1         88       52.8      30.11      27.34
9:09pm            274          0          1         88       52.5      30.11      27.34
9:14pm            264          0          1         89       52.2      30.12      27.34
9:19pm            264          0          1         89       52.0      30.11      27.34
9:24pm            264          0          1         90       51.8      30.12      27.34
9:29pm            264          0          1         90       51.6      30.12      27.34
9:34pm            264          0          0         90       51.4      30.12      27.34
9:39pm            264          0          1         91       51.3      30.12      27.34
9:44pm            264          0          1         91       51.3      30.12      27.34
9:49pm            264          0          1         91       51.3      30.12      27.34
9:54pm            264          0          1         91       51.3      30.12      27.34
10:00pm           264          0          1         91       51.2      30.12      27.34
10:04pm           264          0          0         92       51.1      30.12      27.34
10:10pm           264          0          0         92       51.0      30.12      27.34
10:14pm           265          0          0         92       50.9      30.12      27.34
10:19pm           269          0          1         92       50.8      30.12      27.34
10:24pm           269          0          1         92       50.8      30.13      27.34
10:29pm           269          0          1         92       50.8      30.13      27.34
10:35pm           269          0          0         93       50.8      30.13      27.34
10:39pm           269          0          1         93       50.7      30.13      27.34
10:44pm           269          0          1         92       50.5      30.13      27.34
10:50pm           269          0          1         93       50.4      30.13      27.34
10:54pm           269          0          1         93       50.4      30.13      27.34
11:00pm           269          0          1         93       50.4      30.14      27.34
11:04pm           269          0          0         93       50.3      30.14      27.34
11:09pm           269          0          0         93       50.3      30.14      27.34
11:14pm           276          0          1         93       50.3      30.14      27.34
11:19pm           280          0          1         93       50.2      30.14      27.34
11:24pm           271          0          1         93       50.1      30.14      27.34
11:30pm           270          0          1         93       49.8      30.14      27.34
11:34pm           268          0          1         93       49.6      30.14      27.34
11:39pm           268          0          1         93       49.4      30.14      27.34
11:45pm           268          0          1         94       49.3      30.14      27.34
11:49pm           268          0          1         94       49.3      30.14      27.34
11:55pm           268          0          1         94       49.2      30.14      27.34
