9/5/17
Time         Wind Dir   Wind Spd  Wind Gust   Humidity       Temp  Raw Barom   Tot Rain
                    °        mph        mph          %         °F         in         in
12:00am           314          1          6         81       64.1      29.69      28.30
12:05am           331          0          4         81       64.0      29.69      28.30
12:10am           285          2          4         81       64.0      29.69      28.30
12:14am           293          3          4         81       63.9      29.70      28.30
12:20am           262          0          4         81       63.9      29.70      28.30
12:25am           241          0          4         82       63.7      29.70      28.30
12:29am           276          3          4         83       63.3      29.69      28.30
12:35am           271          4          4         83       63.1      29.69      28.30
12:39am           280          2          5         83       63.0      29.69      28.30
12:44am           293          2          5         83       63.2      29.69      28.30
12:49am           263          4          6         83       63.2      29.69      28.30
12:55am           268          1          6         84       63.0      29.69      28.30
12:59am           243          1          7         84       62.8      29.69      28.30
1:05am            261          1          4         84       62.9      29.69      28.30
1:09am            269          3          6         84       63.0      29.69      28.30
1:14am            267          4          6         83       63.1      29.69      28.30
1:19am            226          3          6         85       63.0      29.70      28.30
1:24am            275          3          6         86       62.5      29.69      28.30
1:29am            266          0          6         88       62.3      29.69      28.31
1:35am            274          5          6         89       62.0      29.69      28.31
1:39am            219          0          8         89       61.9      29.69      28.31
1:45am            354          3          8         89       61.9      29.69      28.31
1:49am            282          2          8         90       61.9      29.68      28.31
1:54am            281          1          8         90       61.8      29.68      28.31
2:00am            280          2          8         90       61.6      29.68      28.31
2:05am            269          3          6         90       61.8      29.68      28.31
2:09am            248          3          9         88       62.2      29.67      28.31
2:14am            275          3          9         88       62.3      29.67      28.31
2:20am            308          3          9         88       62.2      29.66      28.31
2:24am            281          4          9         89       62.1      29.66      28.31
2:29am            274          1          9         89       61.8      29.66      28.31
2:35am            205          2          8         90       61.7      29.66      28.31
2:39am            229          2          9         89       61.9      29.66      28.31
2:45am            278          4         11         89       62.0      29.66      28.31
2:50am            219          3         11         89       62.0      29.66      28.31
2:54am            272          5         11         89       62.1      29.66      28.31
3:00am            219          5         11         88       62.2      29.66      28.31
3:04am            273          5          7         88       62.2      29.66      28.31
3:09am            258          0          8         88       62.2      29.66      28.31
3:14am            241          2          8         89       62.1      29.66      28.31
3:20am            274          5          8         89       62.0      29.66      28.31
3:24am            274          3          8         89       62.1      29.65      28.31
3:30am            275          2          8         89       62.1      29.66      28.32
3:34am            262          3          7         89       62.0      29.66      28.32
3:39am            281          7          8         89       62.0      29.67      28.32
3:45am            248          3          8         89       61.8      29.67      28.32
3:49am            274          2          8         89       61.8      29.67      28.32
3:55am            285          3         10         89       61.9      29.67      28.32
4:00am            271          3         13         88       62.3      29.66      28.32
4:05am            269          2          7         87       62.4      29.66      28.32
4:09am            275          5         10         87       62.6      29.65      28.32
4:14am            274          2         13         87       62.6      29.66      28.32
4:19am            267          2         13         87       62.5      29.66      28.32
4:24am            259          1         13         87       62.4      29.67      28.32
4:30am            285          3         13         88       62.2      29.67      28.32
4:35am            286          2          9         88       62.1      29.67      28.32
4:40am            222          0          9         88       62.1      29.66      28.32
4:44am            266          5         11         88       62.1      29.66      28.32
4:49am            257          5         11         88       62.1      29.65      28.32
4:54am            288          4         11         88       62.1      29.66      28.32
5:00am            264          4         11         88       62.2      29.65      28.32
5:04am            266          3          8         88       62.2      29.65      28.32
5:09am            294          5         12         88       62.4      29.64      28.32
5:15am            297          3         12         87       62.6      29.64      28.32
5:20am            243          4         12         87       62.7      29.64      28.32
5:24am            290          4         12         87       62.6      29.64      28.32
5:29am            343          6         12         88       62.6      29.65      28.32
5:34am            293          6          9         88       62.6      29.65      28.32
5:40am            270          3         11         88       62.6      29.65      28.32
5:44am            267          4         13         88       62.5      29.65      28.32
5:49am            280          1         13         88       62.5      29.65      28.32
5:55am            273          3         13         89       62.4      29.65      28.32
6:00am            229          4         13         89       62.3      29.65      28.32
6:04am            278          3          9         89       62.0      29.65      28.32
6:09am            235          2         10         90       62.0      29.65      28.32
6:15am            302          8         10         90       62.0      29.66      28.32
6:20am            262          3         10         90       62.0      29.66      28.32
6:25am            270          4         10         90       61.9      29.66      28.32
6:29am            288          4         10         90       61.9      29.66      28.32
6:34am            269          7          9         90       61.8      29.66      28.32
6:39am            278          3          9         91       61.8      29.65      28.32
6:45am            238          0          9         91       61.7      29.65      28.32
6:50am            321          4          9         91       61.7      29.65      28.32
6:54am            276          3          9         91       61.8      29.65      28.32
7:00am            314          4          9         91       61.9      29.66      28.32
7:05am            262          4         11         91       62.2      29.66      28.32
7:10am            282          4         11         90       62.3      29.66      28.32
7:14am            280          5         12         90       62.4      29.67      28.32
7:19am            273          7         12         90       62.4      29.67      28.32
7:24am            259          1         12         91       62.3      29.67      28.32
7:30am            267          1         12         91       62.4      29.68      28.32
7:35am            245          0          9         91       62.4      29.68      28.32
7:40am            279          2          9         91       62.4      29.67      28.32
7:45am            232          1          9         91       62.4      29.67      28.32
7:50am            285          7          9         91       62.4      29.67      28.32
7:55am            275          6         11         91       62.5      29.67      28.32
8:00am            247          3         11         91       62.6      29.68      28.32
8:05am            263          3          7         91       62.7      29.68      28.32
8:09am            266          2          9         91       62.8      29.67      28.32
8:14am             34          1         10         91       62.9      29.67      28.32
8:19am            276          7         11         91       63.1      29.67      28.32
8:25am            207          0         11         91       63.2      29.67      28.32
8:30am            242          2         11         90       63.3      29.67      28.32
8:35am            247          1          7         90       63.3      29.67      28.32
8:40am            269          1          8         90       63.4      29.66      28.32
8:45am            281          2          8         90       63.7      29.66      28.32
8:49am            291          2          8         90       63.9      29.65      28.32
8:55am            245          5          9         89       64.2      29.66      28.32
9:00am            258          1          9         89       64.4      29.66      28.32
9:05am            289          2          6         89       64.5      29.66      28.32
9:10am            290          0          6         89       64.6      29.66      28.32
9:15am            277          5          6         89       64.6      29.67      28.32
9:20am            277          3          7         89       64.6      29.67      28.32
9:25am            320          4          7         89       64.6      29.68      28.32
9:30am            268          3         14         89       64.6      29.69      28.32
9:35am            254          7          7         89       64.7      29.69      28.32
9:40am            280          7          9         88       64.8      29.68      28.32
9:45am            275          9          9         88       65.0      29.69      28.32
9:50am            289          3         10         89       65.2      29.69      28.32
9:55am            285          3         10         88       65.4      29.69      28.32
10:00am           208          0         10         88       65.5      29.69      28.32
10:05am           276          2          3         88       65.7      29.69      28.32
10:10am           225          0          3         88       65.8      29.69      28.32
10:15am           264          0          3         88       65.9      29.69      28.32
10:20am           285          3          5         88       66.2      29.69      28.32
10:25am           283          0          6         87       66.5      29.69      28.32
10:30am           301          3          8         87       66.9      29.69      28.32
10:35am           293          3          6         86       67.3      29.69      28.32
10:40am           276          0          6         85       67.8      29.69      28.32
10:45am           260          3          6         85       68.1      29.69      28.32
10:50am           255          0          6         85       68.3      29.69      28.32
10:55am           288          3          6         85       68.7      29.69      28.32
11:00am           184          1          6         84       69.4      29.69      28.32
11:05am           288          3          9         82       70.0      29.68      28.32
11:10am           284          2         10         80       70.4      29.68      28.32
11:15am           252          0         10         81       71.1      29.68      28.32
11:20am           293          3         10         79       71.7      29.68      28.32
11:25am           274          3         10         78       71.9      29.68      28.32
11:30am           244          0         10         79       72.3      29.67      28.32
11:35am           196          1          7         78       72.8      29.67      28.32
11:40am           216          3         10         75       73.3      29.67      28.32
11:45am           225          0         10         76       73.7      29.67      28.32
11:50am           290          5         10         74       74.2      29.67      28.32
11:55am           286          1         10         75       74.4      29.67      28.32
12:00pm           295          3         10         73       74.3      29.67      28.32
12:05pm           209          6          7         74       74.3      29.67      28.32
12:10pm            45          2          7         74       74.7      29.67      28.32
12:15pm           291          3          7         72       74.9      29.67      28.32
12:20pm           309          2          8         72       74.8      29.67      28.32
12:25pm           212          0          8         73       74.8      29.67      28.32
12:30pm           269          1          8         72       75.1      29.67      28.32
12:35pm           298          3          8         72       75.3      29.67      28.32
12:40pm           238          2          8         73       75.8      29.67      28.32
12:45pm           269          4         10         71       75.7      29.67      28.32
12:50pm           265          2         11         73       75.4      29.67      28.32
12:55pm           272          2         11         73       75.3      29.67      28.32
1:00pm            205          0         11         74       75.3      29.67      28.32
1:05pm            274          2          3         75       75.6      29.67      28.32
1:10pm            250          2          7         74       75.8      29.67      28.32
1:15pm            221          2          7         73       76.1      29.66      28.32
1:20pm            248          1          7         73       76.3      29.66      28.32
1:25pm            302          2          9         73       76.8      29.66      28.32
1:30pm            262          2          9         71       77.2      29.66      28.32
1:35pm            188          3          7         71       77.3      29.66      28.32
1:40pm            288          6          7         70       77.5      29.66      28.32
1:45pm            295          3          7         71       77.2      29.66      28.32
1:50pm            268          4          8         70       77.3      29.66      28.32
1:55pm            309          3          9         71       77.2      29.65      28.32
2:00pm            280          4          9         73       77.3      29.66      28.32
2:05pm            303          4         11         70       77.5      29.65      28.32
2:10pm            283          4         11         70       77.8      29.65      28.32
2:15pm            280          7         11         70       77.8      29.65      28.32
2:20pm            255          0         11         70       77.6      29.65      28.32
2:25pm            281          1         11         71       77.2      29.64      28.32
2:30pm            287          4         11         72       77.3      29.64      28.32
2:35pm            239          1          4         73       77.2      29.64      28.32
2:40pm            212          1          4         72       77.1      29.64      28.32
2:45pm            299          3          5         73       77.3      29.64      28.32
2:50pm            280          2          8         72       77.4      29.64      28.32
2:55pm            195          2         10         72       77.0      29.64      28.32
3:00pm            203          1         10         73       76.8      29.64      28.32
3:05pm            285          5          6         73       76.6      29.64      28.32
3:10pm            293          3          9         73       76.2      29.65      28.32
3:15pm            260          0          9         74       76.0      29.64      28.32
3:20pm            271          1          9         75       75.9      29.64      28.32
3:25pm            271          0          9         75       75.7      29.64      28.32
3:30pm            300          5          9         76       75.6      29.64      28.32
3:35pm            233          1          7         76       75.4      29.64      28.32
3:40pm            153         19         19         77       74.8      29.67      28.46
3:45pm            290          0         19         78       70.7      29.64      28.54
3:50pm            342          0         19         85       69.4      29.64      28.58
3:55pm            308          2         19         88       69.0      29.64      28.59
4:00pm            288          0         19         89       69.2      29.63      28.59
4:05pm            272          0          3         90       69.4      29.63      28.59
4:10pm              1          0          3         90       69.6      29.62      28.59
4:15pm            284          2          3         91       69.7      29.63      28.59
4:20pm            185          0          4         91       69.6      29.62      28.59
4:25pm            262          0          4         92       69.8      29.62      28.59
4:30pm            264          0          4         91       70.1      29.61      28.59
4:35pm            265          0          0         91       70.3      29.61      28.59
4:40pm            264          0          1         91       70.3      29.61      28.59
4:45pm            119          0          1         91       70.2      29.60      28.59
4:50pm            119          0          1         91       69.8      29.61      28.59
4:55pm            133          0          1         92       69.5      29.62      28.60
5:00pm            134          0          1         93       69.3      29.63      28.63
5:05pm            250          0          3         93       69.4      29.64      28.65
5:10pm            195          0          3         94       69.4      29.64      28.65
5:15pm            199          0          3         94       69.3      29.64      28.66
5:20pm            225          0          3         94       69.3      29.65      28.67
5:25pm            268          0          3         94       69.3      29.64      28.71
5:30pm            268          0          3         94       69.3      29.63      28.72
5:35pm            204          0          1         95       69.4      29.63      28.72
5:40pm            236          0          1         95       69.5      29.63      28.72
5:44pm            134          0          1         95       69.5      29.63      28.72
5:50pm            329          0          1         95       69.6      29.63      28.72
5:55pm            329          0          1         95       69.7      29.63      28.72
6:00pm            331          0          1         95       69.9      29.63      28.72
6:05pm            263          0          2         95       70.0      29.63      28.72
6:10pm            268          0          2         95       70.1      29.63      28.72
6:15pm            268          0          2         95       70.1      29.64      28.72
6:20pm            279          0          2         95       70.0      29.64      28.72
6:25pm            277          0          2         94       70.0      29.64      28.72
6:30pm            277          0          2         94       70.0      29.64      28.72
6:35pm            277          0          1         94       69.9      29.64      28.72
6:40pm            277          0          1         94       69.8      29.63      28.72
6:45pm            277          0          1         94       69.6      29.63      28.72
6:50pm            277          0          1         94       69.3      29.63      28.72
6:55pm            277          0          1         94       69.1      29.64      28.72
7:00pm            233          0          1         94       68.9      29.64      28.72
7:05pm            297          2          2         94       68.8      29.64      28.72
7:10pm            332          0          2         94       68.8      29.64      28.72
7:15pm            275          1          3         94       68.8      29.64      28.72
7:20pm            279          1          3         94       68.8      29.64      28.72
7:25pm            279          0          3         94       68.7      29.64      28.72
7:30pm            279          0          3         94       68.5      29.65      28.72
7:35pm            279          0          0         94       68.4      29.64      28.72
7:40pm            279          0          0         94       68.2      29.64      28.72
7:45pm            279          0          0         94       68.1      29.64      28.72
7:50pm            279          0          1         95       68.0      29.64      28.72
7:55pm            285          1          2         95       68.1      29.65      28.72
8:00pm            239          0          2         95       68.2      29.65      28.74
8:05pm            264          0          3         95       68.0      29.67      28.77
8:10pm            273          1         11         94       67.7      29.67      29.18
8:15pm            192          0         11         95       67.7      29.67      29.29
8:20pm            283          1         11         95       67.7      29.67      29.30
8:25pm            271          2         11         94       67.4      29.69      29.31
8:30pm            252          1         11         94       67.0      29.69      29.32
8:35pm            260          3          6         94       66.7      29.68      29.33
8:40pm            314          4          6         94       66.6      29.69      29.33
8:45pm            265          4          6         93       66.2      29.69      29.33
8:50pm            198          2          9         93       65.9      29.70      29.34
8:55pm            269          2          9         93       65.6      29.71      29.34
9:00pm            290          2         10         93       65.3      29.71      29.35
9:05pm            328          0          5         93       65.1      29.71      29.35
9:10pm            269          4          7         93       64.9      29.71      29.35
9:15pm            297          3          7         93       64.7      29.71      29.35
9:20pm            271          1          7         93       64.5      29.71      29.35
9:25pm            246          1          7         94       64.3      29.71      29.35
9:30pm            259          0          7         94       64.2      29.72      29.35
9:35pm            203          0          2         94       64.1      29.71      29.35
9:40pm            280          3          3         95       64.0      29.71      29.35
9:45pm            291          3          3         95       64.0      29.71      29.35
9:50pm            290          2          3         95       63.9      29.71      29.35
9:55pm            248          2          4         95       63.9      29.72      29.35
10:00pm           285          2          4         95       64.0      29.72      29.35
10:05pm           268          0          4         95       63.9      29.71      29.35
10:10pm           272          2          4         95       63.8      29.72      29.35
10:15pm           287          2          4         95       63.8      29.72      29.35
10:20pm           284          0          4         95       63.7      29.72      29.35
10:25pm           277          1          4         96       63.8      29.72      29.35
10:30pm           283          0          4         96       63.7      29.72      29.35
10:35pm           283          0          1         96       63.6      29.72      29.35
10:40pm           283          0          1         96       63.6      29.71      29.35
10:45pm           283          0          1         96       63.5      29.70      29.36
10:50pm           271          0          1         96       63.4      29.71      29.36
10:55pm           276          0          1         96       63.4      29.71      29.36
11:00pm           271          0          1         96       63.3      29.72      29.36
11:05pm           278          0          1         96       63.3      29.72      29.36
11:10pm           278          0          1         96       63.3      29.72      29.36
11:15pm           278          0          1         96       63.2      29.72      29.36
11:20pm           278          0          1         96       63.3      29.72      29.36
11:25pm           217          0          1         96       63.2      29.72      29.36
11:30pm           217          0          1         96       63.1      29.72      29.36
11:35pm           278          0          0         96       63.1      29.72      29.36
11:40pm           278          0          1         96       63.0      29.72      29.36
11:45pm           278          0          1         96       63.0      29.72      29.36
11:50pm           278          0          1         97       63.1      29.72      29.36
11:55pm           278          0          1         97       63.1      29.73      29.36
