9/16/17
Time         Wind Dir   Wind Spd  Wind Gust   Humidity       Temp  Raw Barom   Tot Rain
                    °        mph        mph          %         °F         in         in
12:00am           292          0          2         95       62.8      30.06      30.23
12:30am           292          0          2         97       62.7      30.06      30.23
1:00am            292          0          1         97       62.4      30.06      30.23
1:30am            292          0          2         96       62.3      30.06      30.23
2:00am            292          0          1         96       62.7      30.06      30.23
2:30am            270          0          1         97       63.0      30.05      30.23
3:00am            270          0          3         97       62.4      30.06      30.23
3:30am            270          0          2         97       62.6      30.06      30.23
4:00am            270          0          0         97       62.8      30.06      30.23
4:30am            270          0          0         97       62.8      30.06      30.23
5:00am              0          0          1         97       62.7      30.07      30.23
5:30am            248          0          1         97       62.4      30.07      30.23
6:00am            270          0          2         97       62.1      30.08      30.23
6:30am            270          0          1         97       61.9      30.09      30.23
7:00am            292          0          3         97       61.8      30.09      30.23
7:30am            270          0          2         97       62.0      30.09      30.23
8:00am            270          0          3         97       61.8      30.10      30.24
8:30am            292          1          4         98       62.1      30.10      30.24
9:00am            270          1          6         97       62.7      30.11      30.24
9:30am            270          1          5         98       63.3      30.12      30.24
10:00am           270          1          5         97       63.8      30.12      30.24
10:30am           270          1          4         97       64.3      30.13      30.24
11:00am           292          1          3         97       65.7      30.12      30.24
11:30am           270          1          5         97       67.9      30.12      30.24
12:00pm           270          1          4         90       71.2      30.11      30.24
12:30pm           270          1          4         77       75.1      30.10      30.24
1:00pm            292          1          4         72       77.1      30.10      30.24
1:30pm            270          2          7         70       77.7      30.09      30.24
2:00pm            270          1          8         70       77.9      30.08      30.24
2:30pm            292          1          4         63       80.2      30.07      30.24
3:00pm             90          1          3         64       80.2      30.06      30.24
3:30pm            270          1          4         64       79.5      30.06      30.24
4:00pm            270          1          4         60       80.7      30.06      30.24
4:30pm            270          1          4         60       79.5      30.06      30.24
5:00pm             90          0          3         57       78.6      30.07      30.24
5:30pm             68          0          3         60       77.6      30.07      30.24
6:00pm             90          0          1         65       75.6      30.07      30.24
6:30pm             90          0          1         75       72.5      30.07      30.24
7:00pm             90          0          0         84       68.6      30.07      30.24
7:30pm             90          0          0         88       65.9      30.07      30.24
8:00pm             90          0          0         90       64.3      30.08      30.24
8:30pm             90          0          0         92       63.7      30.08      30.24
9:00pm             90          0          0         94       63.1      30.08      30.24
9:30pm            270          0          1         94       62.7      30.08      30.24
10:00pm           270          0          1         95       61.7      30.08      30.24
10:30pm           270          0          0         95       61.2      30.09      30.24
11:00pm           270          0          1         95       60.9      30.09      30.24
11:30pm           270          0          1         95       60.0      30.09      30.24
