10/6/17
Time         Wind Dir   Wind Spd  Wind Gust   Humidity       Temp  Raw Barom   Tot Rain
                    °        mph        mph          %         °F         in         in
12:00am           225          0          4         67       56.3      29.95      30.52
12:30am           225          0          0         71       54.8      29.96      30.52
1:00am            248          0          1         74       54.3      29.97      30.52
1:30am              0          0          1         78       52.7      29.97      30.52
2:00am              0          0          0         79       52.0      29.97      30.52
2:30am            270          0          1         83       51.2      29.97      30.52
3:00am            292          0          2         88       49.2      29.96      30.52
3:30am            270          0          2         88       49.0      29.96      30.52
4:00am            270          0          1         90       48.4      29.96      30.52
4:30am            270          0          2         91       48.0      29.97      30.52
5:00am            270          0          1         92       47.3      29.97      30.52
5:30am            270          0          2         92       47.3      29.97      30.52
6:00am            270          0          2         92       47.3      29.98      30.52
6:30am            270          0          1         93       47.2      29.98      30.52
7:00am            270          0          2         92       47.4      30.00      30.52
7:30am            270          0          2         92       48.2      30.00      30.52
8:00am            270          0          2         91       50.0      30.00      30.52
8:30am            270          1          3         87       51.6      30.01      30.52
9:00am            270          1          2         87       52.8      30.02      30.52
9:30am            270          0          2         85       53.9      30.01      30.52
10:00am           270          0          1         90       53.8      30.02      30.53
10:30am           270          0          4         92       53.9      30.02      30.54
11:00am           270          0          2         90       55.0      30.02      30.54
11:30am           270          0          3         88       56.4      30.03      30.54
12:00pm           270          1          4         87       56.8      30.04      30.54
12:30pm           270          1          5         80       58.8      30.03      30.54
1:00pm            270          1          6         76       60.3      30.02      30.54
1:30pm            270          2         10         69       62.9      30.01      30.54
2:00pm            270          3         12         70       62.0      30.00      30.54
2:30pm            270          3          9         67       63.9      30.00      30.54
3:00pm            270          3         11         65       64.3      29.99      30.54
3:30pm            270          1          6         66       63.6      30.00      30.54
4:00pm            270          2         10         68       62.9      29.99      30.54
4:30pm            270          2          8         70       62.3      29.99      30.54
5:00pm            270          1          4         72       62.3      29.99      30.54
5:30pm            270          0          3         70       61.1      29.99      30.54
6:00pm             45          0          1         76       59.6      30.00      30.54
6:30pm             45          0          0         80       59.0      30.01      30.54
7:00pm             45          0          0         83       57.3      30.03      30.54
7:30pm             45          0          0         85       56.1      30.04      30.54
8:00pm            292          0          1         86       56.3      30.04      30.54
8:30pm            270          0          1         88       54.8      30.04      30.54
9:00pm            270          0          0         91       54.2      30.05      30.54
9:30pm            270          0          0         91       54.4      30.05      30.54
10:00pm           270          0          1         92       54.2      30.06      30.54
10:30pm           270          0          0         92       53.8      30.06      30.54
11:00pm           270          0          0         93       53.1      30.07      30.54
11:30pm           270          0          1         94       52.8      30.08      30.54
