10/25/17
Time         Wind Dir   Wind Spd  Wind Gust   Humidity       Temp  Raw Barom   Tot Rain
                    °        mph        mph          %         °F         in         in
12:00am           178          0         11         95       62.5      29.68      32.97
12:04am           161          0          0         95       62.5      29.67      32.97
12:09am           317          0          1         95       62.4      29.67      32.97
12:15am           319          0          1         95       62.5      29.67      32.98
12:20am            82          0          1         95       62.4      29.67      32.98
12:25am           103          1          2         95       62.4      29.68      32.99
12:30am            98          0          3         95       62.6      29.68      33.01
12:34am           236          1          3         95       62.7      29.68      33.02
12:40am           203          0          4         94       62.8      29.68      33.03
12:44am            82          0          4         94       62.7      29.67      33.05
12:50am            77          0          4         94       62.6      29.67      33.07
12:54am            77          0          4         95       62.4      29.66      33.09
1:00am             77          0          4         95       62.3      29.66      33.10
1:04am             79          0          2         95       62.2      29.66      33.12
1:09am            164          0          2         95       62.0      29.66      33.13
1:15am             99          0          2         96       62.0      29.66      33.15
1:20am            252          2          4         96       62.1      29.66      33.18
1:25am            265          0          6         96       62.2      29.65      33.20
1:30am            282          0          6         95       62.3      29.66      33.21
1:35am            297          0          5         95       62.4      29.66      33.24
1:40am            238          0          5         95       62.3      29.66      33.27
1:45am            103          2          7         95       62.2      29.66      33.28
1:49am            119          0          7         95       62.2      29.66      33.29
1:55am            165          0          7         95       62.1      29.65      33.29
2:00am            287          1          7         94       62.0      29.66      33.29
2:04am            309          1          4         94       62.0      29.66      33.30
2:10am            159          1          4         94       61.9      29.66      33.32
2:15am            258          0          4         94       61.8      29.66      33.33
2:19am            285          0          4         94       61.7      29.66      33.37
2:24am            237          0          4         94       61.6      29.66      33.40
2:30am            283          2          4         94       61.4      29.66      33.42
2:35am            263          0          2         94       61.3      29.66      33.45
2:40am            278          0          4         93       61.1      29.65      33.47
2:45am            288          0          4         94       61.1      29.65      33.49
2:49am            215          0          4         94       60.9      29.65      33.50
2:54am            295          0          4         94       60.8      29.65      33.51
3:00am            295          0          4         94       60.7      29.66      33.51
3:05am            295          0          0         94       60.5      29.66      33.52
3:10am            295          0          0         94       60.4      29.66      33.54
3:15am            296          0          0         95       60.3      29.66      33.56
3:19am            296          0          0         95       60.2      29.67      33.57
3:24am            296          0          0         95       60.1      29.66      33.59
3:30am             86          0          1         95       60.1      29.65      33.60
3:35am             85          0          1         96       60.0      29.65      33.61
3:40am            275          0          1         96       60.0      29.65      33.61
3:45am            105          0          1         96       60.0      29.64      33.61
3:50am            345          0          3         96       60.1      29.64      33.61
3:54am            117          0          4         95       60.3      29.65      33.62
4:00am            107          1          4         95       60.3      29.65      33.62
4:05am             83          0          2         95       60.2      29.65      33.62
4:09am            125          0          2         95       60.1      29.65      33.62
4:15am            107          0          2         95       60.1      29.64      33.63
4:20am             93          0          3         95       60.1      29.64      33.63
4:25am             82          0          3         95       60.1      29.66      33.64
4:30am             53          1          3         95       60.0      29.65      33.64
4:34am             85          2          2         95       60.0      29.65      33.65
4:40am             84          2          4         96       59.9      29.65      33.65
4:45am             89          3          4         96       60.0      29.65      33.65
4:50am             83          2          4         96       60.0      29.65      33.65
4:55am             74          2          4         96       60.0      29.65      33.65
5:00am            117          1          4         96       60.0      29.66      33.65
5:05am            103          0          3         96       60.0      29.66      33.65
5:10am            101          0          4         96       60.0      29.65      33.65
5:15am            111          2          5         96       60.0      29.65      33.65
5:20am            153          0          5         96       60.0      29.65      33.65
5:24am             68          0          5         96       60.0      29.65      33.65
5:30am             78          0          5         96       60.0      29.64      33.65
5:35am             79          0          1         96       59.9      29.65      33.65
5:40am             78          0          1         96       59.9      29.65      33.65
5:45am            210          0          1         96       59.8      29.65      33.65
5:50am            180          0          3         96       59.8      29.65      33.65
5:55am            158          0          3         96       59.8      29.65      33.65
6:00am            137          0          4         96       59.8      29.65      33.65
6:05am            153          0          1         96       59.8      29.65      33.65
6:10am            122          1          1         96       59.8      29.65      33.65
6:15am            132          1          2         96       59.7      29.65      33.65
6:20am            231          0          2         96       59.7      29.65      33.65
6:25am            207          0          2         96       59.7      29.65      33.66
6:30am            207          0          2         96       59.7      29.65      33.66
6:35am            101          0          1         96       59.6      29.65      33.66
6:40am            189          0          2         96       59.6      29.65      33.66
6:45am            150          0          2         96       59.6      29.65      33.66
6:50am            144          0          2         96       59.6      29.65      33.66
6:55am            181          0          2         96       59.6      29.66      33.66
7:00am            115          1          2         96       59.6      29.66      33.66
7:05am            197          1          4         96       59.6      29.66      33.66
7:10am            108          1          5         96       59.6      29.66      33.66
7:15am             81          2          5         96       59.6      29.66      33.66
7:20am            123          2          5         96       59.5      29.65      33.66
7:25am            202          1          5         96       59.5      29.65      33.66
7:30am             91          3          5         96       59.5      29.65      33.66
7:35am            101          2          5         96       59.5      29.64      33.66
7:40am            103          2          5         96       59.5      29.64      33.66
7:45am            101          2          6         96       59.4      29.64      33.66
7:50am            103          5          6         96       59.3      29.64      33.66
7:55am             91          5          7         96       59.3      29.63      33.66
8:00am             94          3          7         96       59.3      29.63      33.66
8:05am            131          0          7         96       59.3      29.63      33.66
8:10am            123          2          7         96       59.2      29.63      33.66
8:15am             98          4          7         96       59.2      29.64      33.66
8:20am            113          3          7         96       59.2      29.64      33.66
8:25am             93          4          7         96       59.2      29.64      33.66
8:30am            128          1          7         96       59.3      29.64      33.66
8:35am            109          1          5         96       59.3      29.64      33.66
8:40am             91          0          5         96       59.5      29.64      33.66
8:45am            103          0          5         96       59.6      29.64      33.66
8:50am            133          1          5         96       59.6      29.64      33.66
8:55am            134          0          5         96       59.7      29.65      33.66
9:00am            136          2          6         96       59.7      29.65      33.66
9:05am            105          0          6         96       59.9      29.64      33.66
9:10am            116          3          7         96       59.9      29.64      33.66
9:15am             95          2          7         96       59.9      29.64      33.66
9:20am             97          3          7         96       59.9      29.64      33.66
9:25am            133          0          7         96       59.9      29.64      33.66
9:30am            119          2          7         96       59.9      29.64      33.66
9:35am            137          2          6         96       59.9      29.63      33.66
9:40am            153          0          6         96       59.9      29.63      33.66
9:45am             94          3          6         96       60.0      29.64      33.66
9:50am            141          3          7         96       60.0      29.64      33.66
9:55am             96          3          7         96       60.1      29.64      33.66
10:00am            72          3          8         96       60.2      29.64      33.66
10:05am            91          3          5         96       60.2      29.63      33.66
10:10am           136          2          6         96       60.3      29.63      33.66
10:15am            77          3          6         96       60.3      29.63      33.66
10:20am           119          1          6         96       60.4      29.63      33.66
10:25am           151          2          6         95       60.5      29.62      33.66
10:30am           216          1          6         95       60.5      29.62      33.66
10:35am            78          2          7         95       60.7      29.62      33.66
10:40am            87          0          7         95       60.7      29.62      33.66
10:45am           143          0          7         95       60.8      29.62      33.66
10:50am           212          5          7         95       61.1      29.62      33.66
10:55am            70          1          7         94       61.2      29.62      33.66
11:00am           112          3          7         95       61.4      29.62      33.66
11:05am           110          4          7         94       61.5      29.62      33.66
11:09am            82          4          7         94       61.5      29.62      33.66
11:15am           125          2          7         94       61.5      29.63      33.66
11:20am            60          2          7         94       61.6      29.63      33.66
11:25am            79          4          7         94       61.6      29.62      33.66
11:30am           109          0          7         94       61.8      29.62      33.66
11:35am           130          2          2         93       62.0      29.62      33.66
11:40am           124          2          3         93       62.2      29.61      33.66
11:45am           211          0          4         93       62.2      29.61      33.66
11:50am           104          2          4         93       62.4      29.61      33.66
11:55am            98          2          4         93       62.4      29.61      33.66
12:00pm            38          0          4         93       62.5      29.61      33.66
12:05pm           160          3          5         93       62.6      29.61      33.66
12:10pm           223          0          5         92       62.6      29.61      33.66
12:15pm           246          1          5         92       62.8      29.61      33.66
12:20pm           117          3          5         92       62.8      29.61      33.66
12:25pm           101          2          5         92       62.8      29.61      33.66
12:30pm           169          0          7         92       62.8      29.60      33.66
12:35pm           134          0          4         92       62.8      29.61      33.66
12:40pm           120          6          6         92       62.8      29.61      33.66
12:45pm           160          2          6         92       62.7      29.61      33.66
12:50pm           230          0          6         92       62.7      29.61      33.66
12:55pm           104          0          6         92       62.9      29.61      33.66
1:00pm            135          0          6         92       63.0      29.61      33.66
1:05pm            234          0          4         92       63.1      29.60      33.66
1:10pm            105          0          4         92       63.2      29.60      33.66
1:15pm            215          0          4         91       63.3      29.60      33.66
1:20pm            141          0          4         91       63.3      29.60      33.66
1:25pm            181          0          4         91       63.3      29.60      33.66
1:30pm            125          0          4         91       63.4      29.60      33.66
1:35pm            173          0          1         91       63.4      29.60      33.66
1:40pm            173          0          1         91       63.4      29.60      33.66
1:45pm            172          0          1         91       63.5      29.60      33.66
1:50pm            173          0          1         91       63.5      29.60      33.66
1:55pm            252          0          1         91       63.6      29.60      33.66
2:00pm            254          0          1         91       63.8      29.60      33.66
2:05pm            280          2          2         90       63.9      29.59      33.66
2:10pm            233          0          2         90       64.2      29.60      33.66
2:15pm            303          1          4         89       64.3      29.60      33.66
2:20pm            282          0          4         88       64.3      29.59      33.66
2:25pm            222          1          4         88       64.2      29.60      33.66
2:30pm            268          1          5         87       64.1      29.60      33.66
2:35pm            275          4          4         87       64.0      29.59      33.66
2:40pm            271          3          6         86       63.9      29.59      33.66
2:45pm            248          2          6         86       63.8      29.59      33.66
2:50pm            282          1          6         87       63.8      29.59      33.66
2:55pm            276          0          6         87       63.8      29.58      33.66
3:00pm            257          0          6         87       63.9      29.58      33.66
3:05pm            282          0          3         86       63.8      29.59      33.66
3:10pm            333          0          3         87       63.7      29.58      33.66
3:15pm            200          0          3         87       63.7      29.59      33.66
3:20pm            269          2          4         86       63.5      29.59      33.66
3:25pm            272          0          4         87       63.4      29.58      33.66
3:30pm            276          0          4         87       63.4      29.58      33.66
3:35pm            276          0          0         88       63.4      29.58      33.66
3:40pm            276          0          1         89       63.2      29.59      33.66
3:45pm             39          0          1         90       62.9      29.59      33.66
3:50pm            259          1          4         89       62.6      29.59      33.66
3:55pm            268          0          4         88       62.4      29.59      33.66
4:00pm            273          1          4         88       62.3      29.60      33.66
4:05pm            257          0          4         89       62.2      29.60      33.66
4:10pm            257          0          4         89       62.1      29.59      33.66
4:15pm            258          0          4         90       62.0      29.59      33.66
4:20pm            258          0          4         90       62.0      29.59      33.66
4:25pm            258          0          4         90       61.9      29.59      33.66
4:30pm            279          0          4         91       61.8      29.60      33.66
4:35pm            281          0          3         91       61.7      29.60      33.66
4:40pm            281          0          3         91       61.7      29.60      33.66
4:45pm            276          0          3         91       61.5      29.60      33.66
4:50pm            276          2          3         90       61.3      29.60      33.66
4:55pm            264          1          3         90       61.1      29.59      33.66
5:00pm            276          0          3         90       60.9      29.59      33.66
5:05pm            271          0          2         90       60.7      29.60      33.66
5:10pm            271          0          2         90       60.6      29.61      33.66
5:15pm            271          0          2         91       60.5      29.61      33.66
5:20pm            271          0          2         90       60.4      29.60      33.66
5:25pm            271          0          2         90       60.3      29.60      33.66
5:30pm            271          0          2         91       60.3      29.59      33.66
5:35pm            271          0          0         91       60.2      29.59      33.66
5:40pm            271          0          0         91       60.0      29.60      33.66
5:45pm            155          0          2         91       59.9      29.60      33.67
5:50pm            109          0          2         92       59.7      29.59      33.67
5:55pm            125          0          2         92       59.5      29.59      33.68
6:00pm            125          0          2         93       59.1      29.59      33.68
6:05pm            125          0          0         93       58.8      29.59      33.68
6:10pm            293          0          1         93       58.6      29.61      33.68
6:15pm            293          0          1         94       58.6      29.61      33.68
6:20pm            293          0          1         94       58.5      29.62      33.68
6:25pm            293          0          1         94       58.4      29.62      33.68
6:30pm            295          0          1         94       58.3      29.62      33.68
6:35pm            107          1          2         95       58.4      29.61      33.68
6:40pm            108          4          4         95       58.4      29.62      33.68
6:45pm            121          0          4         95       58.6      29.62      33.68
6:50pm            216          0          4         94       58.6      29.62      33.68
6:55pm            216          0          4         94       58.6      29.61      33.69
7:00pm            216          0          4         94       58.6      29.62      33.69
7:05pm            244          0          1         94       58.5      29.62      33.70
7:10pm            244          0          1         95       58.3      29.62      33.70
7:15pm            244          0          1         95       58.3      29.63      33.71
7:20pm            244          0          1         95       58.1      29.63      33.72
7:25pm            116          1          2         95       58.0      29.63      33.72
7:30pm             98          0          2         95       57.8      29.62      33.74
7:35pm             98          0          0         95       57.8      29.61      33.74
7:40pm             98          0          0         96       57.7      29.61      33.74
7:45pm             98          0          0         96       57.7      29.61      33.74
7:50pm             98          0          1         96       57.6      29.61      33.74
7:55pm            106          0          1         96       57.5      29.61      33.75
8:00pm            106          0          1         96       57.5      29.61      33.75
8:05pm            106          0          0         96       57.5      29.62      33.75
8:10pm            106          0          1         96       57.4      29.61      33.75
8:15pm            107          0          1         96       57.3      29.60      33.75
8:20pm            106          0          1         96       56.9      29.60      33.76
8:25pm            106          0          1         96       57.0      29.62      33.76
8:30pm            106          0          1         96       57.0      29.61      33.76
8:35pm            221          0          1         96       56.9      29.61      33.76
8:40pm            269          0          2         96       56.9      29.61      33.76
8:45pm            269          0          2         96       56.9      29.61      33.76
8:50pm            269          0          2         96       56.9      29.60      33.76
8:55pm            269          0          2         97       57.0      29.61      33.76
9:00pm            251          0          2         97       57.0      29.61      33.76
9:05pm            251          0          1         97       57.0      29.61      33.76
9:10pm            251          0          1         97       57.0      29.61      33.77
9:15pm            251          0          1         97       57.0      29.62      33.77
9:20pm            272          0          1         97       57.0      29.61      33.77
9:25pm            245          0          1         97       57.1      29.62      33.78
9:30pm            266          0          1         97       57.0      29.62      33.78
9:35pm            286          0          1         97       57.0      29.63      33.78
9:40pm            360          0          1         97       56.9      29.62      33.78
9:45pm            345          0          1         97       56.7      29.62      33.78
9:50pm            344          0          1         97       56.7      29.62      33.78
9:55pm            345          0          1         97       56.7      29.62      33.78
10:00pm           274          0          1         97       56.7      29.64      33.79
10:05pm           297          2          3         97       56.7      29.65      33.79
10:10pm           279          4          4         97       56.6      29.66      33.80
10:15pm           266          2          6         97       56.5      29.65      33.83
10:20pm           268          0          6         97       56.4      29.64      33.85
10:25pm           267          0          6         97       56.3      29.63      33.85
10:30pm           267          0          6         97       56.1      29.63      33.86
10:35pm           267          0          0         96       55.9      29.63      33.86
10:40pm           276          0          0         96       55.6      29.63      33.87
10:45pm           276          0          0         96       55.5      29.63      33.87
10:50pm           276          0          1         96       55.4      29.62      33.87
10:55pm           276          0          1         96       55.3      29.61      33.87
11:00pm           127          0          1         96       55.2      29.61      33.87
11:05pm           236          0          1         97       55.3      29.62      33.87
11:10pm           236          0          1         97       55.3      29.62      33.87
11:15pm           236          0          1         97       55.4      29.62      33.87
11:20pm           236          0          1         97       55.3      29.63      33.87
11:25pm           236          0          1         96       55.3      29.62      33.87
11:30pm            96          3          4         96       55.1      29.60      33.88
11:35pm            99          0          3         96       55.1      29.60      33.88
11:39pm            98          0          5         96       55.1      29.61      33.89
11:45pm            79          0          5         96       55.0      29.62      33.89
11:50pm           341          0          5         96       55.0      29.62      33.89
11:55pm           341          0          5         96       54.9      29.62      33.89
