10/27/17
Time         Wind Dir   Wind Spd  Wind Gust   Humidity       Temp  Raw Barom   Tot Rain
                    °        mph        mph          %         °F         in         in
12:00am           294          2          9         94       41.2      29.65      35.76
12:05am           258          0          7         93       41.2      29.65      35.76
12:10am           260          0          7         93       41.3      29.65      35.76
12:15am           225          1          8         92       41.4      29.65      35.76
12:20am           240          1          8         92       41.6      29.65      35.76
12:25am           264          2          8         91       41.7      29.65      35.76
12:30am           217          0          8         90       41.8      29.65      35.76
12:35am           276          2          8         90       41.9      29.65      35.76
12:40am           204          2          8         90       41.9      29.66      35.76
12:45am           231          1          8         89       41.9      29.66      35.76
12:50am           263          2          8         90       42.0      29.67      35.76
12:55am           257          0          8         90       41.8      29.67      35.76
1:00am            243          1          8         90       41.7      29.67      35.76
1:05am            248          1          6         91       41.6      29.67      35.76
1:10am            271          2          6         91       41.5      29.68      35.76
1:15am            269          3          7         91       41.5      29.68      35.76
1:20am            270          2          7         91       41.5      29.68      35.76
1:25am            280          2          8         91       41.5      29.68      35.76
1:30am            295          4          8         92       41.4      29.68      35.76
1:35am            259          2          8         92       41.4      29.69      35.76
1:40am            296          4         11         92       41.3      29.69      35.76
1:45am            276          4         11         92       41.3      29.69      35.76
1:50am            283          4         11         92       41.4      29.69      35.76
1:55am            276          2         11         92       41.5      29.70      35.76
2:00am            266          6         11         92       41.5      29.70      35.76
2:05am            265          3          9         92       41.5      29.71      35.76
2:10am            262          3         10         92       41.5      29.71      35.76
2:15am            259          4         10         92       41.4      29.71      35.76
2:20am            250          3         10         92       41.3      29.72      35.76
2:25am            260          3         10         92       41.1      29.72      35.76
2:30am            257          1         10         93       40.9      29.72      35.76
2:35am            267          2          3         93       40.7      29.72      35.76
2:40am            257          2          4         93       40.6      29.72      35.76
2:45am            293          3          6         94       40.5      29.73      35.76
2:50am            247          4          7         94       40.6      29.73      35.76
2:55am            250          3          7         93       40.9      29.73      35.76
3:00am            259          3         11         92       41.1      29.73      35.76
3:05am            273          4         12         92       41.2      29.73      35.76
3:10am            266          3         12         92       41.1      29.74      35.76
3:15am            242          4         12         92       41.0      29.74      35.76
3:20am            265          2         12         92       41.1      29.74      35.76
3:25am            229          2         12         92       41.0      29.74      35.76
3:30am            264          3         12         92       41.0      29.74      35.76
3:35am            271          5          7         92       41.0      29.75      35.76
3:40am            241          4          8         92       41.0      29.75      35.76
3:45am            277          3         11         92       41.1      29.75      35.76
3:50am            285          7         11         91       41.1      29.75      35.76
3:55am            270          4         11         91       41.1      29.76      35.76
4:00am            237          3         11         90       41.3      29.76      35.76
4:05am            284          2          7         89       41.3      29.76      35.76
4:10am            273          0          7         89       41.3      29.76      35.76
4:15am            278          2          7         88       41.2      29.77      35.76
4:20am            272          1          7         88       41.2      29.77      35.76
4:25am            277          0          7         88       41.1      29.78      35.76
4:30am            289          0          7         88       41.1      29.78      35.76
4:35am            278          2          3         89       41.0      29.78      35.76
4:40am            276          0          3         89       40.9      29.78      35.76
4:45am            276          1          3         89       40.9      29.79      35.76
4:50am            278          4          5         89       40.9      29.79      35.76
4:55am            271          3          6         89       40.9      29.79      35.76
5:00am            268          1          6         90       40.8      29.79      35.76
5:05am            275          3          5         90       40.8      29.80      35.76
5:10am            262          2          5         90       40.8      29.80      35.76
5:15am            262          1          5         90       40.8      29.80      35.76
5:20am            283          2          5         90       40.9      29.80      35.76
5:25am            266          1          5         90       40.9      29.81      35.76
5:30am            283          1          5         90       40.7      29.81      35.76
5:35am            276          2          3         90       40.6      29.81      35.76
5:40am            269          2          5         91       40.3      29.81      35.76
5:45am            256          4          6         92       40.1      29.82      35.76
5:50am            284          6          7         91       40.4      29.82      35.76
5:55am            293          6          7         89       40.8      29.82      35.76
6:00am            290          4          7         89       40.8      29.83      35.76
6:05am            271          1          5         89       40.6      29.83      35.76
6:10am            263          2          5         90       40.4      29.83      35.76
6:15am            256          5          5         90       39.9      29.84      35.76
6:20am            267          1          5         91       39.5      29.84      35.76
6:25am            268          3          5         93       39.1      29.85      35.76
6:30am            261          3          6         93       38.9      29.85      35.76
6:35am            265          4          5         94       38.9      29.85      35.76
6:40am            270          4          7         93       39.4      29.86      35.76
6:45am            269          2          7         91       39.9      29.86      35.76
6:50am            282          2          7         90       40.2      29.86      35.76
6:55am            264          0          7         89       40.3      29.86      35.76
7:00am            271          1          7         89       40.0      29.86      35.76
7:05am            279          1          4         90       39.5      29.86      35.76
7:10am            261          0          4         90       39.3      29.86      35.76
7:15am            288          0          4         90       39.3      29.87      35.76
7:20am            248          0          4         90       39.3      29.87      35.76
7:25am            274          0          4         90       39.2      29.87      35.76
7:30am            274          1          4         90       39.0      29.88      35.76
7:35am            271          0          2         90       39.0      29.88      35.76
7:40am            238          0          2         90       38.8      29.88      35.76
7:45am            253          0          2         90       38.6      29.89      35.76
7:50am            199          0          2         91       38.4      29.89      35.76
7:55am             21          0          2         91       38.2      29.89      35.76
8:00am            267          0          2         92       38.4      29.89      35.76
8:05am            266          0          0         91       38.5      29.89      35.76
8:10am            271          0          1         92       38.5      29.90      35.76
8:15am            216          0          1         92       38.8      29.91      35.76
8:20am            273          0          1         93       39.3      29.91      35.76
8:25am            276          0          3         91       39.9      29.91      35.76
8:30am            271          1          3         89       40.5      29.91      35.76
8:35am            259          1          2         87       41.1      29.92      35.76
8:40am            273          3          6         85       41.7      29.92      35.76
8:45am            289          4          8         83       42.1      29.92      35.76
8:50am            258          6          9         82       42.6      29.92      35.76
8:55am            281          3         12         81       42.8      29.92      35.76
9:00am            276          4         12         81       42.9      29.92      35.76
9:05am            290          4         10         81       43.1      29.92      35.76
9:10am            269          8         10         81       43.5      29.92      35.76
9:15am            276          1         11         81       43.7      29.92      35.76
9:20am            254          5         11         78       44.0      29.92      35.76
9:25am            263          2         11         80       44.3      29.93      35.76
9:30am            271          3         13         77       44.6      29.93      35.76
9:35am            231          1         10         79       44.8      29.93      35.76
9:40am            252          6         11         80       45.0      29.93      35.76
9:45am            287          5         11         77       45.1      29.93      35.76
9:50am            266          4         11         77       45.0      29.93      35.76
9:55am            247          4         11         77       45.4      29.94      35.76
10:00am           245          1         11         77       45.7      29.94      35.76
10:05am           246          2          7         77       46.3      29.94      35.76
10:10am           266          9         10         75       46.7      29.94      35.76
10:15am           266          7         12         73       46.6      29.94      35.76
10:20am           259          2         13         74       46.6      29.94      35.76
10:25am           269          4         13         72       46.9      29.94      35.76
10:30am           228          5         13         72       47.0      29.94      35.76
10:35am           243          6          9         72       47.2      29.94      35.76
10:40am           268          4         13         70       47.3      29.94      35.76
10:45am           251          6         13         73       47.7      29.94      35.76
10:50am           267          6         13         70       47.8      29.94      35.76
10:55am           273          6         13         70       47.7      29.95      35.76
11:00am           278          5         13         69       48.1      29.96      35.76
11:05am           271          4         10         69       48.4      29.95      35.76
11:10am           271          2         10         67       48.7      29.96      35.76
11:15am           260          2         10         67       48.8      29.96      35.76
11:20am           258          2         14         67       48.9      29.96      35.76
11:25am           274          7         14         65       49.7      29.96      35.76
11:30am           214          4         14         64       49.7      29.96      35.76
11:35am           299          3          5         67       50.0      29.96      35.76
11:40am           282          4         10         63       50.1      29.96      35.76
11:45am           272          5         10         64       50.2      29.96      35.76
11:50am            23          2         10         63       50.3      29.96      35.76
11:55am           324          4         10         64       50.8      29.96      35.76
12:00pm           279          3         10         63       51.4      29.96      35.76
12:05pm           291          6         11         59       51.5      29.96      35.76
12:10pm           259          1         11         61       51.0      29.96      35.76
12:15pm           275          5         11         61       51.4      29.96      35.76
12:20pm           252          3         11         58       51.5      29.96      35.76
12:25pm           276          4         11         58       51.4      29.96      35.76
12:30pm           236          2         11         61       52.1      29.95      35.76
12:35pm           272          6          9         57       52.4      29.96      35.76
12:40pm           266          2         10         57       52.3      29.96      35.76
12:45pm           257          2         10         57       52.6      29.96      35.76
12:50pm           278          7         10         55       53.2      29.96      35.76
12:55pm           276          3         10         56       52.9      29.96      35.76
12:59pm           273          5         10         57       52.9      29.96      35.76
1:05pm            233          5          9         54       53.3      29.96      35.76
1:10pm            255          1          9         55       53.4      29.96      35.76
1:15pm            278          4         10         57       53.9      29.95      35.76
1:20pm            287          6         10         53       54.0      29.96      35.76
1:24pm            251          1         10         55       53.7      29.96      35.76
1:30pm            250          0         10         54       54.2      29.95      35.76
1:35pm            294          4          8         57       54.7      29.95      35.76
1:40pm            246          5         10         51       54.5      29.95      35.76
1:45pm            293          1         10         53       54.6      29.95      35.76
1:50pm            250          0         10         53       54.8      29.95      35.76
1:55pm            264          8         10         50       54.9      29.95      35.76
2:00pm            281          2         10         51       54.9      29.95      35.76
2:05pm            262          2          5         51       55.1      29.95      35.76
2:10pm            259          4          9         49       54.9      29.95      35.76
2:15pm            240          3          9         51       54.9      29.96      35.76
2:20pm            272          5         10         50       55.2      29.96      35.76
2:25pm            265          4         10         52       55.4      29.96      35.76
2:30pm            288          7         10         49       55.6      29.96      35.76
2:35pm            266          3          8         52       55.6      29.96      35.76
2:40pm            266          3          8         50       55.8      29.96      35.76
2:45pm            259          3          8         49       55.8      29.96      35.76
2:50pm            293          4          8         49       56.2      29.96      35.76
2:55pm            263          5          8         49       56.2      29.96      35.76
2:59pm            259          2          8         48       56.0      29.96      35.76
3:05pm            271          4          8         47       55.9      29.96      35.76
3:10pm            266          0          8         48       56.0      29.96      35.76
3:15pm            265          2          8         48       56.0      29.96      35.76
3:20pm            272          0          8         49       55.9      29.97      35.76
3:25pm            255          3          8         48       56.2      29.96      35.76
3:30pm            274          2          8         49       56.2      29.96      35.76
3:35pm            284          2          5         49       56.0      29.97      35.76
3:40pm            267          1          6         49       55.8      29.97      35.76
3:45pm            193          0          6         48       55.3      29.97      35.76
3:50pm            245          0          6         51       55.3      29.97      35.76
3:55pm            293          2          6         51       56.2      29.97      35.76
3:59pm            252          0          6         47       56.6      29.97      35.76
4:05pm            252          1          3         50       56.7      29.98      35.76
4:10pm            245          2          4         48       56.9      29.98      35.76
4:15pm            283          4          5         48       56.4      29.98      35.76
4:20pm            252          2          5         49       56.1      29.99      35.76
4:25pm             39          0          5         49       56.1      29.98      35.76
4:30pm            269          1          5         51       56.2      29.98      35.76
4:35pm            258          0          4         50       56.0      29.98      35.76
4:40pm            265          0          4         51       55.7      29.98      35.76
4:45pm            248          1          4         52       55.3      29.98      35.76
4:50pm            260          0          4         55       54.9      29.98      35.76
4:55pm            281          1          4         53       54.6      29.98      35.76
5:00pm            272          0          4         53       54.3      29.98      35.76
5:05pm            272          0          1         55       54.0      29.99      35.76
5:10pm            272          0          1         57       53.7      29.99      35.76
5:15pm            272          0          1         62       53.1      29.99      35.76
5:20pm            272          0          1         63       52.3      29.99      35.76
5:25pm            272          0          1         65       51.6      29.99      35.76
5:30pm            272          0          1         67       50.9      29.99      35.76
5:35pm            272          0          0         68       50.2      29.99      35.76
5:40pm            272          0          0         70       49.5      30.00      35.76
5:45pm            272          0          0         72       48.9      29.99      35.76
5:50pm            272          0          0         72       48.4      29.99      35.76
5:55pm            272          0          0         72       48.0      30.00      35.76
6:00pm            272          0          0         73       47.4      30.00      35.76
6:05pm            272          0          0         75       46.9      30.00      35.76
6:10pm            272          0          0         76       46.5      30.00      35.76
6:15pm            272          0          0         76       46.3      30.01      35.76
6:20pm            272          0          0         77       46.2      30.01      35.76
6:25pm            272          0          0         79       45.9      30.01      35.76
6:30pm            272          0          0         80       45.5      30.01      35.76
6:35pm            272          0          0         80       45.2      30.01      35.76
6:40pm            272          0          0         80       44.8      30.01      35.76
6:45pm            272          0          0         81       44.5      30.01      35.76
6:50pm            272          0          0         82       44.2      30.01      35.76
6:55pm            272          0          0         83       44.0      30.01      35.76
7:00pm            272          0          0         83       44.1      30.01      35.76
7:05pm            272          0          0         83       44.0      30.01      35.76
7:10pm            272          0          0         84       43.7      30.01      35.76
7:15pm            272          0          0         83       43.5      30.01      35.76
7:20pm            272          0          0         83       43.1      30.02      35.76
7:25pm            272          0          0         84       42.8      30.02      35.76
7:30pm            272          0          0         86       42.7      30.02      35.76
7:35pm            272          0          0         86       42.6      30.02      35.76
7:40pm            272          0          0         86       42.6      30.02      35.76
7:45pm            272          0          0         86       42.5      30.02      35.76
7:50pm            272          0          0         87       42.5      30.01      35.76
7:55pm            272          0          0         88       42.4      30.01      35.76
8:00pm            272          0          0         88       42.3      30.01      35.76
8:05pm            272          0          0         89       42.0      30.02      35.76
8:10pm            272          0          1         90       42.1      30.02      35.76
8:15pm            272          0          1         90       42.1      30.02      35.76
8:20pm            272          0          1         91       42.0      30.02      35.76
8:25pm            272          0          1         91       42.0      30.02      35.76
8:30pm            272          0          1         91       41.8      30.02      35.76
8:35pm            272          0          0         92       41.7      30.02      35.76
8:40pm            272          0          0         92       41.6      30.02      35.76
8:45pm            272          0          1         92       41.5      30.03      35.76
8:50pm            272          0          1         92       41.3      30.02      35.76
8:55pm            272          0          1         93       41.2      30.03      35.76
9:00pm            272          0          1         93       41.1      30.02      35.76
9:05pm            272          0          0         93       41.0      30.02      35.76
9:10pm            272          0          0         93       40.9      30.02      35.76
9:15pm            272          0          1         93       40.8      30.02      35.76
9:20pm            272          0          1         93       40.7      30.03      35.76
9:25pm            272          0          1         93       40.6      30.03      35.76
9:30pm            272          0          1         94       40.6      30.03      35.76
9:35pm            272          0          0         94       40.5      30.03      35.76
9:40pm            272          0          0         94       40.4      30.03      35.76
9:45pm            272          0          0         94       40.4      30.03      35.76
9:50pm            272          0          0         94       40.4      30.03      35.76
9:55pm            272          0          0         94       40.2      30.03      35.76
10:00pm           272          0          0         94       40.2      30.03      35.76
10:05pm           272          0          0         95       40.2      30.03      35.76
10:10pm           272          0          0         95       40.3      30.03      35.76
10:15pm           272          0          0         95       40.2      30.03      35.76
10:20pm           272          0          0         95       40.1      30.03      35.76
10:25pm           272          0          0         95       40.2      30.03      35.76
10:30pm           272          0          0         95       40.2      30.03      35.76
10:35pm           272          0          0         95       40.1      30.03      35.76
10:40pm           272          0          0         95       40.1      30.03      35.76
10:45pm           272          0          0         95       40.1      30.03      35.76
10:50pm           272          0          0         95       40.0      30.02      35.76
10:55pm           272          0          0         95       39.9      30.02      35.76
11:00pm           272          0          0         96       40.0      30.02      35.76
11:05pm           272          0          0         96       40.1      30.02      35.76
11:10pm           272          0          0         96       40.0      30.02      35.76
11:15pm           272          0          0         95       39.8      30.02      35.76
11:20pm           272          0          1         96       40.0      30.02      35.76
11:25pm           272          0          1         96       39.9      30.02      35.76
11:30pm           272          0          1         96       39.9      30.02      35.76
11:35pm           272          0          0         96       39.9      30.02      35.76
11:40pm           272          0          0         96       39.6      30.02      35.76
11:45pm           272          0          0         96       39.5      30.01      35.76
11:50pm           272          0          0         96       39.5      30.02      35.76
11:55pm           272          0          0         96       39.7      30.02      35.76
