11/15/17
Time         Wind Dir   Wind Spd  Wind Gust   Humidity       Temp  Raw Barom   Tot Rain
                    °        mph        mph          %         °F         in         in
12:00am           271          0          1         95       31.8      30.28      39.24
12:05am           271          0          1         95       31.8      30.27      39.24
12:10am           271          0          1         95       31.7      30.27      39.24
12:15am           271          0          1         95       31.7      30.27      39.24
12:20am           271          0          1         95       31.7      30.27      39.24
12:25am           271          0          1         95       31.8      30.27      39.24
12:30am           271          0          1         95       31.8      30.27      39.24
12:35am           271          0          1         95       31.8      30.27      39.24
12:40am           274          0          1         95       31.8      30.27      39.24
12:45am           265          0          1         95       31.7      30.27      39.24
12:50am           265          0          1         95       31.7      30.27      39.24
12:55am           265          0          1         95       31.7      30.27      39.24
1:00am            265          0          1         95       31.7      30.27      39.24
1:05am            265          0          1         95       31.6      30.27      39.24
1:10am            265          0          1         95       31.6      30.27      39.24
1:15am            265          0          1         95       31.6      30.27      39.24
1:20am            265          0          1         95       31.6      30.27      39.24
1:25am            265          0          1         95       31.6      30.27      39.24
1:30am            265          0          1         95       31.6      30.27      39.24
1:35am            265          0          1         95       31.6      30.27      39.24
1:40am            265          0          1         95       31.6      30.27      39.24
1:45am            265          0          1         95       31.6      30.27      39.24
1:50am            265          0          1         95       31.6      30.27      39.24
1:55am            265          0          1         95       31.6      30.27      39.24
2:00am            265          0          1         95       31.6      30.27      39.24
2:05am            265          0          1         95       31.6      30.27      39.24
2:10am            265          0          1         95       31.6      30.27      39.24
2:15am            265          0          1         95       31.6      30.27      39.24
2:20am            265          0          1         95       31.5      30.27      39.24
2:25am            265          0          1         95       31.4      30.27      39.24
2:30am            265          0          1         95       31.4      30.27      39.24
2:35am            266          0          1         95       31.5      30.27      39.24
2:40am            267          0          1         95       31.5      30.27      39.24
2:45am            273          0          1         95       31.5      30.27      39.24
2:50am            272          0          1         96       31.6      30.27      39.24
2:55am            252          0          1         95       31.6      30.27      39.24
3:00am            266          0          1         95       31.5      30.27      39.24
3:05am            266          0          0         95       31.5      30.27      39.24
3:10am            266          0          1         95       31.4      30.27      39.24
3:15am            266          0          1         96       31.4      30.27      39.24
3:20am            266          0          1         96       31.4      30.27      39.24
3:25am            266          0          1         95       31.4      30.27      39.24
3:30am            266          0          1         96       31.4      30.27      39.24
3:35am            266          0          1         96       31.4      30.27      39.24
3:40am            228          0          1         96       31.3      30.27      39.24
3:45am            150          0          1         95       31.3      30.27      39.24
3:50am             82          1          1         96       31.4      30.27      39.24
3:55am             96          1          2         95       31.7      30.27      39.24
4:00am             84          1          3         94       31.7      30.27      39.24
4:05am             83          0          3         93       31.9      30.27      39.24
4:10am            109          1          3         93       32.0      30.27      39.24
4:15am             92          1          3         92       32.1      30.27      39.24
4:20am            184          0          3         91       32.0      30.27      39.24
4:25am            185          0          3         91       31.8      30.27      39.24
4:30am            185          0          3         92       31.6      30.27      39.24
4:35am            185          0          0         92       31.6      30.27      39.24
4:40am            185          0          0         92       31.4      30.27      39.24
4:45am            185          0          0         93       31.3      30.27      39.24
4:50am            185          0          0         93       31.2      30.27      39.24
4:55am            185          0          0         93       31.0      30.27      39.24
5:00am            185          0          0         93       30.9      30.28      39.24
5:05am            185          0          0         93       30.9      30.28      39.24
5:10am            185          0          0         93       31.0      30.28      39.24
5:15am            185          0          0         93       30.9      30.27      39.24
5:20am            185          0          0         94       30.8      30.27      39.24
5:25am            185          0          0         94       30.7      30.27      39.24
5:30am            185          0          0         94       30.6      30.27      39.24
5:35am            185          0          0         94       30.5      30.27      39.24
5:40am            185          0          0         94       30.4      30.27      39.24
5:45am            212          0          1         94       30.5      30.27      39.24
5:50am            212          0          1         94       30.4      30.27      39.24
5:55am            212          0          1         94       30.2      30.27      39.24
5:59am            212          0          1         94       30.1      30.27      39.24
6:05am            212          0          0         94       30.0      30.27      39.24
6:10am            212          0          0         94       29.8      30.27      39.24
6:15am            212          0          0         95       29.7      30.27      39.24
6:20am            212          0          0         95       29.6      30.27      39.24
6:25am            212          0          0         95       29.4      30.27      39.24
6:30am            212          0          0         95       29.3      30.27      39.24
6:35am            212          0          0         95       29.1      30.27      39.24
6:40am            212          0          0         95       28.9      30.27      39.24
6:45am            212          0          0         95       28.7      30.27      39.24
6:50am            212          0          0         95       28.5      30.27      39.24
6:55am            212          0          0         95       28.3      30.27      39.24
7:00am            212          0          0         95       28.2      30.27      39.24
7:05am            212          0          0         95       28.2      30.28      39.24
7:10am            212          0          0         95       28.1      30.28      39.24
7:15am            212          0          0         95       28.0      30.28      39.24
7:20am            212          0          0         95       28.0      30.28      39.24
7:25am            212          0          0         95       28.0      30.28      39.24
7:30am            212          0          1         96       28.1      30.28      39.24
7:35am            212          0          0         96       28.2      30.28      39.24
7:40am            212          0          0         96       28.2      30.28      39.24
7:45am            212          0          0         96       28.4      30.28      39.24
7:50am            212          0          0         96       28.6      30.28      39.24
7:55am            212          0          1         96       29.0      30.28      39.24
8:00am            212          0          1         96       29.4      30.28      39.24
8:05am            205          0          1         96       29.8      30.28      39.24
8:10am            205          0          1         96       30.3      30.28      39.24
8:15am            205          0          1         96       30.8      30.27      39.24
8:20am            131          0          1         96       30.9      30.27      39.24
8:25am             94          2          3         95       31.5      30.27      39.24
8:30am             96          2          5         92       32.2      30.28      39.24
8:35am            136          0          2         89       32.6      30.28      39.24
8:40am            136          0          2         89       32.9      30.28      39.24
8:45am            193          0          2         87       33.2      30.28      39.24
8:50am            120          1          2         86       33.7      30.28      39.24
8:55am             90          1          2         85       33.7      30.28      39.24
9:00am             86          2          2         83       34.1      30.27      39.24
9:05am            124          1          2         81       34.2      30.27      39.24
9:10am            130          0          2         81       34.3      30.27      39.24
9:15am            133          1          2         80       34.8      30.27      39.24
9:20am             84          2          4         82       35.0      30.27      39.24
9:25am            111          2          8         78       34.9      30.27      39.24
9:30am             92          3          8         80       35.1      30.27      39.24
9:35am             91          3          5         79       35.3      30.27      39.24
9:40am             77          2          5         78       35.5      30.27      39.25
9:45am             79          1          5         78       35.3      30.27      39.25
9:50am            107          0          5         78       35.5      30.27      39.25
9:55am             76          2          5         78       35.9      30.27      39.25
10:00am            79          3          5         77       36.2      30.26      39.26
10:05am            94          3          5         77       36.3      30.26      39.26
10:10am            76          5          6         78       36.4      30.26      39.26
10:15am            79          3          9         75       36.1      30.25      39.26
10:20am            98          2          9         76       36.3      30.25      39.27
10:25am           108          1          9         74       36.0      30.25      39.27
10:30am           122          1          9         75       36.3      30.25      39.27
10:35am           111          3          4         74       36.3      30.24      39.27
10:40am            68          3          6         76       36.5      30.24      39.28
10:45am            91          2          6         74       36.7      30.24      39.28
10:50am           110          2          7         77       36.9      30.24      39.28
10:55am           105          2          7         76       37.4      30.24      39.28
11:00am            96          3          7         73       37.6      30.23      39.29
11:05am            61          1          7         73       37.3      30.23      39.29
11:10am           129          3          7         71       37.2      30.22      39.29
11:15am           113          1          7         71       37.4      30.22      39.29
11:20am           154          2          7         70       37.9      30.21      39.30
11:25am           123          2          7         68       37.7      30.21      39.30
11:30am            86          3          7         70       38.1      30.21      39.30
11:35am            98          3          5         70       38.7      30.21      39.31
11:40am            84          1          5         69       38.3      30.20      39.31
11:45am           101          0          5         70       38.2      30.20      39.31
11:50am           110          1          5         70       39.0      30.20      39.31
11:55am           109          4          5         68       39.1      30.20      39.32
12:00pm           120          3          9         69       38.4      30.19      39.32
12:05pm           128          2          4         69       38.3      30.19      39.32
12:10pm           115          1          5         68       38.4      30.19      39.32
12:15pm           102          2          5         67       38.1      30.19      39.32
12:20pm           132          5          5         70       38.2      30.19      39.32
12:25pm           131          3          5         70       38.3      30.19      39.32
12:30pm           110          0          5         68       38.3      30.19      39.32
12:35pm           142          3          5         71       38.7      30.18      39.33
12:40pm           144          0          5         68       39.1      30.18      39.33
12:45pm            94          2          5         66       39.3      30.19      39.33
12:50pm           106          1          5         66       39.2      30.20      39.33
12:55pm           103          1          5         66       39.4      30.20      39.33
1:00pm            216          0          5         67       39.3      30.19      39.33
1:05pm             76          2          2         67       39.2      30.19      39.33
1:10pm            103          2          4         68       39.3      30.19      39.33
1:15pm            131          1          4         66       39.2      30.19      39.33
1:20pm            128          1          4         67       38.8      30.19      39.33
1:25pm            138          0          4         69       38.8      30.18      39.34
1:30pm            104          0          4         68       38.7      30.18      39.34
1:35pm            117          0          1         68       38.5      30.18      39.34
1:40pm            120          0          2         69       38.4      30.18      39.34
1:45pm             98          0          2         70       38.3      30.18      39.34
1:50pm            104          2          2         70       38.3      30.17      39.34
1:55pm            123          1          4         69       38.6      30.16      39.34
2:00pm            250          1          5         69       38.4      30.16      39.34
2:05pm            181          1          2         69       38.3      30.16      39.34
2:10pm             84          0          3         70       38.3      30.16      39.34
2:15pm            105          0          4         69       38.2      30.16      39.34
2:20pm             98          0          4         69       38.1      30.16      39.34
2:25pm            163          0          4         68       38.2      30.16      39.34
2:30pm            119          1          4         68       38.1      30.15      39.34
2:35pm            221          0          3         68       38.3      30.15      39.34
2:40pm            274          0          3         69       38.3      30.15      39.34
2:45pm            112          5          6         68       38.2      30.14      39.34
2:50pm            108          2          6         68       38.1      30.15      39.34
2:55pm            161          2          6         69       38.0      30.16      39.34
3:00pm            119          0          6         68       37.9      30.15      39.34
3:05pm             75          2          4         69       37.9      30.16      39.34
3:10pm             85          2          4         69       37.8      30.15      39.34
3:15pm             93          0          6         69       37.8      30.15      39.34
3:20pm             98          3          6         71       37.7      30.15      39.34
3:25pm             82          3          6         70       37.7      30.15      39.34
3:30pm             84          4          7         70       37.6      30.15      39.34
3:35pm            134          2          6         71       37.6      30.15      39.34
3:40pm             75          3          6         71       37.6      30.14      39.34
3:45pm            200          2          6         71       37.5      30.14      39.34
3:50pm            115          0          6         72       37.5      30.15      39.35
3:55pm             90          3          6         71       37.4      30.14      39.35
4:00pm             96          1          6         72       37.5      30.15      39.35
4:05pm             89          1          5         72       37.3      30.15      39.35
4:10pm             98          0          5         71       37.3      30.15      39.35
4:15pm            176          0          5         71       37.2      30.15      39.35
4:20pm            176          0          5         72       37.2      30.15      39.35
4:25pm            168          0          5         72       37.2      30.15      39.35
4:30pm            166          0          5         72       37.0      30.15      39.35
4:35pm            123          0          1         72       36.9      30.15      39.35
4:40pm             94          0          1         72       36.9      30.14      39.35
4:45pm             82          0          7         72       36.9      30.14      39.35
4:50pm            141          0          7         72       36.8      30.14      39.35
4:55pm             85          4          7         73       36.7      30.14      39.35
4:59pm             85          2          7         72       36.5      30.14      39.35
5:05pm            129          1          5         73       36.4      30.14      39.35
5:10pm             75          1          5         74       36.3      30.14      39.35
5:15pm             77          2          5         75       36.1      30.14      39.35
5:20pm            117          0          5         75       36.0      30.14      39.35
5:25pm             96          0          5         77       35.7      30.14      39.35
5:30pm            105          1          5         76       35.5      30.13      39.35
5:35pm            112          0          2         77       35.4      30.13      39.35
5:40pm             88          0          2         77       35.2      30.14      39.35
6:00pm             90          1          6         78       34.8      30.13      39.35
6:30pm             90          2          6         80       34.3      30.13      39.35
7:00pm             90          1          5         80       34.1      30.12      39.35
7:30pm             90          1          6         78       33.9      30.11      39.35
8:00pm             90          1          7         77       34.2      30.11      39.35
8:30pm             90          2          7         78       33.8      30.11      39.35
9:00pm             90          2          7         81       33.3      30.10      39.35
9:30pm             90          2          8         82       32.9      30.08      39.35
10:00pm            90          2          9         83       32.3      30.08      39.35
10:30pm            90          3         11         85       32.2      30.07      39.35
11:00pm            90          2         13         86       32.0      30.07      39.35
11:30pm            90          2          7         88       31.8      30.06      39.35
