11/21/17
Time         Wind Dir   Wind Spd  Wind Gust   Humidity       Temp  Raw Barom   Tot Rain
                    °        mph        mph          %         °F         in         in
12:00am           270          1          5         77       33.5      29.96      39.93
12:30am           292          0          1         79       33.6      29.97      39.93
1:00am            270          0          3         80       33.9      29.97      39.93
1:30am            270          1          5         82       33.9      29.98      39.93
2:00am            270          1          5         83       33.5      29.99      39.93
2:30am            270          0          3         84       32.0      29.99      39.93
3:00am            225          0          1         88       29.9      29.99      39.93
3:30am            225          0          1         89       29.9      29.99      39.93
4:00am            292          0          5         84       31.5      29.98      39.93
4:30am            270          1          4         82       31.7      29.98      39.93
5:00am            270          0          2         87       29.4      29.99      39.93
5:30am            270          0          2         85       30.2      29.99      39.93
6:00am            270          1          3         84       30.5      30.00      39.93
6:30am            270          1          5         81       31.0      30.00      39.93
7:00am            270          0          1         85       29.5      30.00      39.93
7:30am            270          0          1         88       28.2      30.01      39.93
8:00am            270          0          3         87       29.5      30.00      39.93
8:30am            135          0          1         80       33.9      30.00      39.93
9:20am            258          0          3         71       35.9      29.99      39.93
9:25am            219          0          3         73       36.0      29.99      39.93
9:30am            239          0          3         71       36.1      29.99      39.93
9:35am            255          0          1         70       36.4      29.99      39.93
9:40am            105          0          1         71       36.9      29.99      39.93
9:45am             91          0          2         72       37.1      29.99      39.93
9:50am             82          0          2         73       37.4      29.99      39.93
9:55am            267          6          9         72       37.7      29.99      39.93
10:00am           293          0          9         65       38.8      29.98      39.93
10:05am           295          3         10         60       39.4      29.97      39.93
10:10am           288          2         10         59       39.7      29.97      39.93
10:15am           281          2         10         58       40.1      29.97      39.93
10:20am           245          3         10         57       40.3      29.96      39.93
10:25am           275          1         10         56       40.8      29.96      39.93
10:30am           267          7         11         54       41.3      29.96      39.93
10:35am           278          2          9         53       42.0      29.96      39.93
10:40am           295          1         15         52       42.5      29.95      39.93
10:45am           262          5         15         52       43.1      29.95      39.93
10:50am           276          4         15         49       43.6      29.95      39.93
10:55am           259          1         15         49       44.1      29.94      39.93
11:00am           226          8         15         48       44.6      29.94      39.93
11:05am           261          3         14         47       45.1      29.93      39.93
11:10am           299          7         17         45       45.5      29.92      39.93
11:15am           271         11         17         45       45.9      29.92      39.93
11:20am           281         14         20         43       46.4      29.92      39.93
11:25am           221          5         20         44       46.6      29.92      39.93
11:30am           257          4         20         43       46.8      29.92      39.93
11:35am           275          6         20         43       46.8      29.93      39.93
11:40am           291          2         20         44       47.1      29.92      39.93
11:45am           283          7         20         44       47.4      29.92      39.93
11:50am           288          5         20         43       47.6      29.91      39.93
11:55am           281          7         20         42       48.0      29.91      39.93
12:00pm           294          6         20         42       48.2      29.91      39.93
12:05pm           276          6         12         42       48.4      29.91      39.93
12:10pm            18          3         16         41       48.6      29.91      39.93
12:15pm           226          5         16         40       48.9      29.90      39.93
12:20pm           274          5         16         40       49.2      29.90      39.93
12:25pm           268          2         16         39       49.5      29.90      39.93
12:30pm           225          4         16         39       49.9      29.90      39.93
12:35pm           259          6         11         38       50.2      29.90      39.93
12:40pm           263          5         16         38       50.1      29.90      39.93
12:45pm           279          4         16         38       50.4      29.89      39.93
12:50pm           276          9         16         37       50.6      29.89      39.93
12:55pm           269          2         16         38       50.6      29.89      39.93
1:00pm            264          7         16         37       50.6      29.89      39.93
1:05pm            311          6         13         37       50.8      29.89      39.93
1:10pm            215          7         15         37       51.0      29.89      39.93
1:15pm            292          6         15         38       51.2      29.88      39.93
1:20pm            263          5         15         37       51.5      29.88      39.93
1:25pm            262          7         15         38       51.7      29.88      39.93
1:30pm             97          4         18         38       52.2      29.89      39.93
1:35pm            254          3         15         35       53.6      29.88      39.93
1:40pm            292          7         15         35       53.6      29.88      39.93
1:45pm            294          3         15         36       53.1      29.88      39.93
1:50pm            261          3         16         36       52.8      29.88      39.96
1:55pm            277          0         16         37       53.0      29.88      39.96
2:00pm            292          6         16         36       53.0      29.88      39.96
2:05pm            220          0         11         37       52.8      29.88      39.96
2:10pm            250          3         11         38       52.6      29.87      39.96
2:15pm            290          8         11         38       52.4      29.87      39.96
2:20pm            273          3         11         38       52.3      29.87      39.96
2:25pm            283          6         11         39       52.3      29.87      39.96
2:30pm            235          2         11         39       52.1      29.87      39.96
2:35pm            288          3         12         39       52.1      29.87      39.96
2:40pm            293          4         12         39       52.2      29.87      39.96
2:45pm            249          8         12         40       52.0      29.86      39.96
2:50pm            280          4         12         39       52.1      29.86      39.96
2:55pm            274          4         12         39       51.9      29.87      39.96
3:00pm            269          4         12         39       52.4      29.87      39.96
3:05pm            279          3         10         38       52.7      29.87      39.96
3:10pm            271          2         12         37       53.0      29.87      39.96
3:15pm            256          5         12         36       53.2      29.87      39.96
3:20pm            265          4         12         36       53.0      29.87      39.96
3:25pm            269          5         12         36       52.7      29.87      39.96
3:30pm            287          5         15         35       52.4      29.87      39.96
3:35pm            288          5         10         36       52.1      29.88      39.96
3:40pm            274         13         13         36       51.7      29.87      39.96
3:45pm            269          4         17         37       51.3      29.87      39.96
3:50pm            286          3         17         38       50.9      29.88      39.96
3:55pm            286          2         17         38       50.7      29.87      39.96
4:00pm            239          5         17         39       50.4      29.87      39.96
4:05pm            289          6         13         39       50.3      29.87      39.96
4:10pm            270          5         13         39       50.0      29.87      39.96
4:15pm            288          4         13         40       49.8      29.87      39.96
4:20pm            264          4         13         41       49.5      29.88      39.96
4:25pm            300          2         13         41       49.3      29.87      39.96
4:30pm            329          1         13         41       49.0      29.87      39.96
4:35pm            259          3          5         42       48.9      29.88      39.96
4:40pm            266          2          5         43       48.5      29.88      39.96
4:45pm            271          1          8         43       48.4      29.88      39.96
4:50pm            277          1          8         44       48.3      29.88      39.96
4:55pm            230          7          8         45       48.0      29.89      39.96
4:59pm            238          3          9         45       48.1      29.89      39.96
5:05pm            288          2          8         46       47.9      29.89      39.96
5:10pm            233          3          8         47       47.6      29.89      39.96
5:15pm            297          7         11         47       47.7      29.89      39.96
5:20pm            228          2         11         47       47.6      29.89      39.96
5:25pm            292          4         11         48       47.6      29.89      39.96
5:30pm            227          0         11         48       47.5      29.89      39.96
5:35pm            236          2          6         48       47.4      29.89      39.96
5:40pm            261          3          8         49       47.4      29.88      39.96
5:45pm            343          3         10         49       47.3      29.89      39.96
5:50pm            301          8         10         50       47.2      29.89      39.96
5:55pm            253          2         10         51       47.3      29.88      39.96
6:00pm            291          6         11         51       47.2      29.88      39.96
6:05pm            338          1          8         52       47.0      29.89      39.96
6:10pm            267          4          8         53       46.9      29.89      39.96
6:15pm            283          1          9         53       46.9      29.89      39.96
6:20pm            281          2         10         54       46.8      29.89      39.96
6:25pm            278          6         11         54       46.7      29.89      39.96
6:30pm            281          8         11         54       46.6      29.89      39.96
6:35pm            294          4         10         55       46.5      29.89      39.96
6:40pm            266          3         13         55       46.5      29.89      39.96
6:45pm            260          3         13         55       46.4      29.89      39.96
6:50pm            259          4         13         55       46.3      29.90      39.96
6:55pm            287          3         13         56       46.2      29.90      39.96
7:00pm            247          1         13         56       46.1      29.90      39.96
7:05pm            243          3          4         56       45.9      29.90      39.96
7:10pm            278          3          5         57       45.7      29.90      39.96
7:15pm            279          6          7         57       45.6      29.90      39.96
7:20pm            261          3          7         57       45.7      29.90      39.96
7:25pm            284          4          8         57       45.7      29.91      39.96
7:29pm            146          0          8         57       45.7      29.90      39.96
7:35pm            141          1          1         58       45.4      29.91      39.96
7:40pm            287          2          3         58       45.2      29.91      39.96
7:45pm            283          2          6         58       45.3      29.91      39.96
7:50pm            274          1          6         58       45.4      29.91      39.96
7:55pm            264          1          6         59       45.4      29.91      39.96
8:00pm            259          2          6         59       45.2      29.91      39.96
8:05pm            284          2          3         60       45.0      29.91      39.96
8:10pm            281          0          3         60       44.9      29.91      39.96
8:15pm             68          0          3         61       44.6      29.91      39.96
8:20pm             37          0          3         61       44.4      29.92      39.96
8:25pm            203          0          3         61       44.5      29.92      39.96
8:30pm            217          0          3         62       44.6      29.92      39.96
8:34pm            246          1          3         61       44.4      29.92      39.96
8:40pm            233          0          6         61       44.7      29.92      39.96
8:44pm            257          0          6         62       44.2      29.92      39.96
8:50pm            292          3          6         62       44.3      29.92      39.96
8:55pm            278          1          6         62       44.3      29.92      39.96
9:00pm            273          1          6         63       44.2      29.92      39.96
9:05pm            276          0          3         63       44.3      29.92      39.96
9:09pm            270          1          3         63       44.4      29.92      39.96
9:15pm            278          0          5         62       44.7      29.92      39.96
9:19pm            271          1          5         62       44.7      29.92      39.96
9:25pm            264          0          5         63       44.5      29.92      39.96
9:30pm            280          0          5         63       44.3      29.92      39.96
9:35pm            303          0          1         64       43.8      29.92      39.96
9:39pm            257          0          4         65       43.6      29.92      39.96
9:45pm            276          0          6         66       43.1      29.92      39.96
9:49pm            269          0          6         66       42.8      29.92      39.96
9:55pm            241          0          6         66       43.3      29.92      39.96
10:00pm           269          1          6         66       43.2      29.92      39.96
10:04pm           280          0          2         68       42.3      29.92      39.96
10:10pm           245          0          2         69       42.3      29.91      39.96
10:15pm           253          0          2         68       41.9      29.92      39.96
10:20pm           279          0          2         69       41.5      29.92      39.96
10:25pm           303          0          3         69       42.0      29.92      39.96
10:30pm           278          2          4         69       42.2      29.92      39.96
10:35pm           276          3          3         69       42.4      29.92      39.96
10:40pm           269          1          3         68       42.7      29.92      39.96
10:45pm           284          2          3         69       42.2      29.92      39.96
10:49pm           252          1          3         69       41.9      29.93      39.96
10:55pm           297          2          4         70       41.8      29.93      39.96
11:00pm           277          0          4         70       41.3      29.93      39.96
11:05pm           264          0          2         72       40.5      29.93      39.96
11:10pm           273          0          2         73       39.7      29.93      39.96
11:14pm           275          0          2         75       39.5      29.93      39.96
11:19pm           278          0          2         74       40.1      29.93      39.96
11:24pm           267          1          3         73       40.2      29.93      39.96
11:29pm           280          1          3         74       39.7      29.93      39.96
11:35pm           271          0          2         75       39.0      29.93      39.96
11:39pm           273          0          2         76       38.4      29.93      39.96
11:45pm           278          1          3         77       37.7      29.93      39.96
11:50pm           311          0          3         79       37.6      29.92      39.96
11:54pm           258          1          3         78       38.0      29.92      39.96
