12/6/17
Time         Wind Dir   Wind Spd  Wind Gust   Humidity       Temp  Raw Barom   Tot Rain
                    °        mph        mph          %         °F         in         in
12:00am           257          0          1         97       41.8      29.69      40.97
12:05am           165          0          1         97       42.0      29.69      40.97
12:10am           250          0          2         97       43.0      29.69      40.97
12:15am           149          0          2         98       43.6      29.69      40.97
12:20am           210          0          2         98       43.6      29.69      40.98
12:25am           300          3          6         98       45.0      29.69      40.98
12:30am           275          1          6         98       46.9      29.68      40.98
12:35am           288          1          3         98       47.8      29.68      40.98
12:40am           223          3          7         98       48.1      29.68      40.98
12:45am           252          2          7         98       49.1      29.67      40.99
12:50am           239          2          7         98       49.6      29.67      40.99
12:55am           299          6          7         98       50.0      29.67      40.99
1:00am            255          2         11         98       50.1      29.67      40.99
1:05am            296          4          9         98       50.3      29.67      40.99
1:10am            314          1          9         98       50.5      29.66      40.99
1:15am            289          4          9         98       50.5      29.66      40.99
1:20am            296          4          9         98       50.6      29.67      40.99
1:25am            284          4         11         98       50.7      29.67      40.99
1:30am            259          4         11         98       50.7      29.66      40.99
1:35am            274          4          7         98       50.8      29.66      41.00
1:40am            288          6         12         98       50.8      29.66      41.00
1:45am            266          4         12         97       50.8      29.66      41.00
1:50am            283          5         12         97       50.9      29.66      41.00
1:55am            268          5         12         97       50.8      29.66      41.00
2:00am            230          3         14         97       50.9      29.66      41.00
2:05am            284          4          5         96       50.8      29.66      41.00
2:10am            283          4         11         96       50.8      29.66      41.00
2:15am            312          2         11         96       50.8      29.66      41.00
2:20am            281          3         11         96       50.7      29.66      41.00
2:25am            277          4         11         96       50.6      29.66      41.00
2:30am            259          2         11         96       50.6      29.65      41.00
2:35am            240          3          8         96       50.6      29.66      41.00
2:40am            266          3         10         96       50.6      29.66      41.00
2:45am            277          5         10         96       50.6      29.65      41.00
2:50am            248          1         10         96       50.7      29.66      41.00
2:55am            276          3         10         96       50.7      29.66      41.00
3:00am            280          4         14         95       50.4      29.68      41.01
3:05am             18          2         13         94       49.3      29.69      41.01
3:10am             25          0         13         94       48.1      29.69      41.02
3:15am            291          4         13         94       47.3      29.69      41.02
3:20am            158          4         16         95       46.6      29.70      41.02
3:25am            250          2         16         95       46.1      29.70      41.02
3:30am            250          1         16         94       45.5      29.70      41.02
3:35am            278          3          7         94       45.1      29.70      41.02
3:40am            271          2          8         94       44.8      29.71      41.02
3:45am            260          1          8         94       44.5      29.70      41.02
3:50am            260          2          8         94       44.3      29.70      41.02
3:55am            258          3          9         94       44.2      29.70      41.03
4:00am            266          3          9         94       44.0      29.69      41.04
4:05am            269          2          4         95       43.8      29.68      41.04
4:10am            274          4          5         95       43.6      29.68      41.04
4:15am            269          2          6         95       43.6      29.69      41.04
4:20am            264          1          6         95       43.5      29.69      41.04
4:25am            258          0          6         95       43.4      29.69      41.04
4:30am            260          1          6         96       43.2      29.70      41.04
4:35am            257          1          3         96       43.1      29.70      41.04
4:40am            268          0          3         96       43.1      29.71      41.04
4:45am            275          1          3         96       42.9      29.71      41.04
4:50am            259          0          3         96       42.8      29.71      41.04
4:55am            274          2          3         96       42.9      29.71      41.04
5:00am            248          1          3         96       42.8      29.72      41.04
5:05am            243          0          6         96       42.8      29.72      41.04
5:10am            236          0          6         96       42.7      29.72      41.04
5:15am            278          4          8         95       42.4      29.72      41.04
5:20am            284          4          8         95       42.1      29.73      41.04
5:25am            290          2          9         94       41.9      29.73      41.04
5:30am            273          4         12         93       41.6      29.73      41.04
5:35am            264          3         11         92       41.3      29.73      41.04
5:40am            255          3         11         91       41.0      29.73      41.04
5:45am            277          6         11         91       40.7      29.74      41.04
5:50am            263          7         11         90       40.6      29.74      41.04
5:55am            224          2         11         91       40.4      29.74      41.04
6:00am            299          0         11         91       40.0      29.74      41.04
6:05am            245          5         11         90       39.8      29.74      41.04
6:10am            286          2         11         90       39.6      29.74      41.04
6:15am            266          7         16         88       39.3      29.74      41.04
6:20am            258          3         16         87       39.2      29.74      41.04
6:25am            201          1         16         88       38.9      29.74      41.04
6:30am            269          1         16         88       38.6      29.74      41.04
6:35am            238          0          9         88       38.4      29.75      41.04
6:40am            248          4         12         87       38.3      29.75      41.04
6:45am            235          2         12         86       38.1      29.75      41.04
6:50am            264          5         12         86       38.0      29.76      41.04
6:55am            285          6         12         87       37.8      29.76      41.04
7:00am            230          5         12         85       37.6      29.76      41.04
7:05am            287          8         14         84       37.3      29.76      41.04
7:10am            276         15         16         81       36.9      29.76      41.04
7:15am            273          4         18         80       36.5      29.77      41.04
7:20am            259          4         18         80       36.2      29.76      41.04
7:25am            210          1         18         80       36.0      29.77      41.04
7:30am            258          4         18         79       35.7      29.76      41.04
7:35am            283          6         16         79       35.5      29.76      41.04
7:40am            260          5         16         78       35.3      29.77      41.04
7:45am            273          5         16         78       35.1      29.77      41.04
7:50am            253          2         16         79       34.9      29.77      41.04
7:55am            256          4         16         79       34.7      29.78      41.04
8:00am            276          8         16         77       34.7      29.78      41.04
8:05am            262          0         12         76       34.6      29.78      41.04
8:10am            277          1         12         77       34.4      29.79      41.04
8:15am            236          3         12         75       34.4      29.79      41.04
8:20am            146          0         12         76       34.4      29.80      41.04
8:25am            268          5         14         76       34.3      29.80      41.04
8:30am            255          6         14         75       34.3      29.80      41.04
8:35am            260          4         15         75       34.3      29.80      41.04
8:40am            243          1         15         75       34.2      29.80      41.04
8:45am            232          1         15         76       34.2      29.80      41.04
8:50am            269          5         15         75       34.1      29.80      41.04
8:55am            257          3         15         76       34.1      29.80      41.04
9:00am            288          5         15         74       34.1      29.80      41.04
9:05am            281          3          9         74       34.1      29.81      41.04
9:10am            283          2         10         75       34.1      29.81      41.04
9:15am            267          8         12         73       34.0      29.81      41.04
9:20am            286          7         12         71       33.9      29.81      41.04
9:25am            272          4         12         71       33.8      29.81      41.04
9:30am            248          1         12         72       33.7      29.81      41.04
9:35am            249          2          8         72       33.5      29.81      41.04
9:40am            255          3         11         71       33.4      29.81      41.04
9:45am            262          5         11         73       33.3      29.81      41.04
9:50am            276         11         12         72       33.2      29.81      41.04
9:55am            264          4         16         70       33.3      29.81      41.04
10:00am           267          7         16         70       33.4      29.81      41.04
10:05am           250          2         11         71       33.3      29.81      41.04
10:10am           268          2         11         73       33.2      29.80      41.04
10:15am           268          3         12         71       33.4      29.80      41.04
10:20am           268          5         13         70       33.5      29.80      41.04
10:25am           274          7         13         70       33.9      29.80      41.04
10:30am           271          5         13         69       34.3      29.80      41.04
10:35am           252          5         13         68       34.3      29.79      41.04
10:40am           248          8         16         68       34.5      29.79      41.04
10:45am           234          8         16         68       34.7      29.79      41.04
10:50am           293          5         16         67       35.1      29.79      41.04
10:55am           273          7         16         66       35.2      29.79      41.04
11:00am           268          4         16         66       35.7      29.79      41.04
11:05am           271          4         15         63       35.9      29.78      41.04
11:10am           310          7         15         62       36.3      29.78      41.04
11:15am           258          6         15         63       36.7      29.78      41.04
11:20am           289          6         15         62       36.8      29.78      41.04
11:25am           316          5         15         61       36.7      29.77      41.04
11:30am           232          3         15         61       37.0      29.78      41.04
11:35am           252          5         16         61       37.1      29.77      41.04
11:40am           281          7         16         59       37.3      29.77      41.04
11:45am           268          4         16         58       37.5      29.77      41.04
11:50am           357         11         16         59       37.6      29.77      41.04
11:55am           281          7         16         57       37.7      29.77      41.04
12:00pm           236          9         16         58       38.2      29.77      41.04
12:05pm           252         11         14         55       38.4      29.77      41.04
12:10pm           261          1         15         55       38.4      29.77      41.04
12:15pm           238          1         15         55       38.7      29.78      41.04
12:20pm           259          7         15         54       38.5      29.77      41.04
12:25pm           271          6         15         53       38.4      29.77      41.04
12:30pm           243          4         15         56       38.8      29.77      41.04
12:35pm           257          8         15         52       38.8      29.76      41.04
12:40pm           251          1         15         55       38.8      29.76      41.04
12:45pm           246          7         15         52       39.2      29.76      41.04
12:50pm           274          8         15         52       39.3      29.76      41.04
12:55pm           279          5         15         53       39.3      29.76      41.04
12:59pm           282         10         15         53       39.5      29.77      41.04
1:05pm            282          3         11         51       39.8      29.76      41.04
1:10pm            276          5         11         50       40.0      29.76      41.04
1:15pm            252          3         13         52       39.9      29.76      41.04
1:20pm            274          7         16         48       39.6      29.75      41.04
1:25pm            274          9         17         51       39.6      29.76      41.04
1:30pm            289          5         17         50       39.8      29.76      41.04
1:35pm            250          4         10         51       39.9      29.76      41.04
1:40pm            266          3         10         51       39.9      29.76      41.04
1:45pm            309          7         10         51       39.8      29.76      41.04
1:50pm            245          6         16         51       39.2      29.76      41.04
1:55pm            304          7         16         51       39.1      29.76      41.04
1:59pm            265          3         16         49       39.1      29.76      41.04
2:05pm            252         10         14         50       38.8      29.75      41.04
2:10pm            254          4         14         48       38.7      29.76      41.04
2:15pm            270          4         14         50       39.1      29.76      41.04
2:20pm            287          4         14         49       38.9      29.76      41.04
2:25pm            254          1         14         50       38.3      29.76      41.04
2:30pm            282          7         14         53       38.2      29.76      41.04
2:35pm            256          4          8         51       38.1      29.77      41.04
2:40pm            259          4          8         51       37.9      29.76      41.04
2:45pm            278          4          9         52       37.7      29.76      41.04
2:50pm            297          7         10         52       37.7      29.76      41.04
2:55pm            240          3         10         51       37.5      29.77      41.04
3:00pm            264          3         10         54       37.5      29.77      41.04
3:05pm            252          3         11         50       37.7      29.77      41.04
3:10pm            248          1         11         49       37.6      29.78      41.04
3:15pm            225          3         11         51       37.6      29.78      41.04
3:20pm            290          8         15         49       37.5      29.78      41.04
3:25pm            257          5         15         50       36.9      29.78      41.04
3:30pm            268          2         15         53       36.3      29.78      41.04
3:35pm            261          5         10         52       36.1      29.78      41.04
3:40pm            285          2         10         52       36.0      29.78      41.04
3:45pm            240          2         10         53       35.8      29.79      41.04
3:50pm            257          3         10         54       35.4      29.79      41.04
3:55pm            272          5         10         54       35.3      29.78      41.04
3:59pm            289          6         10         54       35.2      29.78      41.04
4:05pm            265          4         12         53       35.2      29.78      41.04
4:10pm            266          5         12         53       35.1      29.78      41.04
4:15pm            243          5         12         54       34.9      29.78      41.04
4:20pm            260          5         12         54       34.8      29.79      41.04
4:25pm            257          5         12         55       34.5      29.79      41.04
4:30pm            245          4         12         56       34.5      29.80      41.04
4:35pm            255          3         10         56       34.3      29.80      41.04
4:40pm            273          2         10         58       34.0      29.80      41.04
4:45pm            285          7         10         58       33.6      29.81      41.04
4:50pm            259          4         10         59       33.4      29.81      41.04
4:55pm            271          3         10         61       33.0      29.80      41.04
5:00pm            261          1         10         61       32.7      29.81      41.04
5:05pm            251          2          4         61       32.4      29.81      41.04
5:10pm            253          0          4         62       32.2      29.81      41.04
5:15pm            255          0          4         63       31.9      29.81      41.04
5:20pm            249          1          4         64       31.6      29.81      41.04
5:25pm            262          3          5         65       31.5      29.81      41.04
5:30pm            267          2          5         65       31.4      29.81      41.04
5:35pm            253          0          5         65       31.3      29.81      41.04
5:40pm            266          2          6         65       31.2      29.80      41.04
5:45pm            271          3          6         65       31.0      29.80      41.04
5:50pm            262          4          6         65       31.1      29.80      41.04
5:55pm            278          4          7         65       31.3      29.81      41.04
6:00pm            244          2          7         64       31.4      29.81      41.04
6:05pm            257          2          6         63       31.4      29.81      41.04
6:10pm            246          2          6         64       31.2      29.81      41.04
6:15pm            258          2          6         65       30.9      29.81      41.04
6:20pm            255          2          6         66       30.6      29.81      41.04
6:25pm            268          1          6         67       30.2      29.81      41.04
6:30pm            265          2          6         68       30.0      29.81      41.04
6:35pm            284          2          3         68       30.0      29.81      41.04
6:40pm            266          2          3         68       30.0      29.81      41.04
6:45pm            292          1          3         69       29.8      29.82      41.04
6:50pm            278          0          3         71       29.4      29.82      41.04
6:55pm            278          0          3         71       29.1      29.82      41.04
7:00pm            278          0          3         72       28.9      29.82      41.04
7:05pm            278          0          0         74       28.6      29.82      41.04
7:10pm            278          0          0         75       28.4      29.83      41.04
7:15pm            278          0          0         75       28.0      29.82      41.04
7:20pm            278          0          0         76       27.6      29.82      41.04
7:25pm            278          0          0         76       27.1      29.82      41.04
7:30pm            278          0          0         77       26.8      29.82      41.04
7:35pm            220          0          0         78       26.6      29.82      41.04
7:40pm            220          0          0         74       27.3      29.82      41.04
7:45pm            220          0          0         75       27.6      29.82      41.04
7:50pm            220          0          0         76       27.7      29.82      41.04
7:55pm            252          0          1         78       27.6      29.82      41.04
8:00pm            252          0          1         78       27.4      29.82      41.04
8:05pm            252          0          0         78       27.4      29.82      41.04
8:10pm            252          0          0         79       27.2      29.82      41.04
8:15pm            252          0          0         80       26.8      29.82      41.04
8:20pm            252          0          0         81       26.5      29.81      41.04
8:25pm            253          0          0         82       26.4      29.82      41.04
8:30pm            253          0          1         82       26.4      29.82      41.04
8:35pm            272          0          1         79       26.8      29.82      41.04
8:40pm            262          0          1         78       27.2      29.81      41.04
8:45pm            270          0          1         76       27.6      29.81      41.04
8:50pm            280          0          3         71       28.3      29.81      41.04
8:55pm            288          1          3         71       28.6      29.81      41.04
9:00pm            278          1          3         74       28.3      29.82      41.04
9:05pm            274          1          3         74       28.0      29.82      41.04
9:10pm            276          1          3         75       27.8      29.81      41.04
9:15pm            264          1          3         73       28.0      29.81      41.04
9:20pm            269          2          8         67       28.8      29.80      41.04
9:25pm            276          1          8         65       29.5      29.81      41.04
9:30pm            294          2          8         63       29.8      29.81      41.04
9:35pm            285          2          3         62       30.2      29.81      41.04
9:40pm            280          3          5         60       30.4      29.81      41.04
9:45pm            268          2          6         60       30.5      29.81      41.04
9:50pm            276          2          6         61       30.5      29.81      41.04
9:55pm            265          1          6         62       30.1      29.81      41.04
9:59pm            293          3          6         63       30.1      29.81      41.04
10:05pm           264          2          5         61       30.1      29.81      41.04
10:10pm           269          1          5         61       30.2      29.80      41.04
10:15pm           264          2          5         63       30.1      29.81      41.04
10:20pm           290          3          8         67       29.5      29.81      41.04
10:25pm           287          1          8         66       29.1      29.81      41.04
10:30pm           276          1          8         67       29.0      29.81      41.04
10:35pm           276          1          2         70       28.5      29.81      41.04
10:40pm           275          1          2         72       27.9      29.82      41.04
10:45pm           288          1          2         73       27.6      29.82      41.04
10:50pm           283          0          2         75       27.3      29.81      41.04
10:55pm           267          0          2         74       27.2      29.81      41.04
11:00pm           258          0          2         74       27.1      29.81      41.04
11:05pm           330          1          1         75       27.0      29.81      41.04
11:10pm           251          0          1         74       27.0      29.81      41.04
11:15pm           343          0          1         73       27.2      29.81      41.04
11:20pm           283          0          1         75       27.1      29.81      41.04
11:25pm           269          0          1         76       26.8      29.81      41.04
11:30pm           266          0          1         77       26.6      29.81      41.04
11:35pm           274          0          1         77       26.5      29.81      41.04
11:40pm           270          0          1         78       26.3      29.81      41.04
11:45pm           266          0          1         78       26.4      29.80      41.04
11:50pm           278          0          1         76       26.3      29.80      41.04
11:55pm           296          0          1         74       27.1      29.80      41.04
