12/15/17
Time         Wind Dir   Wind Spd  Wind Gust   Humidity       Temp  Raw Barom   Tot Rain
                    °        mph        mph          %         °F         in         in
12:00am           280          2          7         72        9.2      29.93      41.04
12:05am           266          1          5         72        9.1      29.93      41.04
12:10am           272          0          5         73        8.8      29.93      41.04
12:15am           277          0          5         74        8.7      29.93      41.04
12:20am           261          0          5         74        8.6      29.93      41.04
12:25am           262          0          5         74        8.7      29.93      41.04
12:30am           230          0          5         74        8.5      29.93      41.04
12:35am           269          0          2         74        8.5      29.94      41.04
12:40am           237          0          2         74        8.5      29.93      41.04
12:45am           278          0          2         74        8.5      29.93      41.04
12:50am           270          0          2         74        8.4      29.93      41.04
12:55am           273          0          2         74        8.0      29.94      41.04
1:00am            271          0          2         75        7.8      29.94      41.04
1:05am            269          0          1         75        7.8      29.93      41.04
1:10am            263          0          1         75        7.7      29.93      41.04
1:15am            268          0          1         76        7.2      29.93      41.04
1:20am            259          0          2         78        6.9      29.94      41.04
1:25am            261          0          2         78        6.9      29.94      41.04
1:30am            275          0          2         78        7.1      29.94      41.04
1:35am            278          0          1         78        7.4      29.94      41.04
1:40am            273          0          1         78        7.3      29.94      41.04
1:45am            250          1          6         79        7.3      29.94      41.04
1:50am            288          0          6         77        7.6      29.94      41.04
1:55am            274          0          6         77        7.9      29.94      41.04
2:00am            278          1          6         76        8.3      29.95      41.04
2:05am            257          3          6         75        8.5      29.95      41.04
2:10am            274          2          7         75        8.8      29.95      41.04
2:15am            282          2          7         75        8.9      29.96      41.04
2:20am            269          0          7         75        9.0      29.96      41.04
2:25am            266          5          7         75        9.1      29.96      41.04
2:30am            269          5         10         74        9.3      29.96      41.04
2:35am            264          3          9         74        9.6      29.96      41.04
2:40am            266          4         10         73        9.9      29.96      41.04
2:45am            275          7         13         73        9.9      29.96      41.04
2:50am            294          7         13         72       10.0      29.97      41.04
2:55am            264          5         13         72       10.0      29.97      41.04
3:00am            266          5         13         72        9.9      29.97      41.04
3:05am            257          5          8         73        9.7      29.97      41.04
3:10am            264          5          8         73        9.6      29.96      41.04
3:15am            257          4         10         73        9.6      29.97      41.04
3:20am            279          4         10         73        9.5      29.97      41.04
3:25am            271          5         10         74        9.5      29.97      41.04
3:30am            270          3         10         74        9.5      29.97      41.04
3:35am            276          4          5         75        9.4      29.97      41.04
3:40am            269          1          5         76        9.1      29.97      41.04
3:45am            274          2          5         76        8.8      29.97      41.04
3:50am            259          1          6         76        8.5      29.97      41.04
3:55am            276          4          6         77        8.2      29.97      41.04
4:00am            259          1          6         77        8.3      29.97      41.04
4:05am            262          4          5         77        8.5      29.97      41.04
4:10am            293          3          7         77        8.6      29.97      41.04
4:15am            246          0          7         77        8.4      29.97      41.04
4:20am            251          0          7         78        8.4      29.97      41.04
4:25am            276          6          7         78        8.5      29.97      41.04
4:30am            272          4          7         78        8.5      29.97      41.04
4:35am            277          1          4         78        8.4      29.97      41.04
4:40am            273          2          7         78        8.3      29.97      41.04
4:45am            257          2          7         78        8.3      29.97      41.04
4:50am            265          4          8         78        8.5      29.97      41.04
4:55am            268          4          8         78        8.5      29.97      41.04
5:00am            270          4          8         78        8.7      29.97      41.04
5:05am            278          2          9         77        9.1      29.97      41.04
5:10am            248          1         10         76        9.5      29.98      41.04
5:15am            264          3         10         75        9.4      29.98      41.04
5:20am            281          6         10         75        9.2      29.98      41.04
5:25am            245          3         10         75        9.2      29.98      41.04
5:30am            278          0         10         76        8.9      29.98      41.04
5:35am            295          4          6         76        8.7      29.98      41.04
5:40am            241          0          6         77        8.5      29.99      41.04
5:45am            245          0          6         77        8.3      29.98      41.04
5:50am            248          0          7         77        7.9      29.98      41.04
5:55am            245          0          7         77        7.5      29.98      41.04
6:00am            249          0          7         78        7.3      29.98      41.04
6:05am            274          1          6         79        7.4      29.98      41.04
6:10am            262          0          6         78        7.4      29.99      41.04
6:15am            224          0          6         79        7.3      29.99      41.04
6:20am            231          0          6         79        7.2      29.99      41.04
6:25am            252          0          6         80        6.9      29.99      41.04
6:30am            288          1          6         80        7.0      29.99      41.04
6:35am            255          1          3         81        7.4      29.99      41.04
6:40am            275          1          3         81        7.8      29.99      41.04
6:45am            267          1          6         79        8.4      29.99      41.04
6:50am            244          1          7         78        8.7      29.99      41.04
6:55am            262          0          7         78        8.8      29.99      41.04
7:00am            233          0          7         78        8.6      29.99      41.04
7:05am            234          0          1         79        8.2      29.99      41.04
7:10am            238          0          1         79        7.8      29.99      41.04
7:15am            243          0          1         80        7.4      30.00      41.04
7:20am            246          0          1         81        6.9      30.00      41.04
7:25am            245          0          1         82        6.6      30.00      41.04
7:30am            232          0          1         82        6.3      30.00      41.04
7:35am            231          0          1         83        6.2      30.00      41.04
7:40am            231          0          1         83        6.2      30.00      41.04
7:45am            231          0          1         83        6.1      30.00      41.04
7:50am            266          0          1         84        6.3      30.00      41.04
7:55am            240          0          1         84        6.5      30.00      41.04
8:00am            240          0          1         83        6.5      30.00      41.04
8:05am            240          0          0         83        6.4      30.00      41.04
8:10am            240          0          0         84        6.4      30.00      41.04
8:15am            240          0          1         84        6.5      30.01      41.04
8:20am            240          0          1         84        6.7      30.01      41.04
8:25am            281          0          1         83        7.0      30.01      41.04
8:30am            275          0          1         83        7.4      30.01      41.04
8:35am            273          0          1         82        7.6      30.02      41.04
8:40am            274          0          1         82        7.8      30.02      41.04
8:45am            263          0          1         81        8.0      30.02      41.04
8:50am            274          0          1         81        8.3      30.02      41.04
8:55am            269          0          1         80        8.7      30.02      41.04
9:00am            257          0          1         80        9.4      30.02      41.04
9:05am            256          0          3         79       10.4      30.02      41.04
9:10am            272          2          6         77       11.1      30.03      41.04
9:15am            285          3          8         76       11.6      30.03      41.04
9:20am            287          2          8         75       11.9      30.03      41.04
9:25am            259          3          8         76       12.1      30.03      41.04
9:30am            262          6          8         76       12.3      30.03      41.04
9:35am            304          3          6         76       12.7      30.03      41.04
9:40am            298          2          6         75       12.9      30.03      41.04
9:45am            266          1          6         74       13.2      30.03      41.04
9:50am            253          1          6         73       13.3      30.03      41.04
9:55am            253          0          6         74       13.5      30.03      41.04
10:00am           285          1          6         73       13.9      30.03      41.04
10:05am           276          2          3         72       14.3      30.03      41.04
10:10am           250          1          3         72       14.7      30.03      41.04
10:15am           245          1          3         71       15.0      30.03      41.04
10:20am           280          1          4         70       15.2      30.03      41.04
10:25am           278          1          4         71       15.6      30.03      41.04
10:30am           247          1          4         70       15.9      30.02      41.04
10:35am           276          1          4         70       16.1      30.02      41.04
10:40am           283          2          4         70       16.4      30.01      41.04
10:45am           289          0          4         70       16.7      30.01      41.04
10:50am           270          3          4         69       16.9      30.01      41.04
10:55am           271          1          4         69       17.1      30.01      41.04
10:59am           285          0          4         69       17.4      30.01      41.04
11:05am           272          0          3         68       17.7      30.01      41.04
11:10am           241          1          4         68       17.9      30.00      41.04
11:15am           294          0          4         67       18.1      30.00      41.04
11:20am           274          0          4         67       18.3      30.00      41.04
11:25am           262          0          4         66       18.6      29.99      41.04
11:30am           259          1          4         66       18.8      29.99      41.04
11:35am           264          1          3         65       18.8      29.99      41.04
11:40am           249          0          3         66       19.0      29.99      41.04
11:45am           268          1          4         64       19.1      29.98      41.04
11:50am           262          3          5         63       19.1      29.98      41.04
11:55am           269          2          5         63       19.2      29.97      41.04
12:00pm           282          0          5         63       19.4      29.97      41.04
12:05pm           258          0          1         63       19.9      29.97      41.04
12:10pm           262          0          2         62       20.2      29.96      41.04
12:15pm           285          1          2         62       20.2      29.96      41.04
12:20pm           256          1          2         61       20.3      29.96      41.04
12:25pm           270          0          2         62       20.5      29.95      41.04
12:30pm           278          1          2         61       20.6      29.95      41.04
12:35pm           269          0          2         60       20.5      29.95      41.04
12:40pm           259          0          2         60       20.6      29.95      41.04
12:45pm           266          1          2         61       20.6      29.95      41.04
12:50pm           257          0          3         60       20.6      29.95      41.04
12:55pm           243          0          3         61       20.9      29.94      41.04
1:00pm            262          0          3         59       20.9      29.94      41.04
1:05pm            260          0          1         60       20.9      29.94      41.04
1:10pm            271          0          1         60       20.9      29.94      41.04
1:15pm            255          0          1         61       21.1      29.94      41.04
1:20pm            261          0          1         60       21.1      29.94      41.04
1:25pm            279          0          1         59       21.1      29.93      41.04
1:30pm            272          0          1         59       21.0      29.93      41.04
1:35pm            272          0          1         60       21.1      29.93      41.04
1:40pm            272          0          1         60       21.5      29.93      41.04
1:45pm            273          0          1         59       21.4      29.93      41.04
1:50pm             31          0          1         60       21.3      29.93      41.04
1:55pm             30          0          1         60       21.5      29.93      41.04
2:00pm            255          0          1         60       21.5      29.93      41.04
2:05pm            264          0          1         60       21.4      29.93      41.04
2:10pm            264          0          1         61       21.7      29.93      41.04
2:15pm            251          0          1         59       21.4      29.92      41.04
2:20pm            279          0          1         60       21.3      29.92      41.04
2:25pm            266          0          1         60       21.1      29.92      41.04
2:30pm            270          0          1         60       21.2      29.92      41.04
2:35pm            270          0          0         61       21.3      29.92      41.04
2:40pm            270          0          0         60       21.6      29.92      41.04
2:45pm            270          0          0         59       21.6      29.92      41.04
2:50pm            270          0          1         60       21.5      29.92      41.04
2:55pm            269          0          1         61       21.3      29.91      41.04
3:00pm            271          0          1         61       21.2      29.92      41.04
3:05pm            244          0          1         61       21.1      29.92      41.04
3:10pm            252          0          1         62       20.9      29.91      41.04
3:15pm            252          0          1         63       20.9      29.91      41.04
3:20pm            252          0          1         63       20.9      29.91      41.04
3:25pm            274          0          1         63       20.7      29.91      41.04
3:29pm            266          0          1         63       20.4      29.90      41.04
3:35pm            279          0          0         64       20.2      29.90      41.04
3:40pm            278          0          1         64       20.2      29.90      41.04
3:44pm            280          0          1         64       20.0      29.90      41.04
3:50pm            280          0          1         64       19.8      29.90      41.04
3:55pm            280          0          1         64       19.7      29.89      41.04
4:00pm            280          0          1         65       19.5      29.89      41.04
4:05pm            280          0          0         66       19.3      29.89      41.04
4:10pm            280          0          0         68       19.1      29.89      41.04
4:15pm            280          0          0         69       18.9      29.89      41.04
4:20pm            280          0          0         69       18.6      29.88      41.04
4:25pm            280          0          0         69       18.3      29.88      41.04
4:30pm            280          0          0         69       18.1      29.88      41.04
4:35pm            280          0          0         70       18.0      29.88      41.04
4:39pm            280          0          0         70       18.0      29.88      41.04
4:44pm            280          0          0         70       18.2      29.87      41.04
4:50pm            280          0          0         71       18.2      29.87      41.04
4:55pm            280          0          0         72       18.1      29.87      41.04
5:00pm            280          0          0         72       17.9      29.86      41.04
5:04pm            280          0          0         73       17.9      29.86      41.04
5:10pm            280          0          0         73       18.0      29.86      41.04
5:14pm            280          0          0         74       18.1      29.86      41.04
5:19pm            280          0          0         74       18.0      29.86      41.04
5:25pm            280          0          0         74       18.1      29.85      41.04
5:29pm            280          0          0         74       18.1      29.86      41.04
5:35pm            280          0          1         73       18.1      29.86      41.04
5:40pm            271          0          1         74       18.0      29.85      41.04
5:45pm            259          0          1         75       17.9      29.85      41.04
5:49pm            260          0          1         76       17.9      29.85      41.04
5:54pm            260          0          1         76       17.9      29.85      41.04
6:00pm            260          0          1         76       17.8      29.84      41.04
6:04pm             14          0          0         76       17.8      29.84      41.04
6:09pm            236          0          0         76       18.0      29.84      41.04
6:15pm            275          0          1         76       17.8      29.84      41.04
6:19pm            275          0          1         77       17.7      29.83      41.04
6:25pm            162          0          1         76       17.7      29.83      41.04
6:30pm            159          1          3         74       18.0      29.83      41.04
6:35pm            136          0          2         72       18.4      29.82      41.04
6:40pm            120          0          2         71       18.6      29.82      41.04
6:44pm             80          2          4         70       18.8      29.81      41.04
6:50pm            113          0          4         71       18.8      29.81      41.04
6:54pm            110          0          4         69       18.8      29.81      41.04
7:00pm            120          0          4         71       18.8      29.81      41.04
7:04pm            149          0          1         70       18.8      29.81      41.04
7:09pm            129          0          1         70       18.7      29.81      41.04
7:15pm            105          0          2         70       18.7      29.82      41.04
7:19pm            138          0          2         69       18.7      29.82      41.04
7:24pm            167          0          2         70       18.6      29.82      41.04
7:29pm            191          0          3         70       18.5      29.82      41.04
7:34pm            210          0          1         71       18.5      29.82      41.04
7:39pm            123          0          1         71       18.5      29.82      41.04
7:44pm            123          0          1         71       18.4      29.82      41.04
7:50pm            137          0          1         71       18.3      29.82      41.04
7:55pm            214          0          1         71       18.2      29.82      41.04
8:00pm            199          0          1         71       18.1      29.82      41.04
8:04pm            142          0          0         71       18.0      29.82      41.04
8:09pm            281          0          0         71       17.9      29.82      41.04
8:15pm            250          0          0         71       17.9      29.82      41.04
8:20pm            250          0          0         72       17.8      29.82      41.04
8:25pm            197          0          0         71       17.7      29.81      41.04
8:29pm            197          0          0         72       17.6      29.81      41.04
8:34pm            197          0          0         72       17.5      29.81      41.04
8:39pm            197          0          0         72       17.4      29.81      41.04
8:44pm            197          0          0         73       17.3      29.81      41.04
8:49pm            197          0          0         74       17.3      29.80      41.04
8:54pm            197          0          0         76       17.2      29.80      41.04
9:00pm            250          0          0         75       17.1      29.81      41.04
9:05pm            271          0          0         76       17.0      29.81      41.04
9:09pm            282          0          0         79       16.9      29.81      41.04
9:15pm            278          0          0         80       16.7      29.81      41.04
9:19pm            233          0          0         80       16.5      29.81      41.04
9:25pm            233          0          0         80       16.4      29.81      41.04
9:30pm            233          0          0         80       16.3      29.81      41.04
9:35pm            281          0          0         81       16.3      29.81      41.04
9:40pm            262          0          0         81       16.2      29.81      41.04
9:45pm            257          0          0         82       16.2      29.81      41.04
9:49pm            241          0          0         82       16.3      29.81      41.04
9:54pm            274          0          0         82       16.3      29.80      41.04
10:00pm           274          0          0         82       16.3      29.80      41.04
10:04pm           274          0          0         82       16.3      29.80      41.04
10:09pm           264          0          0         83       16.2      29.81      41.04
10:15pm           270          0          0         83       16.1      29.81      41.04
10:19pm           270          0          0         83       16.0      29.80      41.04
10:24pm           259          0          0         83       16.0      29.80      41.04
10:30pm           278          1          1         83       16.2      29.80      41.04
10:34pm           276          0          3         82       16.3      29.80      41.04
10:40pm           273          1          3         82       16.4      29.80      41.04
10:44pm           271          0          3         82       16.4      29.80      41.04
10:50pm           281          0          3         82       16.3      29.80      41.04
10:54pm           279          0          3         82       16.2      29.80      41.04
11:00pm           272          0          3         83       15.9      29.80      41.04
11:04pm           257          0          1         83       15.5      29.80      41.04
11:10pm           269          0          1         84       15.2      29.80      41.04
11:15pm           262          0          1         84       15.1      29.79      41.04
11:19pm           276          0          1         84       15.0      29.79      41.04
11:25pm           276          0          1         84       14.9      29.78      41.04
11:30pm           273          0          1         84       14.8      29.78      41.04
11:34pm           274          1          1         85       14.7      29.78      41.04
11:39pm           273          0          1         85       14.6      29.78      41.04
11:44pm           281          1          2         86       14.6      29.78      41.04
11:49pm           270          1          2         86       14.4      29.78      41.04
11:54pm           269          0          2         87       14.3      29.78      41.04
