12/26/17
Time         Wind Dir   Wind Spd  Wind Gust   Humidity       Temp  Raw Barom   Tot Rain
                    °        mph        mph          %         °F         in         in
12:00am           224          0          0         85       16.0      29.98      41.25
12:05am           278          0          0         85       15.9      29.98      41.25
12:10am           283          0          0         84       15.8      29.98      41.25
12:15am           246          0          0         83       15.8      29.98      41.25
12:20am           271          0          0         83       15.7      29.99      41.25
12:25am           263          0          0         83       15.5      29.99      41.25
12:30am           274          0          0         82       15.5      29.99      41.25
12:35am           254          0          0         82       15.4      30.00      41.25
12:40am           237          0          0         81       15.4      30.00      41.25
12:45am           268          0          0         81       15.4      30.00      41.25
12:50am           263          0          0         80       15.8      30.00      41.25
12:55am           273          0          0         81       15.8      30.00      41.25
1:00am            281          0          0         81       16.0      30.01      41.25
1:05am            280          0          0         81       16.1      30.01      41.25
1:10am            250          0          0         82       16.0      30.01      41.25
1:15am            248          0          0         82       15.8      30.01      41.25
1:20am            271          0          0         82       15.8      30.01      41.25
1:25am            231          0          0         82       15.8      30.01      41.25
1:30am            189          0          0         83       15.4      30.01      41.25
1:35am            257          0          0         84       15.3      30.02      41.25
1:40am            246          0          0         84       15.2      30.02      41.25
1:45am            260          0          0         84       15.4      30.02      41.25
1:50am            257          0          0         84       15.6      30.02      41.25
1:55am            245          0          0         84       15.7      30.03      41.25
2:00am            267          0          0         84       15.9      30.03      41.25
2:05am            281          0          0         83       16.2      30.03      41.25
2:10am            291          0          0         84       16.3      30.03      41.25
2:15am            243          0          0         83       16.4      30.03      41.25
2:20am            278          0          0         83       16.4      30.04      41.25
2:25am            235          0          0         83       16.4      30.04      41.25
2:30am            254          0          0         83       16.5      30.04      41.25
2:35am            274          0          0         83       16.4      30.03      41.25
2:40am            269          0          0         83       16.4      30.04      41.25
2:45am            263          0          0         83       16.4      30.04      41.25
2:50am            264          0          0         84       16.3      30.04      41.25
2:55am            269          0          0         84       16.2      30.04      41.25
3:00am            252          0          0         84       16.2      30.04      41.25
3:05am            267          0          0         84       16.2      30.04      41.25
3:10am            274          0          0         84       16.3      30.04      41.25
3:15am            274          0          0         83       16.3      30.04      41.25
3:20am            278          0          0         82       16.4      30.04      41.25
3:25am            257          0          0         82       16.4      30.05      41.25
3:30am            183          0          0         81       16.2      30.05      41.25
3:35am            276          0          0         79       16.4      30.05      41.25
3:40am            216          0          0         79       16.3      30.05      41.25
3:45am            266          0          0         78       16.4      30.05      41.25
3:50am            167          0          0         77       16.3      30.06      41.25
3:55am            283          0          0         76       16.3      30.06      41.25
4:00am            276          0          0         75       16.3      30.06      41.25
4:05am            278          0          0         75       16.2      30.05      41.25
4:10am            304          0          0         73       16.3      30.05      41.25
4:15am            273          0          0         73       16.2      30.06      41.25
4:20am            221          0          0         73       16.0      30.06      41.25
4:25am            240          0          0         76       15.5      30.06      41.25
4:30am            251          0          0         76       15.3      30.06      41.25
4:35am            259          0          0         78       14.7      30.06      41.25
4:40am            250          0          0         79       14.5      30.06      41.25
4:45am            255          0          0         79       14.4      30.06      41.25
4:50am            256          0          0         80       14.1      30.06      41.25
4:55am            245          0          0         80       14.0      30.06      41.25
5:00am            255          0          0         80       13.7      30.06      41.25
5:05am            253          0          0         80       13.4      30.06      41.25
5:10am            261          0          0         80       13.3      30.07      41.25
5:15am            218          0          0         81       13.1      30.07      41.25
5:20am            237          0          0         80       13.2      30.07      41.25
5:25am            259          0          0         78       13.6      30.07      41.25
5:30am            255          0          0         76       13.8      30.08      41.25
5:35am            260          0          0         76       13.7      30.08      41.25
5:40am            267          0          0         73       13.9      30.08      41.25
5:45am            259          0          0         74       13.7      30.08      41.25
5:50am            271          0          0         74       13.6      30.08      41.25
5:55am            269          0          0         73       13.4      30.08      41.25
6:00am            265          0          0         72       13.5      30.09      41.25
6:05am            255          0          0         72       13.4      30.09      41.25
6:10am            255          0          0         71       13.4      30.09      41.25
6:15am            280          0          0         72       13.2      30.09      41.25
6:20am            260          0          0         72       13.1      30.10      41.25
6:25am            233          0          0         72       13.0      30.10      41.25
6:30am            257          0          0         72       12.9      30.10      41.25
6:35am            283          0          0         71       13.0      30.10      41.25
6:40am            254          0          0         71       12.8      30.11      41.25
6:45am            250          0          0         71       12.6      30.10      41.25
6:50am            270          0          0         72       12.5      30.11      41.25
6:55am            254          0          0         72       12.2      30.12      41.25
7:00am            246          0          0         72       12.1      30.12      41.25
7:05am            256          0          0         73       11.9      30.12      41.25
7:10am            230          0          0         73       11.8      30.12      41.25
7:15am            271          0          0         72       11.8      30.12      41.25
7:20am            261          0          0         73       11.7      30.13      41.25
7:25am            209          0          0         73       11.6      30.13      41.25
7:30am            233          0          0         74       11.2      30.13      41.25
7:35am            266          0          0         75       11.0      30.13      41.25
7:40am            255          0          0         73       11.3      30.13      41.25
7:45am            269          0          0         73       11.2      30.13      41.25
7:50am            269          0          0         73       11.1      30.14      41.25
7:55am            271          0          0         72       11.3      30.14      41.25
8:00am            234          0          0         73       11.2      30.14      41.25
8:05am            255          0          0         72       11.3      30.14      41.25
8:10am            272          0          0         72       11.3      30.15      41.25
8:15am            274          0          0         72       11.4      30.15      41.25
8:20am            252          0          0         72       11.5      30.15      41.25
8:25am            256          0          0         70       12.0      30.15      41.25
8:30am            289          0          0         69       12.5      30.16      41.25
8:35am            273          0          0         68       12.8      30.16      41.25
8:40am            270          0          0         69       13.0      30.16      41.25
8:45am            257          0          0         68       13.2      30.16      41.25
8:50am            243          0          0         71       13.2      30.17      41.25
8:55am            271          0          0         68       13.4      30.17      41.25
9:00am            269          0          0         68       13.5      30.17      41.25
9:05am            282          0          0         67       13.6      30.18      41.25
9:10am            268          0          0         68       13.7      30.18      41.25
9:15am            274          0          0         68       13.9      30.18      41.25
9:20am            229          0          0         68       14.0      30.18      41.25
9:25am            182          0          0         68       14.2      30.19      41.25
9:30am            255          0          0         66       14.3      30.19      41.25
9:35am            231          0          0         66       14.4      30.19      41.25
9:40am            285          0          0         65       14.3      30.19      41.25
9:45am            273          0          0         65       14.4      30.19      41.25
9:50am            214          0          0         65       14.6      30.19      41.25
9:55am            282          0          0         66       14.8      30.20      41.25
10:00am           285          0          0         63       14.5      30.20      41.25
10:05am           229          0          0         63       14.5      30.20      41.25
10:10am           245          0          0         64       14.7      30.20      41.25
10:15am           279          0          0         64       14.8      30.20      41.25
10:20am           294          0          0         62       14.7      30.20      41.25
10:25am           248          0          0         65       14.9      30.19      41.25
10:30am           272          0          0         61       14.8      30.19      41.25
10:35am           280          0          0         61       14.9      30.19      41.25
10:40am           262          0          0         63       15.1      30.19      41.25
10:45am           221          0          0         63       15.3      30.19      41.25
10:50am           233          0          0         63       15.6      30.19      41.25
10:55am           240          0          0         62       15.8      30.19      41.25
11:00am           263          0          0         65       15.9      30.18      41.25
11:05am           257          0          0         65       16.2      30.18      41.25
11:10am           127          0          0         65       16.6      30.18      41.25
11:15am           252          0          0         63       16.6      30.18      41.25
11:20am           290          0          0         62       16.4      30.18      41.25
11:25am           242          0          0         63       16.4      30.18      41.25
11:30am           278          0          0         61       16.5      30.18      41.25
11:35am           217          0          0         63       16.3      30.18      41.25
11:40am           266          0          0         60       16.0      30.18      41.25
11:45am           286          0          0         61       16.1      30.18      41.25
11:50am           266          0          0         64       16.5      30.18      41.25
11:55am           296          0          0         63       16.9      30.18      41.25
12:00pm           277          0          0         64       17.2      30.18      41.25
12:05pm           284          0          0         64       17.4      30.18      41.25
12:10pm           261          0          0         61       17.5      30.18      41.25
12:15pm           276          0          0         62       17.8      30.18      41.25
12:20pm           246          0          0         60       17.8      30.18      41.25
12:25pm           247          0          0         59       18.1      30.18      41.25
12:30pm           271          0          0         60       18.4      30.17      41.25
12:35pm           276          0          0         61       19.0      30.17      41.25
12:40pm           261          0          0         58       18.7      30.17      41.25
12:45pm           269          0          0         60       18.3      30.17      41.25
12:50pm           212          0          0         61       18.1      30.17      41.25
12:55pm           232          0          0         59       17.9      30.17      41.25
12:59pm           253          0          0         59       17.6      30.17      41.25
1:05pm            289          0          0         60       18.1      30.17      41.25
1:10pm            259          0          0         60       17.9      30.17      41.25
1:15pm            303          0          0         59       17.8      30.17      41.25
1:20pm            224          0          0         62       18.3      30.17      41.25
1:25pm            284          0          0         62       18.2      30.17      41.25
1:30pm            262          0          0         62       17.8      30.17      41.25
1:35pm            293          0          0         61       16.8      30.17      41.25
1:40pm            276          0          0         61       16.6      30.17      41.25
1:45pm            198          0          0         61       16.4      30.17      41.25
1:50pm            266          0          1         62       16.5      30.17      41.25
1:55pm            289          8          8         63       16.3      30.18      41.25
2:00pm            277          6         11         61       16.7      30.18      41.25
2:05pm            259          2          9         59       16.7      30.18      41.25
2:10pm            230          2          9         62       16.9      30.18      41.25
2:15pm            252          2         10         59       17.0      30.18      41.25
2:20pm            235          1         10         61       16.5      30.18      41.25
2:25pm            263          5         10         60       16.3      30.18      41.25
2:30pm            274          0         10         61       16.2      30.18      41.25
2:35pm            285          3          9         63       16.3      30.18      41.25
2:40pm            289          1         10         59       16.1      30.18      41.25
2:45pm            267          1         10         60       15.9      30.18      41.25
2:50pm            238          0         10         62       15.8      30.18      41.25
2:55pm            274          2         10         62       15.8      30.19      41.25
2:59pm            259          0         10         61       15.8      30.19      41.25
3:05pm            290          4          8         64       15.7      30.19      41.25
3:10pm            277          0          8         61       15.7      30.19      41.25
3:15pm            243          2          8         65       15.4      30.19      41.25
3:20pm            273          5          8         66       15.1      30.20      41.25
3:25pm            265          1          8         66       14.8      30.20      41.25
3:30pm            200          0          8         67       14.5      30.20      41.25
3:35pm            226          0          2         68       14.2      30.20      41.25
3:40pm            258          0          3         69       13.9      30.20      41.25
3:45pm            278          4          5         69       13.7      30.20      41.25
3:50pm            278          0          5         70       13.5      30.20      41.25
3:55pm            207          0          5         70       13.2      30.20      41.25
3:59pm            264          0          5         71       12.9      30.21      41.25
4:05pm            276          0          3         72       12.7      30.21      41.25
4:10pm            240          0          3         73       12.4      30.21      41.25
4:15pm            245          0          3         74       12.1      30.21      41.25
4:20pm            257          0          3         75       11.8      30.21      41.25
4:25pm            220          0          3         76       11.5      30.22      41.25
4:30pm            240          0          3         76       11.2      30.22      41.25
4:35pm            233          0          0         77       10.8      30.22      41.25
4:40pm            242          0          0         78       10.6      30.22      41.25
4:45pm            245          0          0         79       10.4      30.22      41.25
4:50pm            245          0          1         79       10.3      30.23      41.25
4:55pm            245          0          1         79       10.0      30.22      41.25
5:00pm            245          0          1         80        9.8      30.23      41.25
5:05pm            245          0          0         81        9.5      30.23      41.25
5:10pm            245          0          0         81        9.2      30.23      41.25
5:15pm            245          0          0         82        8.9      30.23      41.25
5:20pm            245          0          0         82        8.6      30.24      41.25
5:25pm            245          0          0         83        8.3      30.24      41.25
5:30pm            245          0          0         84        8.2      30.24      41.25
5:35pm            245          0          0         84        8.1      30.24      41.25
5:40pm            245          0          0         85        8.0      30.24      41.25
5:45pm            245          0          0         85        8.0      30.24      41.25
5:50pm            245          0          0         85        8.0      30.24      41.25
5:55pm            245          0          0         85        7.8      30.25      41.25
6:00pm            249          0          0         86        7.8      30.25      41.25
6:05pm            248          0          0         86        7.6      30.25      41.25
6:10pm            249          0          0         86        7.3      30.25      41.25
6:15pm            249          0          0         86        7.1      30.25      41.25
6:20pm            257          0          0         86        6.9      30.26      41.25
6:25pm            261          0          0         87        7.1      30.26      41.25
6:30pm            269          0          0         86        7.1      30.26      41.25
6:35pm            271          0          1         85        7.3      30.26      41.25
6:40pm            270          0          1         84        7.2      30.27      41.25
6:45pm            278          0          1         84        7.1      30.27      41.25
6:50pm            271          0          1         84        7.0      30.27      41.25
6:55pm            274          0          1         84        7.3      30.27      41.25
7:00pm            281          0          1         83        7.2      30.27      41.25
7:05pm            257          0          1         82        7.2      30.27      41.25
7:10pm            262          0          1         81        7.0      30.27      41.25
7:15pm            263          0          1         81        6.8      30.27      41.25
7:20pm            257          0          1         81        6.8      30.27      41.25
7:25pm            271          0          1         81        6.9      30.27      41.25
7:30pm            267          0          1         80        6.9      30.27      41.25
7:35pm            262          0          0         80        6.7      30.27      41.25
7:40pm            270          0          0         80        6.7      30.27      41.25
7:45pm            259          0          1         80        6.7      30.27      41.25
7:50pm            210          0          3         79        6.9      30.27      41.25
7:55pm            224          0          4         77        7.2      30.27      41.25
8:00pm            264          1          5         77        7.4      30.27      41.25
8:05pm            264          0          1         76        7.4      30.27      41.25
8:10pm            260          0          1         77        7.2      30.28      41.25
8:15pm            243          0          1         78        7.0      30.28      41.25
8:20pm            264          0          1         78        7.0      30.28      41.25
8:25pm            224          0          1         78        6.8      30.28      41.25
8:30pm            244          0          1         78        6.7      30.28      41.25
8:35pm            259          0          0         78        6.5      30.28      41.25
8:40pm            262          0          1         79        6.4      30.28      41.25
8:45pm            252          0          2         79        6.3      30.28      41.25
8:50pm            264          0          3         77        6.6      30.28      41.25
8:55pm            236          5          5         76        7.0      30.28      41.25
8:59pm            283          4          5         75        7.3      30.28      41.25
9:05pm            274          0          4         75        7.4      30.28      41.25
9:10pm            259          0          4         75        7.3      30.29      41.25
9:15pm            269          0          4         76        7.0      30.28      41.25
9:20pm            267          0          4         76        7.0      30.28      41.25
9:25pm            268          0          4         76        7.0      30.28      41.25
9:30pm            284          1          4         75        7.1      30.28      41.25
9:35pm            262          3          4         75        7.0      30.29      41.25
9:40pm            252          0          4         75        6.8      30.29      41.25
9:45pm            232          0          4         76        6.5      30.29      41.25
9:50pm            266          0          4         76        6.3      30.29      41.25
9:55pm            228          0          4         77        6.1      30.29      41.25
9:59pm            250          0          4         78        5.9      30.30      41.25
10:05pm           226          0          3         78        5.8      30.30      41.25
10:10pm           258          0          3         78        5.7      30.30      41.25
10:15pm           260          0          3         78        5.5      30.30      41.25
10:20pm           249          0          3         78        5.3      30.30      41.25
10:25pm           257          0          3         78        5.4      30.31      41.25
10:30pm           274          0          3         78        5.1      30.31      41.25
10:35pm           232          0          0         79        5.0      30.31      41.25
10:40pm           233          0          0         79        4.7      30.31      41.25
10:45pm           233          0          0         80        4.6      30.31      41.25
10:50pm           233          0          0         80        4.4      30.31      41.25
10:55pm           259          0          0         80        4.1      30.31      41.25
10:59pm           259          0          0         81        4.1      30.31      41.25
11:05pm           255          0          0         80        4.0      30.31      41.25
11:10pm           255          0          3         81        3.9      30.31      41.25
11:15pm           277          1          3         81        4.0      30.31      41.25
11:20pm           265          0          3         81        4.0      30.31      41.25
11:25pm           258          0          3         81        3.7      30.31      41.25
11:30pm           262          0          3         81        3.7      30.31      41.25
11:35pm           264          0          3         81        3.7      30.31      41.25
11:40pm           271          0          4         81        4.0      30.30      41.25
11:45pm           272          2          4         81        4.0      30.30      41.25
11:50pm           238          1          4         80        3.9      30.30      41.25
11:55pm           275          0          4         80        3.5      30.30      41.25
