1/10/18
Time         Wind Dir   Wind Spd  Wind Gust   Humidity       Temp  Raw Barom   Tot Rain
                    °        mph        mph          %         °F         in         in
12:00am           336          0          6         70       24.0      30.29       0.01
12:05am           359          3          4         70       24.0      30.29       0.01
12:10am           276          0          4         70       24.0      30.29       0.01
12:15am           276          0          6         71       23.9      30.29       0.01
12:20am           290          2          8         71       23.9      30.29       0.01
12:25am           204          0          8         71       23.9      30.30       0.01
12:30am           260          1          8         71       23.9      30.30       0.01
12:35am            41          0          2         70       23.8      30.29       0.01
12:40am           252          0          2         71       23.7      30.29       0.01
12:45am           263          0          2         72       23.6      30.30       0.01
12:50am           254          0          5         71       23.5      30.30       0.01
12:55am           239          0          5         72       23.4      30.30       0.01
1:00am            270          0          5         72       22.9      30.31       0.01
1:05am            259          0          1         73       22.5      30.31       0.01
1:10am             46          0          1         74       22.3      30.31       0.01
1:15am             46          0          1         75       22.1      30.30       0.01
1:20am            147          0          1         75       22.1      30.31       0.01
1:25am            149          0          1         75       21.9      30.31       0.01
1:30am            153          0          1         75       21.5      30.31       0.01
1:35am            153          0          0         76       21.0      30.32       0.01
1:40am            264          0          1         77       20.9      30.32       0.01
1:45am            225          0          1         77       20.9      30.32       0.01
1:50am            228          0          2         78       20.7      30.32       0.01
1:55am            243          0          2         78       20.6      30.33       0.01
2:00am            272          0          2         78       20.4      30.33       0.01
2:05am            271          0          2         78       20.2      30.33       0.01
2:10am            117          0          3         79       20.5      30.34       0.01
2:15am             63          0          3         78       20.5      30.34       0.01
2:20am            275          0          3         78       20.2      30.34       0.01
2:25am            270          0          3         78       19.8      30.34       0.01
2:30am            184          0          3         79       19.4      30.34       0.01
2:34am            241          0          0         79       19.2      30.35       0.01
2:40am            241          0          0         80       18.9      30.35       0.01
2:45am            263          0          1         81       19.1      30.35       0.01
2:50am            235          0          1         80       19.0      30.35       0.01
2:55am            233          0          2         80       18.9      30.35       0.01
3:00am            233          0          2         80       18.5      30.35       0.01
3:05am            233          0          0         81       18.1      30.35       0.01
3:10am            233          0          0         81       17.8      30.35       0.01
3:15am            336          0          0         82       17.9      30.35       0.01
3:20am            336          0          0         82       17.7      30.35       0.01
3:25am            336          0          0         82       17.2      30.35       0.01
3:30am            336          0          0         83       17.1      30.35       0.01
3:35am            336          0          0         83       16.8      30.35       0.01
3:39am            336          0          0         83       16.4      30.35       0.01
3:45am            358          0          0         85       16.5      30.35       0.01
3:50am            293          0          0         84       16.8      30.35       0.01
3:55am            293          0          0         85       16.7      30.35       0.01
4:00am            321          0          0         85       17.0      30.35       0.01
4:05am            285          0          0         84       16.8      30.35       0.01
4:10am            276          0          0         84       16.1      30.35       0.01
4:15am            279          0          0         84       15.6      30.35       0.01
4:20am            279          0          0         85       15.3      30.35       0.01
4:24am            279          0          0         86       14.9      30.35       0.01
4:30am            279          0          0         87       14.8      30.36       0.01
4:35am            279          0          0         87       14.6      30.36       0.01
4:40am            279          0          0         87       14.5      30.36       0.01
4:45am            279          0          0         88       14.4      30.37       0.01
4:50am            297          0          0         89       14.7      30.37       0.01
4:55am            290          0          1         89       14.7      30.37       0.01
5:00am            294          0          1         88       14.5      30.37       0.01
5:05am            294          0          0         88       14.7      30.36       0.01
5:10am            294          0          0         87       14.4      30.36       0.01
5:15am            278          0          1         88       13.7      30.36       0.01
5:20am            330          0          1         89       13.7      30.36       0.01
5:25am            278          0          1         89       13.9      30.36       0.01
5:29am            293          0          1         89       13.9      30.36       0.01
5:35am            292          0          0         88       13.6      30.36       0.01
5:40am            294          0          0         88       12.9      30.36       0.01
5:45am            276          0          1         89       12.6      30.37       0.01
5:50am            278          0          1         90       13.0      30.37       0.01
5:55am            278          0          1         89       13.0      30.37       0.01
6:00am            278          0          1         89       12.8      30.36       0.01
6:05am            278          0          0         90       12.8      30.37       0.01
6:10am            278          0          0         89       12.5      30.37       0.01
6:15am            279          0          1         90       12.5      30.36       0.01
6:20am            281          0          1         89       12.4      30.37       0.01
6:25am            276          0          1         89       11.7      30.37       0.01
6:30am            307          0          1         90       11.5      30.37       0.01
6:35am            288          0          0         90       11.7      30.37       0.01
6:40am            288          0          0         89       11.1      30.37       0.01
6:45am            288          0          0         91       11.2      30.37       0.01
6:50am            288          0          0         90       11.1      30.37       0.01
6:55am            282          0          0         90       11.0      30.37       0.01
7:00am            300          0          1         91       11.1      30.38       0.01
7:05am            278          0          1         91       11.1      30.38       0.01
7:10am            278          0          1         90       10.9      30.37       0.01
7:15am            278          0          1         89       10.1      30.37       0.01
7:20am            266          0          1         89        9.4      30.38       0.01
7:25am            264          0          1         89        8.9      30.38       0.01
7:30am            272          0          1         90        8.8      30.38       0.01
7:35am            277          0          0         91        9.1      30.37       0.01
7:40am            278          0          0         91        9.4      30.38       0.01
7:45am            277          0          0         91        9.6      30.38       0.01
7:50am            277          0          0         91        9.6      30.38       0.01
7:55am            277          0          0         91       10.0      30.38       0.01
8:00am            278          0          0         90        9.8      30.38       0.01
8:05am            259          0          0         91        9.8      30.38       0.01
8:10am            250          0          0         90        9.7      30.39       0.01
8:15am            250          0          0         91        9.9      30.39       0.01
8:20am            250          0          0         91       10.0      30.40       0.01
8:25am            250          0          0         91       10.3      30.40       0.01
8:30am            250          0          0         92       11.7      30.40       0.01
8:35am            250          0          0         92       13.3      30.40       0.01
8:40am            271          0          0         92       14.7      30.41       0.01
8:45am            274          0          0         88       14.7      30.41       0.01
8:50am            283          0          0         89       14.8      30.41       0.01
8:55am            266          0          1         88       15.3      30.41       0.01
9:00am            274          0          1         87       15.4      30.41       0.01
9:05am            266          0          1         86       15.7      30.41       0.01
9:10am            253          0          1         86       16.2      30.42       0.01
9:15am            269          0          1         85       16.7      30.42       0.01
9:20am            274          0          2         85       17.3      30.42       0.01
9:25am            286          0          2         84       18.0      30.43       0.01
9:30am            288          0          2         83       18.8      30.43       0.01
9:35am            257          0          2         82       19.6      30.42       0.01
9:40am            271          0          2         80       20.3      30.42       0.01
9:45am            268          1          2         79       21.1      30.42       0.01
9:50am            270          0          2         78       21.8      30.42       0.01
9:55am            275          0          2         76       22.3      30.42       0.01
10:00am           284          0          3         75       22.3      30.43       0.01
10:05am           291          1          2         76       22.8      30.42       0.01
10:10am           277          0          3         73       23.2      30.42       0.01
10:15am           269          1          3         73       23.5      30.43       0.01
10:20am           260          0          3         73       24.0      30.42       0.01
10:25am           267          0          3         71       24.5      30.41       0.01
10:30am           265          0          3         70       24.7      30.41       0.01
10:35am           268          1          2         70       25.0      30.41       0.01
10:40am           275          0          2         69       25.5      30.41       0.01
10:45am           264          0          2         69       25.9      30.41       0.01
10:50am           154          0          2         68       26.8      30.40       0.01
10:55am           146          0          2         67       27.0      30.40       0.01
11:00am           255          1          2         67       27.3      30.40       0.01
11:05am           275          1          3         64       27.8      30.40       0.01
11:10am           259          1          3         63       28.2      30.40       0.01
11:15am           283          1          3         62       28.2      30.40       0.01
11:20am           308          0          4         63       28.3      30.40       0.01
11:25am           259          0          4         62       28.7      30.39       0.01
11:30am           176          0          4         62       29.7      30.39       0.01
11:35am           139          0          1         59       30.6      30.39       0.01
11:40am           134          0          1         58       31.4      30.39       0.01
11:45am           134          0          1         55       33.2      30.38       0.01
11:50am           265          0          1         52       33.9      30.38       0.01
11:55am           135          0          1         52       33.5      30.38       0.01
12:00pm            80          2          2         53       32.8      30.38       0.01
12:05pm            94          1          2         54       31.9      30.38       0.01
12:10pm            99          0          2         54       31.6      30.37       0.01
12:15pm           110          1          2         53       31.7      30.37       0.01
12:20pm           119          0          2         54       32.3      30.37       0.01
12:25pm           118          0          2         52       33.0      30.36       0.01
12:30pm           123          0          2         52       33.2      30.36       0.01
12:35pm           104          0          2         51       33.5      30.36       0.01
12:40pm            89          3          3         52       33.3      30.35       0.01
12:45pm            99          2          3         51       33.2      30.35       0.01
12:50pm            70          2          4         50       33.3      30.35       0.01
12:55pm            87          2          4         52       33.0      30.35       0.01
1:00pm             61          2          4         51       33.2      30.35       0.01
1:05pm             94          2          3         50       33.5      30.34       0.01
1:10pm             93          2          3         51       33.9      30.34       0.01
1:15pm             75          2          4         49       34.2      30.34       0.01
1:20pm             72          1          4         49       34.6      30.34       0.01
1:25pm             77          3          4         48       34.9      30.33       0.01
1:30pm             94          3          6         47       35.0      30.33       0.01
1:35pm             91          3          4         46       35.3      30.33       0.01
1:40pm            114          0          4         46       35.4      30.32       0.01
1:45pm             84          2          4         46       36.1      30.32       0.01
1:50pm             79          2          4         46       35.8      30.32       0.01
1:55pm             98          0          4         45       36.1      30.31       0.01
2:00pm             93          0          4         44       36.6      30.31       0.02
2:05pm             80          1          2         46       36.4      30.31       0.02
2:10pm             91          2          3         45       36.3      30.31       0.02
2:15pm             90          1          5         46       36.0      30.31       0.02
2:20pm            112          2          5         42       36.2      30.31       0.02
2:25pm            193          1          5         40       37.0      30.32       0.02
2:30pm            190          0          5         39       37.8      30.32       0.02
2:35pm            167          0          1         39       38.6      30.31       0.02
2:40pm            136          0          4         38       38.1      30.32       0.02
2:45pm            225          5          7         39       37.3      30.32       0.02
2:50pm            160          3          7         41       36.9      30.32       0.02
2:55pm            208          1          7         42       36.6      30.31       0.02
3:00pm            114          2          7         43       36.4      30.31       0.02
3:05pm            210          1          5         43       36.3      30.31       0.02
3:10pm            115          1          5         43       36.0      30.30       0.02
3:15pm            221          2          5         43       35.9      30.30       0.02
3:20pm            264          2          6         42       36.0      30.31       0.02
3:25pm            205          4          6         42       36.0      30.31       0.02
3:30pm            108          0          6         42       36.3      30.31       0.02
3:35pm            260          0          6         41       36.5      30.32       0.02
3:40pm            247          0          6         41       36.7      30.32       0.02
3:45pm            166          0          6         43       36.4      30.33       0.02
3:50pm            250          1          6         46       35.3      30.33       0.02
3:55pm            280          0          6         42       34.4      30.33       0.02
4:00pm            262          0          6         44       33.9      30.32       0.02
4:05pm            279          0          1         44       33.5      30.32       0.02
4:10pm            297          0          2         45       33.3      30.32       0.02
4:15pm            259          0          2         47       32.9      30.33       0.02
4:20pm            245          0          2         50       32.1      30.33       0.02
4:25pm            233          0          2         53       31.1      30.33       0.02
4:30pm            232          0          2         55       30.2      30.33       0.02
4:35pm            232          0          1         55       29.7      30.33       0.02
4:40pm            235          0          1         59       29.7      30.34       0.02
4:45pm            248          0          2         57       29.2      30.33       0.02
4:50pm            248          0          2         59       28.8      30.33       0.02
4:55pm            238          0          2         57       29.0      30.33       0.02
5:00pm            249          0          2         57       28.8      30.34       0.02
5:05pm            249          0          1         55       28.9      30.34       0.02
5:10pm            249          0          1         59       28.6      30.34       0.02
5:15pm            249          0          1         62       27.6      30.34       0.02
5:20pm            249          0          1         61       27.1      30.34       0.02
5:25pm            238          0          1         60       27.1      30.34       0.02
5:30pm            224          0          1         61       26.9      30.33       0.02
5:35pm            212          0          0         63       26.5      30.33       0.02
5:40pm            212          0          0         66       26.1      30.33       0.02
5:45pm            197          0          0         67       25.1      30.34       0.02
5:50pm            197          0          0         70       23.8      30.34       0.02
5:55pm            166          0          0         72       23.7      30.34       0.02
6:00pm            127          0          1         72       23.8      30.34       0.02
6:05pm            228          0          1         71       24.5      30.34       0.02
6:10pm            221          0          1         71       24.6      30.34       0.02
6:15pm            221          0          1         70       24.9      30.34       0.02
6:20pm            221          0          1         70       24.8      30.34       0.02
6:25pm            189          0          1         71       24.5      30.34       0.02
6:30pm            189          0          1         71       24.8      30.34       0.02
6:35pm            189          0          0         72       25.0      30.34       0.02
6:40pm            189          0          0         72       25.0      30.34       0.02
6:45pm            262          0          1         72       25.4      30.34       0.02
6:50pm            262          0          1         72       25.6      30.33       0.02
6:55pm            261          0          1         73       25.3      30.33       0.02
7:00pm            261          0          1         71       25.3      30.33       0.02
7:05pm            261          0          0         70       25.4      30.32       0.02
7:10pm            261          0          1         72       25.5      30.32       0.02
7:15pm            261          0          1         72       25.9      30.32       0.02
7:20pm            261          0          1         73       25.4      30.32       0.02
7:25pm            263          0          1         74       25.4      30.32       0.02
7:30pm            203          0          1         74       24.9      30.31       0.02
7:35pm            203          0          0         76       24.9      30.32       0.02
7:40pm            141          0          1         75       25.1      30.30       0.02
7:45pm            323          0          1         76       24.7      30.29       0.02
7:50pm            280          0          1         74       25.7      30.30       0.02
7:55pm            262          1          2         74       26.2      30.30       0.02
8:00pm            259          0          2         73       26.5      30.31       0.02
8:05pm            283          2          5         70       27.2      30.30       0.02
8:10pm            276          3          8         68       28.1      30.31       0.02
8:15pm            245          0          8         66       28.7      30.30       0.02
8:20pm            199          1          8         65       28.9      30.28       0.02
8:25pm            279          0          8         65       29.0      30.28       0.02
8:30pm            262          1          8         66       29.0      30.29       0.02
8:35pm            293          2          3         66       28.9      30.30       0.02
8:40pm            257          1          3         66       28.9      30.29       0.02
8:45pm            276          2          3         66       29.1      30.30       0.02
8:50pm            264          4          4         66       29.1      30.31       0.02
8:55pm            278          2          7         66       29.2      30.31       0.02
9:00pm            293          4          8         66       29.3      30.31       0.02
9:05pm            230          2          5         66       29.3      30.30       0.02
9:10pm             86          0          6         66       29.3      30.29       0.02
9:15pm            262          1          8         66       29.3      30.30       0.02
9:20pm             35          0          8         66       29.4      30.30       0.02
9:25pm            345          0          8         67       29.3      30.30       0.02
9:30pm            264          1          8         67       29.4      30.31       0.02
9:35pm            255          1          5         67       29.3      30.31       0.02
9:40pm            346          1          7         68       29.3      30.31       0.02
9:45pm            292          0          7         68       29.3      30.31       0.02
9:50pm            313          2          7         67       29.3      30.30       0.02
9:55pm            257          1          7         67       29.4      30.30       0.02
10:00pm           266          1          7         68       29.3      30.30       0.02
10:05pm           269          2          4         68       29.3      30.30       0.02
10:10pm           279          5          5         68       29.3      30.30       0.02
10:15pm           278          0          5         70       29.4      30.30       0.02
10:20pm           261          1          5         69       29.3      30.30       0.02
10:25pm           264          0          7         69       29.5      30.30       0.02
10:30pm           205          0          7         69       29.5      30.30       0.02
10:35pm           269          0          4         69       29.6      30.29       0.02
10:40pm           309          2          4         70       29.5      30.30       0.02
10:45pm           255          0          5         70       29.6      30.30       0.02
10:50pm           195          6          6         70       29.6      30.29       0.02
10:55pm           291          1          6         70       29.8      30.29       0.02
11:00pm           259          0          6         70       29.8      30.28       0.02
11:05pm           276          3          6         70       29.9      30.28       0.02
11:10pm           309          0          6         71       30.0      30.28       0.02
11:15pm           293          3          6         71       30.0      30.29       0.02
11:20pm           279          1          6         71       30.1      30.28       0.02
11:25pm           264          1          6         70       30.2      30.28       0.02
11:30pm           283          0          9         71       30.3      30.28       0.02
11:35pm           304          3          3         71       30.2      30.28       0.02
11:40pm           274          4          5         71       30.4      30.27       0.02
11:45pm           335          2         11         71       30.6      30.27       0.02
11:50pm           270          2         11         72       30.8      30.26       0.02
11:55pm           248          4         11         71       31.0      30.26       0.02
