3/14/18
Time         Wind Dir   Wind Spd  Wind Gust   Humidity       Temp  Raw Barom   Tot Rain
                    °        mph        mph          %         °F         in         in
12:00am           270          0          0         95       26.7      29.43       5.12
12:30am           270          0          0         95       26.7      29.42       5.12
1:00am            270          0          0         95       26.7      29.41       5.12
1:30am            270          0          0         95       26.6      29.40       5.12
2:00am            270          0          0         95       26.5      29.39       5.12
2:30am            270          0          0         95       26.3      29.39       5.12
3:00am            270          0          0         95       26.2      29.37       5.12
3:30am            270          0          0         95       26.2      29.36       5.12
4:00am            270          0          0         95       26.2      29.35       5.12
4:30am            270          0          0         95       26.2      29.34       5.12
5:00am            270          0          0         95       26.2      29.33       5.12
5:30am            270          0          0         95       26.1      29.33       5.12
6:00am            270          0          0         95       25.9      29.32       5.12
6:30am            270          0          0         95       25.9      29.32       5.12
7:00am            270          0          0         95       25.9      29.31       5.12
7:30am            270          0          0         95       25.9      29.30       5.12
8:00am            270          0          0         95       26.0      29.30       5.12
8:30am            270          0          0         95       26.2      29.30       5.12
9:00am            270          0          0         95       26.5      29.29       5.12
9:30am            270          0          0         94       27.1      29.29       5.12
10:05am           288          0          0         94       28.0      29.28       5.12
10:09am           278          0          0         93       28.1      29.29       5.12
10:14am           303          0          0         93       28.3      29.28       5.12
10:19am           257          0          0         93       28.5      29.28       5.12
10:24am           248          0          0         93       28.7      29.28       5.12
10:29am           252          0          0         93       28.9      29.28       5.12
10:34am           251          0          0         93       29.2      29.28       5.12
10:39am           261          0          0         93       29.5      29.28       5.12
10:44am           246          0          0         92       29.6      29.28       5.12
10:49am           225          0          0         92       29.9      29.28       5.12
10:54am           247          0          0         92       30.0      29.28       5.12
11:00am           275          0          0         92       30.1      29.28       5.12
11:04am           293          0          0         91       29.9      29.27       5.12
11:10am           276          0          0         92       29.6      29.28       5.12
11:14am           282          0          0         92       29.7      29.27       5.12
11:20am           283          0          0         92       29.5      29.27       5.12
11:25am           283          0          0         93       29.6      29.28       5.12
11:30am           256          0          0         92       29.9      29.27       5.12
11:34am           256          0          0         92       30.1      29.27       5.12
11:39am           269          0          0         92       30.3      29.28       5.12
11:45am           292          0          0         92       30.4      29.27       5.12
11:50am           277          0          0         92       30.5      29.27       5.12
11:54am           266          0          0         92       30.4      29.27       5.12
12:00pm           274          0          0         93       30.7      29.27       5.12
12:05pm           269          0          0         92       30.8      29.27       5.12
12:10pm           330          0          0         92       30.4      29.27       5.12
12:14pm           307          0          0         93       30.6      29.27       5.12
12:20pm           251          0          0         92       30.7      29.27       5.12
12:24pm           269          0          0         93       30.6      29.27       5.12
12:29pm           321          0          0         93       30.7      29.27       5.12
12:35pm           285          2          9         93       30.7      29.27       5.12
12:40pm           234          4          9         92       30.6      29.27       5.12
12:45pm           274          4          9         93       30.6      29.27       5.12
12:50pm           288          3          9         93       30.6      29.27       5.12
12:54pm           275          1          9         93       30.4      29.27       5.12
1:00pm            276          4          9         93       30.4      29.27       5.12
1:04pm            262          3          9         93       30.2      29.27       5.12
1:09pm            254          7          9         93       30.4      29.27       5.12
1:14pm            259          3         10         93       30.4      29.27       5.12
1:19pm            283         11         12         94       30.8      29.27       5.12
1:24pm            297          5         12         93       30.8      29.26       5.12
1:29pm            330          7         12         93       30.9      29.27       5.12
1:34pm            261          4         13         93       30.8      29.26       5.12
1:39pm            226          7         13         93       30.7      29.26       5.12
1:44pm            267          1         13         93       30.9      29.26       5.12
1:49pm            229          3         13         93       30.9      29.26       5.12
1:54pm            279          6         13         93       30.8      29.26       5.12
2:00pm            292          3         13         94       30.9      29.26       5.12
2:04pm            293          7          9         93       31.1      29.26       5.12
2:09pm            224          3         11         93       31.2      29.26       5.12
2:14pm            261          4         11         93       31.5      29.26       5.12
2:19pm            252          1         11         94       31.8      29.26       5.12
2:25pm            314          6         14         93       31.7      29.26       5.12
2:29pm            236          4         14         93       31.6      29.26       5.12
2:34pm            264          4         10         92       31.5      29.25       5.12
2:39pm            278          4         10         93       31.4      29.26       5.13
2:44pm            252          3         10         93       31.6      29.25       5.13
2:49pm            274          7         11         93       31.6      29.26       5.13
2:54pm            269          4         11         93       31.6      29.26       5.13
3:00pm            265          5         11         93       31.6      29.26       5.13
3:04pm            281          4         10         92       31.6      29.26       5.13
3:10pm            249          6         11         93       31.4      29.26       5.13
3:15pm            284         10         14         93       31.3      29.26       5.13
3:19pm            261          5         14         93       31.2      29.26       5.13
3:24pm            288          3         14         93       31.1      29.26       5.13
3:30pm            266          6         14         93       31.1      29.26       5.13
3:34pm            225          4         13         93       31.1      29.26       5.13
3:40pm            285          5         13         93       31.0      29.26       5.13
3:44pm            276          2         13         93       31.1      29.26       5.13
3:49pm            325          5         13         93       31.1      29.25       5.13
3:54pm            274          2         13         93       31.2      29.26       5.14
4:00pm            281          5         13         93       31.2      29.26       5.14
4:04pm            270          2          9         93       31.2      29.26       5.14
4:09pm            282          5          9         93       31.3      29.25       5.14
4:14pm            284          5         10         93       31.2      29.26       5.14
4:19pm            265          1         13         93       31.0      29.25       5.14
4:25pm            278          6         13         93       30.9      29.26       5.14
4:29pm            271          4         13         93       30.8      29.26       5.14
4:34pm            195          2         14         93       30.6      29.26       5.14
4:39pm            293          6         14         93       30.4      29.26       5.14
4:44pm            273          3         14         94       30.3      29.26       5.14
4:49pm            270          8         14         94       30.3      29.26       5.14
4:54pm            271          3         14         94       30.1      29.26       5.14
5:00pm            285          3         14         94       30.0      29.27       5.14
5:04pm            281          5          7         95       30.0      29.26       5.14
5:09pm            294          2          7         95       30.0      29.27       5.14
5:15pm            240          1          7         95       30.1      29.27       5.14
5:19pm            231          6         10         95       30.0      29.26       5.14
5:24pm            278          3         10         95       29.6      29.27       5.14
5:29pm            255          3         10         95       29.6      29.27       5.14
5:35pm            288          4          8         95       29.6      29.27       5.14
5:39pm            287          2          8         95       29.6      29.27       5.14
5:45pm            262          6          8         95       29.7      29.27       5.14
5:49pm            267          3          8         95       29.7      29.27       5.14
5:54pm            260          4          8         95       29.6      29.27       5.14
6:00pm            267          3          8         95       29.5      29.27       5.14
6:05pm            253          1          5         95       29.5      29.27       5.14
6:09pm            257          1          5         95       29.5      29.27       5.14
6:15pm            279          2          5         95       29.5      29.27       5.14
6:19pm            271          2          5         95       29.6      29.27       5.14
6:24pm            283          1          5         95       29.5      29.27       5.14
6:30pm            282          2          5         95       29.4      29.27       5.14
6:34pm            283          1          3         95       29.4      29.27       5.14
6:40pm            274          2          4         95       29.4      29.27       5.14
6:45pm            267          1          4         95       29.3      29.27       5.14
6:50pm            259          1          4         95       29.3      29.27       5.14
6:54pm            286          1          4         95       29.2      29.27       5.14
7:00pm            252          1          4         95       29.2      29.27       5.14
7:04pm            283          2          4         95       29.1      29.27       5.14
7:09pm            248          0          4         95       29.0      29.28       5.14
7:15pm            264          2          4         95       29.0      29.28       5.14
7:20pm            276          0          4         95       29.0      29.28       5.14
7:25pm            261          2          4         96       29.0      29.28       5.14
7:29pm            261          0          4         96       29.0      29.28       5.14
7:35pm            265          1          2         96       29.0      29.28       5.14
7:40pm            262          0          2         96       29.0      29.28       5.14
7:45pm            276          0          2         96       29.0      29.28       5.14
7:50pm            281          2          2         96       29.0      29.28       5.14
7:55pm            285          2          3         96       28.9      29.28       5.14
8:00pm            262          2          3         96       28.9      29.28       5.14
8:04pm            273          0          4         96       28.9      29.28       5.14
8:10pm            273          0          4         96       28.9      29.29       5.14
8:14pm            275          0          4         96       28.9      29.29       5.14
8:20pm            273          1          4         96       28.8      29.28       5.14
8:25pm            264          0          4         96       28.8      29.29       5.14
8:30pm            272          0          4         96       28.8      29.29       5.14
8:35pm            265          0          3         96       28.8      29.29       5.14
8:40pm            276          1          3         96       28.8      29.29       5.14
8:45pm            283          1          3         96       28.7      29.29       5.14
8:50pm            276          1          3         96       28.7      29.29       5.14
8:55pm            266          1          3         96       28.6      29.29       5.14
9:00pm            270          2          3         96       28.6      29.29       5.14
9:05pm            259          2          4         96       28.6      29.29       5.14
9:09pm            279          1          4         96       28.6      29.29       5.14
9:14pm            268          0          5         96       28.6      29.29       5.14
9:19pm            280          2          5         96       28.6      29.29       5.14
9:25pm            274          1          5         96       28.5      29.29       5.14
9:30pm            283          1          5         96       28.5      29.29       5.14
9:35pm            285          1          3         96       28.6      29.29       5.14
9:40pm            268          1          3         96       28.6      29.29       5.14
9:45pm            259          2          6         96       28.5      29.29       5.14
9:49pm            293          2          6         96       28.4      29.29       5.14
9:55pm            291          5          6         96       28.4      29.29       5.14
10:00pm           290          4          6         96       28.4      29.29       5.14
10:05pm           285          4          7         96       28.4      29.29       5.14
10:10pm           279          1          7         96       28.4      29.29       5.14
10:15pm           245          0          7         96       28.3      29.29       5.14
10:20pm           274          1          7         96       28.3      29.29       5.14
10:25pm           292          0          7         96       28.2      29.29       5.14
10:30pm           290          1          7         96       28.2      29.29       5.14
10:35pm           262          0          3         96       28.2      29.28       5.14
10:40pm           248          3          4         96       28.2      29.28       5.14
10:45pm           278          3          4         96       28.2      29.28       5.14
10:49pm           256          1          4         96       28.1      29.29       5.14
10:54pm           281          1          4         96       28.1      29.29       5.14
11:00pm           287          1          4         96       28.1      29.29       5.14
11:05pm           276          2          4         96       28.1      29.29       5.14
11:09pm           252          1          4         96       28.1      29.28       5.14
11:15pm           283          1          4         96       28.1      29.28       5.14
11:20pm           281          2          4         96       28.1      29.28       5.14
11:25pm           285          1          4         96       28.1      29.28       5.14
11:30pm           292          1          4         96       28.1      29.28       5.14
11:35pm           259          1          4         96       28.0      29.28       5.14
11:40pm           274          3          4         96       28.0      29.28       5.14
11:45pm           274          2          5         96       28.0      29.28       5.14
11:50pm           275          2          5         96       28.0      29.28       5.14
11:55pm           261          1          5         96       28.0      29.28       5.14
