3/25/18
Time         Wind Dir   Wind Spd  Wind Gust   Humidity       Temp  Raw Barom   Tot Rain
                    °        mph        mph          %         °F         in         in
12:00am           271          0          3         67       29.0      30.15       5.14
12:05am           270          1          1         67       28.9      30.15       5.14
12:10am           100          0          2         67       29.0      30.15       5.14
12:15am           102          0          2         67       28.9      30.15       5.14
12:20am           261          0          2         67       28.9      30.15       5.14
12:25am           292          0          2         67       28.8      30.16       5.14
12:30am            46          0          2         66       28.8      30.16       5.14
12:35am            46          0          0         68       28.6      30.16       5.14
12:40am            46          0          0         68       28.4      30.16       5.14
12:45am           116          0          1         67       28.4      30.16       5.14
12:50am            86          0          1         67       28.3      30.17       5.14
12:55am            86          0          1         68       28.2      30.17       5.14
1:00am             86          0          1         69       28.2      30.17       5.14
1:05am             75          1          2         68       28.1      30.17       5.14
1:10am             13          0          2         68       28.2      30.18       5.14
1:15am             66          0          2         68       28.1      30.18       5.14
1:20am            101          0          2         69       28.1      30.18       5.14
1:25am             49          2          2         70       28.0      30.18       5.14
1:30am            266          0          2         71       27.8      30.18       5.14
1:35am            357          2          2         73       27.6      30.19       5.14
1:40am             93          0          2         75       27.2      30.19       5.14
1:45am            176          0          2         77       27.0      30.19       5.14
1:50am            165          0          2         78       26.8      30.19       5.14
1:55am            263          0          2         79       26.7      30.19       5.14
2:00am            273          0          2         80       26.6      30.19       5.14
2:05am            124          0          0         81       26.5      30.20       5.14
2:10am            222          0          1         82       26.4      30.20       5.14
2:15am            270          0          1         83       26.4      30.20       5.14
2:20am            281          1          1         83       26.4      30.20       5.14
2:25am            234          0          1         83       26.3      30.20       5.14
2:30am            283          0          2         84       26.2      30.20       5.14
2:35am            285          1          1         84       26.2      30.20       5.14
2:40am            242          0          2         85       26.2      30.20       5.14
2:45am            242          0          2         85       26.1      30.21       5.14
2:50am            276          0          2         85       26.1      30.20       5.14
2:55am            267          0          2         86       26.0      30.21       5.14
3:00am            262          0          2         86       26.0      30.21       5.14
3:05am            257          0          0         86       25.9      30.21       5.14
3:10am            256          0          0         86       26.0      30.21       5.14
3:15am            256          0          0         87       25.9      30.21       5.14
3:20am            193          0          0         87       26.0      30.21       5.14
3:25am            167          0          0         87       26.0      30.22       5.14
3:30am             91          0          1         87       26.1      30.22       5.14
3:35am             86          1          1         87       26.2      30.22       5.14
3:40am             56          0          4         87       26.2      30.22       5.14
3:45am             87          0          4         87       26.3      30.22       5.14
3:50am             41          0          4         86       26.3      30.22       5.14
3:55am             72          0          4         86       26.3      30.22       5.14
4:00am             98          0          4         86       26.3      30.23       5.14
4:05am            103          0          1         86       26.3      30.23       5.14
4:10am            110          0          1         87       26.3      30.23       5.14
4:15am             97          0          1         87       26.3      30.23       5.14
4:20am            106          0          1         87       26.3      30.23       5.14
4:25am             96          0          4         87       26.4      30.24       5.14
4:30am            103          1          4         87       26.3      30.24       5.14
4:35am            115          0          2         87       26.3      30.24       5.14
4:40am             84          0          2         87       26.3      30.24       5.14
4:45am            108          0          2         87       26.3      30.24       5.14
4:50am            108          0          2         87       26.3      30.25       5.14
4:55am             96          0          2         87       26.4      30.25       5.14
5:00am            103          0          2         87       26.5      30.25       5.14
5:05am            103          0          1         87       26.5      30.25       5.14
5:10am            103          0          1         87       26.6      30.25       5.14
5:15am            324          0          1         87       26.6      30.25       5.14
5:20am            354          0          1         87       26.6      30.26       5.14
5:25am            354          0          1         87       26.7      30.26       5.14
5:30am            354          0          1         87       26.6      30.26       5.14
5:35am            288          0          0         87       26.6      30.26       5.14
5:40am            288          0          0         87       26.6      30.27       5.14
5:45am            288          0          0         87       26.5      30.27       5.14
5:50am            288          0          1         87       26.5      30.27       5.14
5:55am            288          0          1         87       26.5      30.28       5.14
6:00am            288          0          1         87       26.6      30.28       5.14
6:05am            278          0          1         87       26.6      30.28       5.14
6:10am            278          0          1         87       26.7      30.28       5.14
6:15am            274          0          1         87       26.7      30.29       5.14
6:20am            274          0          1         87       26.7      30.29       5.14
6:25am            274          0          1         87       26.7      30.29       5.14
6:30am            274          0          1         88       26.7      30.29       5.14
6:35am             94          1          3         88       26.8      30.29       5.14
6:40am            356          0          3         88       27.1      30.30       5.14
6:45am            108          1          4         87       27.5      30.30       5.14
6:50am             98          4          5         86       27.8      30.30       5.14
6:55am             77          3          8         85       28.2      30.31       5.14
7:00am             82          5          8         84       28.5      30.31       5.14
7:05am             77          5          7         83       28.5      30.31       5.14
7:10am            105          5         10         83       28.5      30.31       5.14
7:15am             96          8         13         82       28.7      30.32       5.14
7:20am             79         11         13         81       28.8      30.32       5.14
7:25am             92          4         18         81       28.8      30.33       5.14
7:30am            106          6         18         80       28.8      30.33       5.14
7:35am             92          5         17         80       28.8      30.33       5.14
7:40am             89         10         17         79       28.8      30.34       5.14
7:45am             92         12         18         78       28.7      30.34       5.14
7:50am             77         10         18         77       28.8      30.35       5.14
7:55am             53          8         18         75       29.4      30.35       5.14
8:00am            103          9         18         73       29.3      30.35       5.14
8:05am             96          8         17         72       29.5      30.36       5.14
8:10am             84         14         17         70       30.1      30.36       5.14
8:15am             86         13         17         70       30.0      30.36       5.14
8:20am             75         14         18         69       30.2      30.36       5.14
8:25am             81         11         18         70       30.5      30.37       5.14
8:30am             88         17         18         67       31.3      30.37       5.14
8:35am             91          6         18         67       31.3      30.37       5.14
8:40am             74          7         18         66       31.3      30.37       5.14
8:45am             91         13         18         66       31.6      30.37       5.14
8:50am             79         12         18         65       31.8      30.37       5.14
8:55am             76          7         19         64       31.6      30.37       5.14
9:00am             76         10         19         62       31.8      30.38       5.14
9:05am             97         16         20         61       31.9      30.38       5.14
9:10am            100          7         20         62       31.6      30.38       5.14
9:15am             75          8         20         60       31.4      30.38       5.14
9:20am             94         13         20         59       31.4      30.38       5.14
9:25am             92         17         20         59       31.3      30.39       5.14
9:30am             79         11         24         58       31.3      30.39       5.14
9:35am             76         16         19         60       31.3      30.39       5.14
9:40am             75         14         20         57       31.2      30.39       5.14
9:45am             69         11         21         57       31.1      30.39       5.14
9:49am            100         10         21         58       31.1      30.40       5.14
9:55am             98          5         21         58       31.4      30.40       5.14
10:00am            64          7         21         57       31.4      30.40       5.14
10:04am            72          6         16         58       31.8      30.40       5.14
10:09am            84          8         16         57       31.8      30.40       5.14
10:15am            71          9         16         56       31.8      30.41       5.14
10:20am            76         12         16         56       32.1      30.41       5.14
10:25am            72         10         16         55       32.0      30.41       5.14
10:30am            82          8         16         55       32.0      30.41       5.14
10:35am            58          8         19         53       31.9      30.41       5.14
10:40am            79          7         19         54       31.9      30.41       5.14
10:45am            61          8         19         54       32.0      30.41       5.14
10:50am            96          6         19         54       32.0      30.41       5.14
10:55am            78         10         19         54       32.3      30.41       5.14
11:00am            68         12         19         52       32.2      30.41       5.14
11:05am            71          5         14         53       32.3      30.41       5.14
11:10am           100         13         16         51       32.5      30.41       5.14
11:15am           101          8         16         51       32.6      30.41       5.14
11:20am            77          9         16         52       32.8      30.42       5.14
11:25am            76         12         16         52       32.9      30.41       5.14
11:30am            76         10         16         53       33.1      30.41       5.14
11:34am           102          2         16         50       32.9      30.42       5.14
11:39am            70         12         16         51       33.3      30.42       5.14
11:44am            79          9         16         52       33.6      30.42       5.14
11:50am           112          4         16         50       33.8      30.42       5.14
11:54am            97          6         16         50       34.1      30.42       5.14
12:00pm            68          4         16         49       34.4      30.42       5.14
12:05pm           101          7         14         48       34.0      30.42       5.14
12:10pm            98          8         14         48       34.3      30.42       5.14
12:15pm            94         11         17         47       34.6      30.42       5.14
12:20pm            88          5         17         50       34.9      30.42       5.14
12:24pm           103          3         17         47       35.1      30.42       5.14
12:30pm            92          2         17         46       35.3      30.42       5.14
12:35pm            76          7         10         47       35.7      30.42       5.14
12:40pm            76          6         13         48       35.6      30.43       5.14
12:45pm            99          2         13         48       36.0      30.42       5.14
12:50pm            92          4         13         48       35.9      30.42       5.14
12:55pm            80          5         13         47       36.0      30.42       5.14
1:00pm             89          7         13         46       36.0      30.42       5.14
1:05pm             77          4         13         50       35.9      30.42       5.14
1:10pm             84          2         13         46       36.3      30.42       5.14
1:15pm             58          8         13         45       36.7      30.42       5.14
1:20pm             70          3         13         46       36.7      30.42       5.14
1:25pm             93          6         14         44       36.5      30.42       5.14
1:30pm            115          4         14         44       36.4      30.42       5.14
1:35pm             79          5          9         47       36.7      30.42       5.14
1:40pm             56          1         11         44       36.9      30.42       5.14
1:45pm             70          6         11         43       36.9      30.42       5.14
1:50pm             98          8         11         44       36.8      30.42       5.14
1:55pm             68          5         11         45       36.4      30.42       5.14
2:00pm             81          1         11         46       36.4      30.42       5.14
2:05pm             73          0          5         45       36.4      30.42       5.14
2:10pm            100          4         11         47       36.5      30.42       5.14
2:15pm            123          4         11         46       36.5      30.42       5.14
2:20pm            135          1         11         45       36.8      30.42       5.14
2:25pm            112          7         11         48       36.8      30.42       5.14
2:30pm             86          4         11         48       36.5      30.42       5.14
2:35pm             82          2          8         49       36.5      30.42       5.14
2:40pm             96          4          8         48       36.5      30.42       5.14
2:45pm             82          3          8         51       36.6      30.42       5.14
2:50pm             33          0          8         49       37.0      30.42       5.14
2:55pm            297          1          8         48       38.1      30.42       5.14
3:00pm            120          0          8         47       38.8      30.42       5.14
3:05pm            347          0          4         45       39.4      30.42       5.14
3:10pm             96          3          5         46       39.3      30.42       5.14
3:15pm            279          1          6         46       38.7      30.42       5.14
3:20pm             70          0          9         46       38.5      30.42       5.14
3:25pm            144          0          9         46       39.2      30.42       5.14
3:30pm            190          3          9         44       40.5      30.42       5.14
3:35pm            121          1          4         44       40.7      30.42       5.14
3:40pm             87          0          7         43       39.1      30.42       5.14
3:44pm            123          1          7         45       38.1      30.42       5.14
3:50pm            102          1          7         49       37.8      30.42       5.14
3:55pm             81          2          7         47       37.9      30.42       5.14
4:00pm             98          3          7         44       37.7      30.42       5.14
4:05pm            101          0          5         46       37.6      30.43       5.14
4:10pm             62          0          5         50       37.8      30.43       5.14
4:15pm             56          2          5         49       38.8      30.43       5.14
4:20pm            269          0          6         46       40.2      30.43       5.14
4:25pm             84          2          6         44       40.2      30.43       5.14
4:30pm             78          2          6         45       39.5      30.43       5.14
4:35pm            114          2          4         48       39.2      30.43       5.14
4:40pm             75          3          6         45       38.9      30.43       5.14
4:45pm            102          0          6         49       38.2      30.43       5.14
4:50pm            197          0          6         46       38.2      30.43       5.14
4:55pm            106          1          6         46       38.1      30.43       5.14
5:00pm             87          2          6         49       38.1      30.43       5.14
5:05pm             86          5          8         50       37.6      30.43       5.14
5:10pm             94          0          8         49       37.8      30.44       5.14
5:15pm            123          0          8         47       39.2      30.44       5.14
5:20pm            172          0          8         44       40.5      30.44       5.14
5:25pm            113          0          8         43       41.2      30.44       5.14
5:30pm             76          2          8         43       41.8      30.44       5.14
5:35pm             82          1          9         42       40.3      30.44       5.14
5:40pm            108          2         11         44       38.7      30.45       5.14
5:45pm            128          2         11         44       39.4      30.45       5.14
5:50pm             66          4         11         44       39.7      30.45       5.14
5:55pm            103          4         11         45       38.4      30.45       5.14
6:00pm             67          3         11         49       37.7      30.45       5.14
6:05pm             98          1          4         48       37.3      30.45       5.14
6:10pm             96          2          4         49       36.9      30.46       5.14
6:15pm             79          4          4         50       36.7      30.46       5.14
6:20pm             76          3          4         48       36.9      30.46       5.14
6:25pm            108          0          6         48       36.6      30.46       5.14
6:30pm            103          0          6         49       36.4      30.46       5.14
6:35pm             82          0          3         49       36.3      30.46       5.14
6:40pm             75          0          6         52       36.1      30.46       5.14
6:45pm             70          5          6         51       35.8      30.47       5.14
6:50pm            129          2          7         51       35.6      30.47       5.14
6:55pm             59          3          7         52       35.4      30.47       5.14
7:00pm            136          1          9         51       35.3      30.47       5.14
7:05pm             79          2          4         52       35.0      30.48       5.14
7:10pm            117          0          5         53       34.8      30.48       5.14
7:15pm             70          1          5         52       34.6      30.48       5.14
7:20pm            126          0          5         56       34.4      30.48       5.14
7:25pm            126          0          5         58       33.6      30.49       5.14
7:30pm            125          0          5         60       32.9      30.49       5.14
7:35pm             94          0          1         62       32.1      30.49       5.14
7:40pm             94          0          1         64       31.7      30.49       5.14
7:45pm             94          0          1         65       31.2      30.49       5.14
7:50pm             94          0          1         67       30.7      30.49       5.14
7:55pm             94          0          1         67       30.4      30.50       5.14
8:00pm             93          0          1         67       30.2      30.50       5.14
8:05pm             98          0          0         69       29.9      30.50       5.14
8:10pm             90          0          0         70       29.5      30.50       5.14
8:15pm             90          0          0         71       29.2      30.50       5.14
8:20pm             90          0          0         70       29.2      30.51       5.14
8:25pm             90          0          0         70       29.2      30.51       5.14
8:30pm             90          0          0         71       29.1      30.51       5.14
8:35pm             90          0          0         72       28.9      30.51       5.14
8:40pm             90          0          0         72       28.8      30.51       5.14
8:45pm             90          0          0         71       28.6      30.52       5.14
8:50pm             90          0          0         73       28.3      30.52       5.14
8:55pm             90          0          0         74       27.7      30.52       5.14
9:00pm             90          0          0         75       27.0      30.53       5.14
9:05pm             90          0          0         76       26.4      30.53       5.14
9:10pm             90          0          0         77       26.0      30.53       5.14
9:15pm             90          0          0         77       25.4      30.53       5.14
9:20pm             90          0          0         78       25.0      30.53       5.14
9:25pm             90          0          0         79       25.1      30.54       5.14
9:30pm             90          0          0         79       25.4      30.54       5.14
9:35pm             90          0          0         80       25.3      30.54       5.14
9:40pm             90          0          0         80       24.9      30.54       5.14
9:45pm             90          0          0         80       24.8      30.54       5.14
9:50pm             90          0          0         80       24.8      30.54       5.14
9:55pm             90          0          0         81       24.9      30.54       5.14
10:00pm            90          0          0         80       25.0      30.54       5.14
10:05pm            90          0          0         81       24.9      30.54       5.14
10:10pm            90          0          0         81       25.0      30.55       5.14
10:15pm            90          0          0         81       25.0      30.55       5.14
10:20pm            90          0          0         82       24.7      30.55       5.14
10:25pm            90          0          0         82       24.4      30.55       5.14
10:30pm            90          0          0         83       24.1      30.55       5.14
10:35pm            90          0          0         83       23.9      30.55       5.14
10:40pm            90          0          0         83       23.7      30.55       5.14
10:45pm           122          0          1         83       23.2      30.55       5.14
10:50pm           122          0          1         84       22.8      30.55       5.14
10:55pm           122          0          1         84       22.7      30.55       5.14
11:00pm           122          0          1         84       22.7      30.56       5.14
11:05pm           122          0          0         85       22.9      30.56       5.14
11:10pm           122          0          0         84       22.9      30.56       5.14
11:15pm           122          0          1         84       22.7      30.56       5.14
11:20pm           122          0          1         83       22.0      30.56       5.14
11:25pm           122          0          1         84       21.4      30.56       5.14
11:30pm           122          0          1         85       20.8      30.56       5.14
11:35pm           122          0          0         86       20.6      30.56       5.14
11:40pm           122          0          0         87       20.8      30.56       5.14
11:45pm           122          0          0         88       21.6      30.57       5.14
11:50pm           122          0          0         88       22.0      30.57       5.14
11:55pm           122          0          0         87       22.0      30.57       5.14
