3/17/18
Time         Wind Dir   Wind Spd  Wind Gust   Humidity       Temp  Raw Barom   Tot Rain
                    °        mph        mph          %         °F         in         in
12:00am           256          0         11         70       21.1      29.68       5.14
12:05am           249          0          4         69       21.2      29.67       5.14
12:10am           259          2          9         69       21.3      29.67       5.14
12:15am           250          4          9         68       21.4      29.67       5.14
12:20am           219          1          9         68       21.5      29.67       5.14
12:25am           306          3          9         68       21.5      29.67       5.14
12:30am           207          0          9         68       21.6      29.67       5.14
12:35am           239          0          4         68       21.5      29.67       5.14
12:40am           263          1          4         68       21.5      29.67       5.14
12:45am           281          2          7         68       21.5      29.67       5.14
12:50am           284          1          9         68       21.4      29.67       5.14
12:55am           252          2          9         68       21.4      29.67       5.14
1:00am            198          0          9         68       21.3      29.67       5.14
1:05am            235          0          2         68       21.2      29.68       5.14
1:10am            289          3          5         66       21.2      29.68       5.14
1:15am            272          1          7         66       21.2      29.68       5.14
1:20am            245          1          7         67       21.1      29.68       5.14
1:25am            245          3          7         67       20.9      29.68       5.14
1:30am            104          0          7         66       20.9      29.68       5.14
1:35am            276          0          5         66       20.7      29.68       5.14
1:40am             75          0         10         65       20.7      29.69       5.14
1:45am            272          1         10         64       20.8      29.68       5.14
1:50am            262          2         10         65       20.6      29.68       5.14
1:55am            275          1         10         64       20.6      29.69       5.14
2:00am            261          0         11         62       20.6      29.68       5.14
2:05am            236          0         12         60       20.7      29.68       5.14
2:10am            288          2         12         61       20.6      29.68       5.14
2:15am            267          1         12         59       20.5      29.69       5.14
2:20am            262          3         12         57       20.6      29.69       5.14
2:25am            266          1         12         56       20.6      29.68       5.14
2:30am            295          0         12         57       20.4      29.69       5.14
2:35am            236          0         12         54       20.4      29.69       5.14
2:40am             59          4         13         53       20.5      29.68       5.14
2:45am            305          2         13         54       20.4      29.68       5.14
2:50am            210          6         13         53       20.3      29.68       5.14
2:55am            276          2         13         53       20.2      29.68       5.14
3:00am            170          0         13         54       20.1      29.68       5.14
3:05am            267          0          2         56       19.7      29.68       5.14
3:10am            271          3          9         54       19.7      29.68       5.14
3:15am            250          1          9         53       19.7      29.67       5.14
3:20am            279          3         10         53       19.7      29.67       5.14
3:25am            261          3         10         52       19.8      29.67       5.14
3:30am            238          8         13         52       19.9      29.67       5.14
3:35am            256          1         10         52       19.8      29.67       5.14
3:40am            136          0         13         52       19.9      29.67       5.14
3:45am            278          1         13         53       19.7      29.67       5.14
3:50am            274          0         13         53       19.4      29.67       5.14
3:55am            230          0         13         55       19.1      29.66       5.14
4:00am            279          5         13         55       18.9      29.66       5.14
4:05am            257          0          7         55       18.9      29.66       5.14
4:10am            283          6          7         56       18.8      29.65       5.14
4:15am            295          2          8         56       18.8      29.65       5.14
4:20am            312          2          8         58       18.8      29.65       5.14
4:25am            265          1         11         59       18.8      29.64       5.14
4:30am            296          2         11         60       18.6      29.64       5.14
4:35am            325          0          7         61       18.5      29.64       5.14
4:40am            269          0          7         61       18.5      29.64       5.14
4:45am            252          0          7         62       18.2      29.64       5.14
4:50am            226          0          7         61       18.2      29.63       5.14
4:55am            248          0          7         63       18.0      29.63       5.14
5:00am            259          2          7         62       17.9      29.62       5.14
5:05am            233          1         11         61       18.2      29.62       5.14
5:10am            235          0         11         60       18.5      29.62       5.14
5:15am            268          4         11         61       18.6      29.62       5.14
5:20am            258          2         11         60       18.7      29.61       5.14
5:25am            250          3         11         61       18.5      29.61       5.14
5:30am            225          2         11         62       18.3      29.61       5.14
5:35am            259          1          8         62       18.3      29.61       5.14
5:40am            209          0          8         61       18.3      29.60       5.14
5:45am            288          3         13         61       18.3      29.60       5.14
5:50am            263          2         13         61       18.3      29.60       5.14
5:55am            265          3         13         61       18.3      29.60       5.14
6:00am            241          0         13         62       18.2      29.59       5.14
6:05am            276          4          7         62       18.1      29.59       5.14
6:10am            271          3          9         62       18.1      29.59       5.14
6:15am            221          1          9         62       18.1      29.59       5.14
6:20am            229          0          9         62       18.0      29.59       5.14
6:25am            236          1          9         62       17.9      29.59       5.14
6:30am            263          1          9         62       18.0      29.59       5.14
6:35am            285          2          5         63       17.8      29.59       5.14
6:40am            241          0          7         62       17.8      29.59       5.14
6:45am            278          6          9         63       17.8      29.59       5.14
6:50am            256          4          9         63       17.8      29.59       5.14
6:55am            275          1          9         62       17.9      29.59       5.14
7:00am            264          2          9         63       17.9      29.59       5.14
7:05am            268          0          8         62       18.0      29.59       5.14
7:10am            278          5         10         62       18.3      29.59       5.14
7:15am            278          3         13         61       18.5      29.59       5.14
7:20am            273          6         13         60       18.8      29.59       5.14
7:25am            272          4         13         60       19.1      29.59       5.14
7:30am            274          3         13         61       19.1      29.59       5.14
7:35am            238          0          7         60       19.2      29.59       5.14
7:40am            236          2          8         61       19.2      29.59       5.14
7:45am            271          6          8         60       19.7      29.59       5.14
7:50am            206          4          8         58       20.8      29.59       5.14
7:55am            275          3         10         56       21.3      29.58       5.14
7:59am            280          1         11         55       21.4      29.58       5.14
8:05am            264          2         12         55       21.7      29.58       5.14
8:10am            269          3         14         55       22.1      29.58       5.14
8:15am            288         12         14         55       22.3      29.58       5.14
8:20am            251          6         14         53       22.7      29.58       5.14
8:25am            274          3         14         53       22.8      29.57       5.14
8:30am            226          1         14         53       23.1      29.57       5.14
8:35am            281          6         14         53       23.4      29.57       5.14
8:40am            283          6         14         53       23.6      29.56       5.14
8:45am            282          6         14         54       24.0      29.57       5.14
8:50am            290          3         17         54       24.2      29.56       5.14
8:55am            253         10         17         53       24.1      29.56       5.14
9:00am            274          4         17         54       24.3      29.56       5.14
9:05am            261          9         13         53       24.6      29.56       5.14
9:10am            279         10         16         53       24.6      29.56       5.14
9:15am            277          3         16         53       25.0      29.55       5.14
9:20am            291          6         16         54       25.2      29.55       5.14
9:25am            257          2         16         53       25.4      29.55       5.14
9:30am            264          5         18         53       25.5      29.55       5.14
9:35am            285          7         12         53       25.9      29.55       5.14
9:40am            177          7         12         53       26.1      29.55       5.14
9:45am            283          6         13         52       26.4      29.54       5.14
9:50am            287          5         18         52       26.5      29.55       5.14
9:55am            255         14         18         50       26.7      29.54       5.14
10:00am           274         12         18         51       26.9      29.53       5.14
10:05am           247         10         16         50       27.0      29.53       5.14
10:10am           268          7         18         49       27.0      29.53       5.14
10:15am           252          6         18         51       27.2      29.53       5.14
10:20am           261          2         18         49       27.2      29.53       5.14
10:25am           276         12         18         51       27.3      29.52       5.14
10:30am           287          5         18         50       27.3      29.52       5.14
10:35am           303          4         14         51       27.2      29.52       5.14
10:40am           272          4         14         52       27.5      29.52       5.14
10:44am           283         16         16         50       27.6      29.52       5.14
10:50am           203          2         16         50       27.4      29.52       5.14
10:55am           233          1         16         51       27.9      29.52       5.14
11:00am           288          5         16         50       28.0      29.51       5.14
11:05am           250          0          7         51       28.0      29.51       5.14
11:10am           253          6         11         50       28.5      29.51       5.14
11:15am           259          9         12         49       28.7      29.51       5.14
11:20am           274          6         12         50       28.6      29.51       5.14
11:25am           283          7         12         49       28.5      29.51       5.14
11:30am           255          4         12         50       28.6      29.50       5.14
11:35am           283          6         15         51       28.5      29.50       5.14
11:40am           278          4         15         51       28.7      29.50       5.14
11:45am           221          1         15         50       29.0      29.50       5.14
11:50am           216          1         15         50       29.4      29.50       5.14
11:55am           245          4         15         49       29.7      29.50       5.14
12:00pm           302          6         15         49       29.9      29.50       5.14
12:05pm           231          3         13         51       30.5      29.50       5.14
12:10pm           245          1         13         50       30.7      29.50       5.14
12:15pm           334          8         19         48       30.3      29.49       5.14
12:20pm           313          9         19         48       30.4      29.50       5.14
12:25pm           323          7         19         48       30.3      29.50       5.14
12:30pm           264          6         19         48       29.9      29.50       5.14
12:35pm           233          4         11         47       30.1      29.50       5.14
12:40pm           300          9         14         47       30.5      29.50       5.14
12:45pm           167          5         18         46       30.5      29.50       5.14
12:50pm           285          2         18         45       30.8      29.50       5.14
12:55pm           353          6         25         42       31.4      29.50       5.14
1:00pm            264          2         25         44       31.2      29.51       5.14
1:05pm            336          2          8         47       30.4      29.51       5.14
1:10pm            292          2         11         48       30.0      29.52       5.14
1:15pm             68          2         11         47       29.9      29.52       5.14
1:20pm             31          4         14         47       29.6      29.53       5.14
1:25pm             59         12         16         47       30.2      29.53       5.14
1:30pm            151          6         16         46       29.6      29.54       5.14
1:35pm             61          2         13         48       29.1      29.54       5.14
1:40pm            133          4         13         49       29.0      29.54       5.14
1:45pm            269          1         13         48       28.9      29.55       5.14
1:50pm             78          0         13         49       29.3      29.55       5.14
1:55pm            160          0         14         47       28.7      29.55       5.14
2:00pm            105          3         14         47       28.0      29.56       5.14
2:05pm            122          3         11         48       28.2      29.56       5.14
2:10pm            128          3         14         48       27.4      29.56       5.14
2:15pm            165          2         14         49       27.3      29.57       5.14
2:20pm            146          2         14         48       26.9      29.57       5.14
2:25pm            176          3         14         50       27.3      29.58       5.14
2:30pm            112          7         14         48       27.2      29.58       5.14
2:35pm            106          1         15         46       26.8      29.58       5.14
2:40pm             18          2         15         48       27.5      29.59       5.14
2:45pm             46          0         15         47       27.7      29.59       5.14
2:50pm            165          2         16         46       28.0      29.59       5.14
2:55pm            111          4         16         45       28.2      29.60       5.14
3:00pm              5          7         16         45       28.5      29.60       5.14
3:05pm            290          4         15         44       27.2      29.60       5.14
3:10pm             82          8         15         45       26.7      29.61       5.14
3:15pm            264          0         15         46       26.1      29.62       5.14
3:20pm             68          1         16         45       24.2      29.62       5.14
3:25pm            259          1         16         48       23.9      29.62       5.14
3:30pm            214          2         16         46       25.0      29.62       5.14
3:35pm            167          1          8         44       25.8      29.62       5.14
3:40pm             75          1         13         45       26.1      29.62       5.14
3:45pm             59          2         16         42       25.9      29.63       5.14
3:50pm             53          4         16         42       25.3      29.64       5.14
3:55pm            201          2         16         43       25.7      29.64       5.14
4:00pm            149          3         16         43       26.2      29.65       5.14
4:05pm            341          4         12         40       26.5      29.65       5.14
4:10pm            122          2         16         39       26.1      29.64       5.14
4:15pm             83          8         16         40       25.7      29.65       5.14
4:20pm            167          3         16         41       26.1      29.66       5.14
4:25pm            207          0         16         39       25.7      29.65       5.14
4:30pm             87          0         16         41       25.8      29.66       5.14
4:35pm            354          4          8         39       25.8      29.66       5.14
4:40pm             65          3          8         38       25.1      29.66       5.14
4:45pm            228          2         12         38       24.3      29.67       5.14
4:50pm            300          8         14         40       24.2      29.67       5.14
4:55pm             15          3         14         41       24.0      29.67       5.14
5:00pm            257          6         14         41       23.8      29.66       5.14
5:05pm            188          2         30         40       23.4      29.67       5.14
5:10pm            243          6         30         39       23.4      29.67       5.14
5:15pm            140          1         30         39       23.6      29.67       5.14
5:20pm            127          3         30         39       23.8      29.68       5.14
5:25pm            293          9         30         38       23.4      29.68       5.14
5:30pm            243          0         30         38       23.5      29.68       5.14
5:35pm            344          1          9         37       23.5      29.68       5.14
5:40pm            207          0          9         37       23.3      29.69       5.14
5:45pm            212          1          9         37       23.2      29.69       5.14
5:50pm            161          1         13         37       22.8      29.69       5.14
5:55pm             89          1         13         37       22.7      29.69       5.14
6:00pm             94          1         13         36       22.2      29.70       5.14
6:05pm             55         10         11         35       21.8      29.70       5.14
6:10pm             60          0         11         35       21.2      29.71       5.14
6:15pm             91          0         11         35       21.1      29.71       5.14
6:20pm             41          0         11         36       20.6      29.71       5.14
6:25pm            110          1         11         38       20.3      29.71       5.14
6:30pm            250          0         11         38       19.3      29.72       5.14
6:35pm            260          2          7         38       18.7      29.72       5.14
6:40pm            258          0          7         39       18.4      29.73       5.14
6:45pm            296          0          7         40       17.5      29.73       5.14
6:50pm            222          0          7         39       16.8      29.73       5.14
6:55pm             20          1          7         40       16.3      29.73       5.14
7:00pm            229          2         14         39       15.9      29.73       5.14
7:05pm            281          3          7         41       15.5      29.73       5.14
7:10pm            149          0          7         40       15.2      29.74       5.14
7:15pm            236          0          7         41       14.8      29.74       5.14
7:20pm            122          0          7         42       14.5      29.74       5.14
7:25pm            293          1          7         40       14.2      29.74       5.14
7:30pm             78          2          7         41       14.0      29.74       5.14
7:35pm            326          1          5         40       13.8      29.74       5.14
7:40pm            276          1          8         39       13.6      29.75       5.14
7:45pm            141          0          8         40       13.3      29.75       5.14
7:50pm            283          0          8         39       13.0      29.75       5.14
7:55pm            288          1          8         41       12.8      29.75       5.14
8:00pm             14          0          8         40       12.6      29.76       5.14
8:05pm            116          0          5         39       12.6      29.76       5.14
8:10pm             17          0          5         39       12.4      29.76       5.14
8:15pm            285          0          5         40       12.0      29.76       5.14
8:20pm              1          0          5         40       11.7      29.76       5.14
8:25pm            207          0          5         41       11.5      29.76       5.14
8:30pm            274          1          5         44       11.5      29.77       5.14
8:35pm            141          0          1         44       11.4      29.77       5.14
8:40pm             26          0          2         44       11.1      29.77       5.14
8:45pm             77          1          4         44       11.0      29.77       5.14
8:50pm            360          0          4         45       10.9      29.77       5.14
8:55pm            108          0          5         46       10.9      29.77       5.14
9:00pm             58          0          5         44       10.7      29.77       5.14
9:05pm            257          0          4         46       10.5      29.77       5.14
9:10pm            297          1          4         47       10.3      29.77       5.14
9:15pm             40          0          5         46       10.3      29.78       5.14
9:20pm            358          0          5         47       10.1      29.78       5.14
9:25pm             57          0          5         45       10.0      29.78       5.14
9:30pm            261          0          6         46        9.9      29.78       5.14
9:35pm             60          0          2         45        9.9      29.78       5.14
9:40pm            233          0          4         47        9.8      29.77       5.14
9:45pm            167          0          4         47        9.6      29.78       5.14
9:50pm            105          0          4         47        9.6      29.78       5.14
9:55pm             94          0          4         47        9.5      29.78       5.14
10:00pm            18          0          5         47        9.5      29.78       5.14
10:05pm           134          0          1         47        9.4      29.78       5.14
10:10pm            40          0          1         47        9.3      29.78       5.14
10:15pm           145          0          1         48        8.9      29.78       5.14
10:20pm           186          0          1         50        8.7      29.78       5.14
10:25pm           141          0          1         51        8.6      29.78       5.14
10:30pm           147          0          1         50        8.5      29.78       5.14
10:35pm           207          0          0         52        8.2      29.78       5.14
10:40pm           289          0          4         51        8.4      29.78       5.14
10:45pm           285          0          4         52        8.3      29.78       5.14
10:50pm           168          0          4         52        8.2      29.78       5.14
10:55pm            62          0          4         51        8.1      29.78       5.14
11:00pm           357          0          5         51        8.2      29.78       5.14
11:05pm           162          0          2         50        8.5      29.78       5.14
11:10pm           267          0          2         51        8.5      29.78       5.14
11:15pm           231          0          5         51        8.5      29.78       5.14
11:20pm           360          0          6         52        8.5      29.78       5.14
11:25pm            22          0          6         52        8.4      29.78       5.14
11:30pm           342          1          6         52        8.1      29.78       5.14
11:35pm           339          0          2         51        8.1      29.79       5.14
11:40pm           332          0          3         52        8.1      29.79       5.14
11:45pm            86          0          7         52        8.1      29.78       5.14
11:50pm           270          0          7         54        8.0      29.78       5.14
11:55pm           132          0          7         53        7.8      29.78       5.14
