3/21/18
Time         Wind Dir   Wind Spd  Wind Gust   Humidity       Temp  Raw Barom   Tot Rain
                    °        mph        mph          %         °F         in         in
12:00am           240          0          1         63       22.8      29.88       5.14
12:05am           239          0          1         62       22.6      29.89       5.14
12:10am           226          0          1         61       22.8      29.89       5.14
12:15am           226          0          1         62       22.3      29.89       5.14
12:20am           109          0          1         65       21.4      29.88       5.14
12:25am           110          0          1         67       20.6      29.89       5.14
12:30am           110          0          1         67       19.7      29.89       5.14
12:35am           110          0          0         69       19.5      29.89       5.14
12:40am           110          0          0         70       19.6      29.89       5.14
12:45am           110          0          0         70       19.8      29.88       5.14
12:50am           110          0          0         69       20.0      29.88       5.14
12:55am           110          0          0         67       20.1      29.88       5.14
1:00am            113          0          1         69       20.0      29.88       5.14
1:05am            125          0          0         70       19.1      29.87       5.14
1:10am            125          0          0         69       18.5      29.87       5.14
1:15am             47          0          1         72       17.5      29.87       5.14
1:20am             47          0          1         73       17.7      29.87       5.14
1:25am             47          0          1         73       17.6      29.87       5.14
1:30am             47          0          1         73       17.6      29.87       5.14
1:35am             92          0          1         73       17.2      29.88       5.14
1:40am             92          0          1         75       16.8      29.88       5.14
1:45am             92          0          1         74       15.9      29.88       5.14
1:50am             92          0          1         74       14.8      29.88       5.14
1:55am             92          0          1         76       14.2      29.88       5.14
2:00am             92          0          1         79       15.1      29.88       5.14
2:05am             92          0          0         78       15.5      29.87       5.14
2:10am             92          0          0         79       16.0      29.87       5.14
2:15am             92          0          0         78       16.2      29.87       5.14
2:20am             92          0          0         79       16.6      29.88       5.14
2:25am             92          0          1         78       17.5      29.87       5.14
2:30am             96          0          1         75       18.6      29.87       5.14
2:35am             96          0          0         73       17.3      29.87       5.14
2:40am             96          0          0         75       16.8      29.87       5.14
2:45am             96          0          0         74       15.9      29.86       5.14
2:50am             96          0          0         78       16.1      29.86       5.14
2:55am             96          0          0         78       16.5      29.87       5.14
3:00am             96          0          1         79       16.8      29.87       5.14
3:05am             96          0          0         80       17.1      29.87       5.14
3:10am             96          0          0         78       17.0      29.87       5.14
3:15am             96          0          1         78       17.3      29.87       5.14
3:20am             96          0          1         76       16.3      29.87       5.14
3:25am            169          0          1         75       14.8      29.87       5.14
3:30am            169          0          1         77       13.6      29.87       5.14
3:35am            169          0          0         79       13.2      29.87       5.14
3:40am            169          0          0         82       13.6      29.87       5.14
3:45am            169          0          0         82       14.5      29.86       5.14
3:50am            169          0          0         81       15.2      29.86       5.14
3:55am            169          0          0         80       14.5      29.86       5.14
4:00am            169          0          0         82       14.5      29.86       5.14
4:05am            169          0          0         80       13.6      29.86       5.14
4:10am            169          0          0         82       12.9      29.86       5.14
4:15am            169          0          0         83       12.4      29.86       5.14
4:20am            169          0          0         84       12.2      29.85       5.14
4:25am            169          0          0         85       12.8      29.85       5.14
4:30am            141          0          1         85       12.8      29.85       5.14
4:35am            141          0          0         84       12.7      29.86       5.14
4:40am             42          0          1         85       12.2      29.85       5.14
4:45am             77          0          1         84       12.1      29.85       5.14
4:50am             77          0          1         82       10.4      29.85       5.14
4:55am             77          0          1         84       10.0      29.85       5.14
5:00am             77          0          1         85       10.0      29.85       5.14
5:05am             98          0          0         87       10.4      29.86       5.14
5:10am             98          0          0         87       10.5      29.86       5.14
5:15am             98          0          0         87       10.4      29.86       5.14
5:20am             98          0          0         87       10.2      29.85       5.14
5:25am             98          0          0         87        9.7      29.85       5.14
5:30am             98          0          0         87        9.5      29.85       5.14
5:35am             98          0          0         89        9.7      29.85       5.14
5:40am             98          0          0         91       10.6      29.85       5.14
5:45am             98          0          1         90       11.3      29.85       5.14
5:50am            129          0          1         89       11.3      29.85       5.14
5:55am            155          0          1         87       10.7      29.85       5.14
6:00am            155          0          1         87        9.9      29.85       5.14
6:05am            155          0          0         87        9.5      29.85       5.14
6:10am            136          0          1         86        8.4      29.85       5.14
6:15am            136          0          1         87        8.2      29.84       5.14
6:20am            144          0          1         88        8.3      29.85       5.14
6:25am            144          0          1         87        7.8      29.85       5.14
6:30am            144          0          1         88        7.9      29.85       5.14
6:35am            144          0          0         89        8.2      29.85       5.14
6:40am            144          0          0         89        8.6      29.84       5.14
6:45am            144          0          0         90        9.2      29.84       5.14
6:50am            143          0          0         90        9.5      29.84       5.14
6:55am            143          0          0         90       10.0      29.84       5.14
7:00am            144          0          0         90       10.8      29.84       5.14
7:05am             89          0          1         90       11.4      29.84       5.14
7:10am             89          0          1         89       11.7      29.84       5.14
7:15am            130          0          1         88       11.4      29.84       5.14
7:20am            127          0          1         87       10.9      29.84       5.14
7:25am            127          0          1         88       11.3      29.84       5.14
7:30am            127          0          1         87       11.2      29.83       5.14
7:35am            127          0          0         87       11.2      29.83       5.14
7:40am            127          0          0         88       11.7      29.84       5.14
7:45am            127          0          0         88       12.2      29.84       5.14
7:50am            127          0          0         88       12.8      29.84       5.14
7:55am            127          0          0         87       13.2      29.84       5.14
8:00am            127          0          0         87       13.8      29.84       5.14
8:05am            127          0          0         87       14.6      29.84       5.14
8:10am            127          0          1         86       16.0      29.84       5.14
8:15am            127          0          1         84       17.3      29.84       5.14
8:20am            145          0          1         81       17.4      29.83       5.14
8:25am            145          0          1         80       17.3      29.83       5.14
8:30am            145          0          1         80       18.0      29.83       5.14
8:35am            145          0          0         79       18.8      29.84       5.14
8:40am            248          0          1         78       19.7      29.84       5.14
8:45am            248          0          1         78       20.6      29.83       5.14
8:50am            248          0          1         77       21.3      29.83       5.14
8:55am            186          0          1         74       21.8      29.83       5.14
9:00am            186          0          1         73       21.4      29.83       5.14
9:05am            186          0          0         74       21.5      29.83       5.14
9:10am            186          0          0         75       22.5      29.83       5.14
9:15am            186          0          0         75       23.4      29.82       5.14
9:20am            108          0          1         70       23.3      29.83       5.14
9:25am            108          0          1         72       23.3      29.82       5.14
9:30am             91          0          1         70       23.3      29.82       5.14
9:35am             91          0          1         70       23.2      29.82       5.14
9:40am            131          0          1         70       23.4      29.82       5.14
9:45am             82          0          2         69       23.6      29.81       5.14
9:50am             75          4          4         67       24.6      29.81       5.14
9:55am             79          2          4         64       25.2      29.81       5.14
10:00am            94          1          4         65       25.3      29.81       5.14
10:05am           105          2          4         63       25.8      29.81       5.14
10:10am           110          0          4         62       26.5      29.82       5.14
10:15am            96          1          5         59       26.9      29.82       5.14
10:20am            81          6          6         59       27.4      29.82       5.14
10:25am           111          0          7         58       27.5      29.82       5.14
10:30am           108          3          7         58       27.7      29.82       5.14
10:35am            94          3          5         58       27.9      29.82       5.14
10:40am           113          2          6         58       27.9      29.82       5.14
10:45am           101          2          8         58       28.0      29.82       5.14
10:50am            70          2          8         58       28.1      29.82       5.14
10:55am            75          1          8         57       28.2      29.82       5.14
11:00am            96          2          8         56       28.2      29.82       5.14
11:05am           113          2          6         56       28.3      29.82       5.14
11:10am            94          2          6         57       28.4      29.82       5.14
11:15am           101          1          7         58       28.6      29.82       5.14
11:20am           133          2          7         57       28.6      29.81       5.14
11:25am            91          2          8         57       28.7      29.81       5.14
11:30am            80          3          8         56       28.8      29.81       5.14
11:35am           113          2          8         56       28.8      29.81       5.14
11:40am           105          3          8         57       28.9      29.81       5.14
11:45am           102          3          8         56       29.0      29.80       5.14
11:50am            82          3          8         55       29.2      29.80       5.14
11:55am           124          3          8         57       29.3      29.80       5.14
12:00pm            89          4          8         57       29.7      29.79       5.14
12:05pm            66          7         11         55       29.8      29.79       5.14
12:10pm            81          7         12         55       29.8      29.78       5.14
12:15pm            77          7         12         55       29.9      29.78       5.14
12:20pm            86          4         12         56       30.0      29.78       5.14
12:25pm            68          4         12         55       30.3      29.78       5.14
12:30pm           127          1         12         55       30.6      29.77       5.14
12:35pm           109          0          4         54       31.2      29.77       5.14
12:40pm           139          0          4         53       31.7      29.77       5.14
12:45pm           188          0          4         53       32.3      29.77       5.14
12:50pm            82          3          5         51       32.5      29.77       5.14
12:55pm            96          0          5         52       32.5      29.77       5.14
1:00pm             91          1          5         51       33.1      29.77       5.14
1:05pm            107          1          4         51       32.8      29.77       5.14
1:10pm             91          0          5         51       32.7      29.77       5.14
1:15pm             53          0          5         53       32.9      29.76       5.14
1:20pm             44          0          5         52       33.0      29.76       5.14
1:25pm             98          1          5         52       33.3      29.76       5.14
1:30pm            106          2          5         52       33.6      29.76       5.14
1:35pm             79          0          5         51       33.9      29.76       5.14
1:40pm            165          0          5         48       34.3      29.76       5.14
1:45pm            275          0          5         51       34.6      29.76       5.14
1:50pm             99          2          5         50       34.4      29.76       5.14
1:55pm             23          1          5         50       34.0      29.75       5.14
2:00pm            357          0          5         50       34.7      29.75       5.14
2:05pm            153          0          1         48       35.9      29.75       5.14
2:10pm             99          3          4         48       35.0      29.75       5.14
2:15pm            288          0          4         48       34.5      29.75       5.14
2:20pm            146          0          4         48       34.8      29.74       5.14
2:25pm            165          0          4         50       34.9      29.74       5.14
2:30pm             98          2          5         50       35.2      29.74       5.14
2:35pm            108          0          2         48       35.3      29.74       5.14
2:40pm            103          0          5         49       35.2      29.74       5.14
2:45pm            121          1          6         49       35.1      29.74       5.14
2:50pm             69          3          6         52       34.9      29.73       5.14
2:55pm            110          3          6         50       34.8      29.73       5.14
3:00pm            108          0          6         48       34.9      29.73       5.14
3:05pm            120          2          5         49       34.9      29.73       5.14
3:10pm            110          1          7         49       34.9      29.73       5.14
3:15pm            129          1          7         49       34.9      29.73       5.14
3:20pm            113          2          7         49       34.9      29.73       5.14
3:25pm             49          1          7         50       35.3      29.73       5.14
3:30pm            321          1          7         51       35.2      29.73       5.14
3:35pm            139          2          6         48       35.3      29.73       5.14
3:40pm             98          3          6         50       35.5      29.73       5.14
3:45pm            115          2          6         48       35.7      29.73       5.14
3:50pm             48          1          6         48       35.6      29.73       5.14
3:55pm            112          1          6         50       35.5      29.73       5.14
4:00pm             46          2          6         48       35.6      29.73       5.14
4:05pm            113          0          4         48       35.5      29.73       5.14
4:10pm              1          3          4         51       35.5      29.73       5.14
4:15pm             84          2          6         50       35.5      29.73       5.14
4:20pm             72          1          6         48       35.6      29.73       5.14
4:25pm             92          3          6         48       35.6      29.73       5.14
4:30pm             97          0          6         50       35.6      29.73       5.14
4:35pm            214          0          5         49       35.7      29.73       5.14
4:40pm            351          0          5         49       35.9      29.73       5.14
4:45pm            139          0          5         50       36.2      29.73       5.14
4:50pm            112          0          5         48       36.6      29.73       5.14
4:55pm            297          0          5         48       36.8      29.73       5.14
5:00pm             33          0          5         47       36.6      29.73       5.14
5:05pm            115          0          1         49       36.5      29.73       5.14
5:10pm             60          0          1         47       36.5      29.73       5.14
5:15pm            171          0          1         49       36.5      29.73       5.14
5:20pm             89          1          1         50       36.6      29.73       5.14
5:25pm             27          0          4         49       36.2      29.73       5.14
5:30pm            227          0          5         48       36.0      29.73       5.14
5:35pm            285          0          3         48       36.0      29.74       5.14
5:40pm            274          0          3         50       36.0      29.74       5.14
5:45pm            228          2          3         48       36.0      29.74       5.14
5:50pm             87          0          3         49       35.9      29.74       5.14
5:55pm            205          0          3         50       35.8      29.74       5.14
6:00pm            105          0          3         49       35.7      29.74       5.14
6:05pm            132          0          0         50       35.6      29.74       5.14
6:10pm            302          1          1         50       35.5      29.74       5.14
6:15pm            354          0          1         50       35.5      29.74       5.14
6:20pm            258          0          1         51       35.4      29.74       5.14
6:25pm             44          0          1         54       35.2      29.74       5.14
6:30pm            345          0          2         51       35.1      29.75       5.14
6:35pm             49          1          3         51       35.0      29.75       5.14
6:40pm            136          0          3         52       34.9      29.75       5.14
6:45pm             56          0          3         54       34.7      29.75       5.14
6:50pm            136          0          3         54       34.5      29.75       5.14
6:55pm             93          0          3         54       34.4      29.75       5.14
7:00pm             79          0          4         56       34.2      29.75       5.14
7:05pm            122          0          1         54       34.2      29.75       5.14
7:10pm            124          0          1         56       34.0      29.75       5.14
7:15pm            128          0          3         56       33.9      29.75       5.14
7:20pm            133          0          3         57       33.7      29.75       5.14
7:25pm            231          0          3         56       33.7      29.75       5.14
7:30pm            220          0          3         57       33.7      29.75       5.14
7:35pm            141          0          1         57       33.6      29.75       5.14
7:40pm            141          0          1         57       33.5      29.76       5.14
7:45pm            135          0          1         61       33.3      29.76       5.14
7:50pm            163          0          1         61       33.1      29.76       5.14
7:55pm            154          0          1         60       33.1      29.76       5.14
8:00pm            163          0          1         61       33.1      29.76       5.14
8:05pm            146          0          1         64       32.9      29.77       5.14
8:10pm            262          0          1         63       32.8      29.77       5.14
8:15pm            223          0          1         62       32.8      29.77       5.14
8:20pm            224          0          1         63       32.7      29.77       5.14
8:25pm            224          0          1         64       32.6      29.77       5.14
8:30pm             46          0          1         64       32.7      29.77       5.14
8:35pm            153          0          0         65       32.5      29.77       5.14
8:40pm            232          0          1         66       32.3      29.77       5.14
8:45pm            123          0          1         66       32.1      29.77       5.14
8:50pm            137          0          1         66       32.0      29.78       5.14
8:55pm            129          0          1         66       32.1      29.78       5.14
9:00pm            131          1          1         66       32.1      29.78       5.14
9:05pm            130          0          1         67       32.0      29.78       5.14
9:10pm            111          0          1         66       32.1      29.78       5.14
9:15pm            105          0          1         67       32.4      29.78       5.14
9:20pm            111          0          1         66       32.4      29.78       5.14
9:25pm            115          0          1         64       32.8      29.78       5.14
9:30pm             98          0          1         65       32.8      29.78       5.14
9:35pm            109          0          1         66       32.7      29.78       5.14
9:40pm            108          0          1         66       32.5      29.78       5.14
9:45pm            108          0          1         67       32.3      29.77       5.14
9:50pm            109          0          1         68       32.1      29.77       5.14
9:55pm            143          0          1         70       31.6      29.77       5.14
10:00pm           135          0          1         70       31.2      29.77       5.14
10:05pm           185          1          1         71       31.0      29.77       5.14
10:10pm            88          0          2         69       31.6      29.77       5.14
10:15pm            86          1          3         64       32.8      29.77       5.14
10:20pm           113          4          7         61       33.8      29.77       5.14
10:25pm           120          3          7         60       34.2      29.77       5.14
10:30pm            78          2          7         59       34.5      29.77       5.14
10:35pm            84          8         12         57       34.6      29.77       5.14
10:40pm            81          4         12         56       35.1      29.77       5.14
10:45pm            92         10         15         55       35.3      29.77       5.14
10:50pm            94          3         15         55       35.5      29.77       5.14
10:55pm            85          9         15         56       35.5      29.76       5.14
11:00pm            80          9         15         55       35.6      29.76       5.14
11:05pm            98          6         15         54       35.6      29.76       5.14
11:10pm            56          8         15         56       35.5      29.76       5.14
11:15pm            86          6         15         55       35.6      29.76       5.14
11:20pm            96          4         15         55       35.6      29.76       5.14
11:25pm            86          4         15         56       35.6      29.76       5.14
11:30pm            87         11         15         57       35.5      29.76       5.14
11:35pm            60          7         12         56       35.5      29.76       5.14
11:40pm            79          7         12         57       35.4      29.76       5.14
11:45pm            80          6         17         56       35.6      29.75       5.14
11:50pm            58          6         17         57       35.6      29.76       5.14
11:55pm            66          8         17         57       35.6      29.76       5.14
