3/2/18
Time         Wind Dir   Wind Spd  Wind Gust   Humidity       Temp  Raw Barom   Tot Rain
                    °        mph        mph          %         °F         in         in
12:00am            98         12         21         76       34.4      29.70       4.66
12:05am           117          7         16         76       34.3      29.70       4.66
12:10am            84         12         18         76       34.3      29.69       4.66
12:15am            52         17         20         76       34.2      29.69       4.66
12:20am            80         10         22         75       34.2      29.69       4.66
12:25am           126          5         22         76       34.1      29.69       4.66
12:30am           115          7         22         76       34.1      29.69       4.66
12:35am            46          9         20         75       34.0      29.69       4.66
12:40am            79          6         20         76       34.0      29.68       4.66
12:45am            58          8         20         76       34.0      29.68       4.66
12:50am            95          7         20         76       33.9      29.68       4.66
12:55am            85          7         20         76       33.9      29.68       4.66
1:00am             76          7         20         76       33.8      29.67       4.66
1:05am             65          8         14         76       33.7      29.67       4.66
1:10am             94         10         17         77       33.6      29.66       4.66
1:15am             70         10         17         77       33.6      29.66       4.66
1:20am             80         12         17         77       33.7      29.66       4.66
1:25am             71         10         17         77       33.7      29.66       4.66
1:30am             76          9         17         76       33.7      29.66       4.66
1:35am             81          9         16         76       33.7      29.66       4.66
1:40am             77         11         17         76       33.7      29.65       4.66
1:45am             75          9         19         76       33.7      29.65       4.66
1:50am             88          6         19         76       33.7      29.65       4.66
1:55am             92         14         19         76       33.7      29.64       4.66
2:00am            103         11         19         76       33.6      29.64       4.66
2:05am             89          8         18         77       33.4      29.63       4.66
2:10am             91          7         18         78       33.2      29.63       4.66
2:15am            101          6         18         79       33.1      29.63       4.66
2:20am             72          9         18         80       32.8      29.63       4.66
2:25am             97          4         18         82       32.5      29.63       4.66
2:30am             96          8         18         83       32.3      29.63       4.66
2:35am             76          5         13         84       32.1      29.63       4.66
2:40am             79          8         13         84       32.1      29.63       4.66
2:45am            103          4         13         85       31.9      29.63       4.66
2:50am            100          8         13         87       31.6      29.62       4.66
2:55am             85          5         13         88       31.3      29.62       4.66
3:00am             87          8         13         89       31.0      29.62       4.66
3:05am             78         10         11         90       30.8      29.62       4.66
3:10am            114          5         11         91       30.6      29.61       4.66
3:15am             72          5         11         92       30.5      29.61       4.66
3:20am            110          4         11         92       30.4      29.61       4.66
3:25am             82          3         11         92       30.4      29.60       4.66
3:30am             70          6         11         93       30.4      29.60       4.66
3:35am             93          2          9         93       30.3      29.60       4.66
3:40am             71          4          9         93       30.4      29.59       4.66
3:45am            108          3          9         93       30.4      29.59       4.66
3:50am             85          2          9         93       30.4      29.59       4.66
3:55am            114          1          9         93       30.4      29.59       4.66
4:00am             60          4          9         94       30.5      29.58       4.66
4:05am             61          4          8         94       30.5      29.58       4.66
4:10am             79          4         10         94       30.6      29.58       4.66
4:15am             89          4         10         94       30.7      29.58       4.66
4:20am             93          2         10         94       30.8      29.58       4.66
4:25am             72          5         10         94       31.0      29.57       4.66
4:30am             76          4         10         94       31.1      29.57       4.66
4:35am             74          5         11         94       31.3      29.57       4.66
4:40am            113          6         12         94       31.4      29.57       4.66
4:45am            108          8         12         94       31.5      29.57       4.66
4:50am             72          3         14         95       31.5      29.57       4.66
4:55am             96          6         14         95       31.6      29.56       4.66
5:00am             86          7         14         95       31.6      29.56       4.66
5:05am             70         12         16         95       31.6      29.56       4.66
5:10am             75          5         16         95       31.7      29.55       4.66
5:15am            106         11         16         95       31.7      29.55       4.66
5:20am             67         12         16         95       31.7      29.54       4.66
5:25am             75          5         16         95       31.8      29.54       4.66
5:30am             83          9         18         96       31.8      29.54       4.66
5:35am             90         10         16         96       31.9      29.54       4.66
5:40am             69          7         17         96       32.0      29.54       4.66
5:45am             20          5         17         96       32.0      29.54       4.66
5:50am             66          4         17         96       32.0      29.53       4.66
5:55am             91          9         17         96       32.0      29.53       4.66
6:00am             42          4         17         96       32.1      29.53       4.66
6:05am            105          5          8         96       32.1      29.53       4.66
6:10am             70          0         11         96       32.1      29.52       4.66
6:15am             95          2         11         96       32.1      29.52       4.66
6:20am             86          9         11         96       32.2      29.52       4.66
6:25am            106          3         11         96       32.3      29.52       4.66
6:30am            115          4         12         96       32.3      29.52       4.66
6:35am             84          3         11         96       32.3      29.51       4.66
6:40am            109          2         12         96       32.4      29.51       4.66
6:45am             51          4         12         96       32.5      29.51       4.66
6:50am            107          6         12         96       32.6      29.51       4.66
6:55am             90         12         13         96       32.7      29.51       4.66
7:00am             65          8         13         96       32.7      29.50       4.66
7:05am             95          6         10         96       32.8      29.50       4.66
7:10am            104          3         10         96       32.9      29.50       4.66
7:15am             41          8         12         96       33.0      29.50       4.66
7:20am             98          5         14         96       33.2      29.50       4.66
7:25am             70         10         14         96       33.3      29.50       4.66
7:30am             87          5         14         96       33.3      29.49       4.66
7:35am             94          9         12         96       33.4      29.49       4.66
7:40am            101         10         17         96       33.5      29.49       4.66
7:45am             53          6         17         96       33.5      29.49       4.66
7:50am            112         13         17         96       33.5      29.49       4.66
7:55am             96          7         17         96       33.6      29.49       4.66
8:00am            102          3         17         96       33.6      29.48       4.66
8:05am             98          2          9         96       33.7      29.48       4.66
8:10am            100          4         10         96       33.8      29.48       4.66
8:15am            113          2         12         96       33.9      29.48       4.66
8:20am            290          1         12         96       33.9      29.48       4.66
8:25am             77          1         12         96       34.0      29.48       4.66
8:30am             35          0         12         96       33.9      29.48       4.66
8:35am            101          0         10         96       34.0      29.48       4.66
8:40am            335          1         10         96       34.0      29.48       4.66
8:45am            288          0         10         96       34.0      29.48       4.66
8:50am             73          2         10         96       33.9      29.48       4.66
8:55am            268          0         10         96       34.0      29.48       4.66
9:00am             47          1         10         96       34.0      29.48       4.66
9:05am            119          0          3         96       34.0      29.48       4.66
9:10am             90          0          4         96       34.0      29.48       4.66
9:15am            127          0          4         96       34.0      29.48       4.66
9:20am             81         12         12         96       34.0      29.48       4.66
9:25am            104          2         13         96       34.4      29.48       4.66
9:30am            113          4         13         96       34.5      29.49       4.66
9:35am             77          9         16         96       34.8      29.49       4.67
9:40am             82          9         21         96       35.0      29.49       4.69
9:45am             90          7         21         96       35.1      29.48       4.70
9:50am             65          8         21         96       35.1      29.49       4.71
9:55am             73         12         21         96       35.2      29.48       4.72
10:00am            92          4         21         96       35.3      29.49       4.72
10:05am            97         10         16         96       35.3      29.48       4.72
10:10am            78         15         17         96       35.3      29.49       4.72
10:15am            94         17         17         96       35.3      29.49       4.72
10:20am            57         14         20         96       35.2      29.49       4.72
10:25am            78         11         22         96       35.2      29.48       4.72
10:30am            68         12         22         96       35.1      29.48       4.72
10:35am            77         19         23         96       35.0      29.49       4.72
10:40am            77         16         23         96       35.0      29.48       4.72
10:45am           103         24         27         96       35.1      29.49       4.72
10:50am            72         14         27         96       35.1      29.49       4.72
10:55am            82         17         27         96       35.1      29.49       4.72
11:00am            80         16         27         96       35.1      29.49       4.72
11:05am            58         11         22         96       35.1      29.49       4.72
11:10am            82         14         22         96       35.1      29.50       4.73
11:15am            67          8         22         96       35.2      29.49       4.73
11:20am            89          8         22         96       35.3      29.49       4.73
11:25am           177          4         22         96       35.3      29.49       4.73
11:30am            66         17         23         96       35.5      29.50       4.73
11:35am            78          9         24         96       35.5      29.50       4.73
11:40am           111         11         24         96       35.5      29.49       4.73
11:45am            68         11         24         96       35.5      29.49       4.73
11:50am            68         16         24         96       35.6      29.50       4.73
11:55am           118         10         24         96       35.8      29.50       4.73
12:00pm           105         10         24         96       35.9      29.49       4.73
12:05pm            84         10         19         96       36.0      29.50       4.73
12:10pm            65          7         23         96       36.1      29.50       4.73
12:15pm            86         10         23         96       36.2      29.50       4.73
12:20pm           273          0         23         96       36.1      29.50       4.74
12:25pm            30          1         23         96       35.8      29.50       4.74
12:30pm           138          2         23         95       35.3      29.50       4.75
12:35pm            60          9         12         96       35.4      29.50       4.76
12:40pm           245          0         14         96       35.9      29.50       4.77
12:45pm            43          7         18         96       36.1      29.50       4.78
12:50pm            96          5         18         96       36.3      29.50       4.78
12:55pm            69          1         18         96       36.5      29.50       4.79
1:00pm             80          7         18         96       36.3      29.51       4.80
1:05pm             96          2         26         97       36.8      29.51       4.81
1:10pm             29          2         26         96       36.8      29.51       4.82
1:15pm            100         10         26         96       36.8      29.51       4.83
1:20pm             63         10         26         97       37.1      29.51       4.84
1:25pm             87          8         26         97       37.3      29.51       4.84
1:30pm             44          7         26         97       37.4      29.52       4.85
1:35pm             32         13         19         97       37.6      29.51       4.85
1:40pm             95         19         23         97       37.6      29.52       4.86
1:45pm            140          8         23         97       37.7      29.52       4.86
1:50pm             96         21         23         96       37.7      29.52       4.86
1:55pm             74          8         23         96       37.7      29.52       4.86
2:00pm             89         16         23         96       37.7      29.53       4.86
2:05pm            125          8         22         96       37.9      29.53       4.86
2:10pm             67         15         22         96       37.9      29.53       4.86
2:15pm             99         13         22         96       37.9      29.53       4.86
2:20pm             72         12         28         96       38.0      29.54       4.86
2:25pm             69         18         28         96       38.0      29.53       4.86
2:30pm             95         14         28         96       38.1      29.54       4.86
2:35pm             58         18         22         96       38.2      29.54       4.86
2:40pm             77         15         22         96       38.3      29.55       4.86
2:45pm             76          9         22         96       38.3      29.55       4.86
2:50pm             79          9         26         96       38.5      29.56       4.86
2:55pm            160          0         26         96       38.3      29.56       4.86
3:00pm             86          2         26         95       37.9      29.56       4.86
3:05pm             92          0          6         95       37.6      29.56       4.86
3:10pm            117          0          9         95       37.3      29.56       4.86
3:15pm            252          1          9         95       37.1      29.57       4.86
3:20pm            245          2          9         95       36.9      29.57       4.86
3:25pm            105          0         10         96       36.8      29.57       4.86
3:30pm            338          0         10         96       36.7      29.57       4.86
3:35pm            142          0          4         96       36.6      29.58       4.87
3:40pm             99          4          5         96       36.5      29.58       4.87
3:45pm            235          2          9         96       36.4      29.59       4.87
3:50pm            170          1          9         96       36.3      29.58       4.87
3:55pm             40          1          9         96       36.2      29.59       4.88
4:00pm            146          3          9         96       36.2      29.59       4.89
4:05pm            171          0         10         96       36.3      29.60       4.89
4:10pm            143          0         10         96       36.2      29.60       4.90
4:15pm            113          2         10         96       36.2      29.60       4.90
4:20pm             77          3         10         96       36.1      29.60       4.91
4:25pm             68          0         10         96       36.0      29.61       4.91
4:30pm            152          0         10         96       35.9      29.61       4.91
4:35pm            146          0          5         96       35.8      29.61       4.91
4:40pm            147          0          5         96       35.8      29.62       4.91
4:45pm            129          0          5         96       35.7      29.62       4.91
4:50pm            135          0         10         96       35.7      29.63       4.91
4:55pm            128          0         10         96       35.7      29.63       4.91
5:00pm            224          1         10         96       35.6      29.63       4.91
5:05pm             61          7          9         96       35.6      29.64       4.91
5:10pm            300          0          9         96       35.6      29.64       4.91
5:14pm            108          4         10         96       35.5      29.65       4.91
5:20pm             54          2         10         96       35.5      29.65       4.91
5:25pm             79          3         10         96       35.5      29.65       4.91
5:30pm             47          1         10         96       35.4      29.66       4.91
5:35pm            290          0          5         96       35.3      29.66       4.91
5:40pm            236          3          8         96       35.2      29.66       4.91
5:45pm            225          0          8         96       35.1      29.66       4.91
5:50pm            268          0          8         96       35.0      29.66       4.91
5:55pm            140          0          8         96       34.9      29.66       4.91
6:00pm            158          1          8         96       34.8      29.67       4.91
6:05pm            210          1          4         96       34.7      29.67       4.91
6:10pm            345          1          5         96       34.5      29.67       4.91
6:15pm            111          4         11         96       34.5      29.68       4.91
6:20pm            332          2         11         96       34.4      29.68       4.91
6:25pm            318          8         11         96       34.3      29.68       4.91
6:30pm            249          0         12         96       34.2      29.69       4.91
6:35pm             60          7          8         96       34.1      29.69       4.91
6:40pm             82          1          8         96       34.1      29.69       4.91
6:45pm            110          1         12         95       34.0      29.69       4.91
6:50pm             56          3         12         95       33.9      29.69       4.91
6:55pm            198          2         12         95       33.8      29.70       4.91
7:00pm            335          4         12         96       33.8      29.70       4.91
7:05pm             82          2         21         95       33.7      29.70       4.91
7:10pm            222          2         21         95       33.7      29.71       4.91
7:15pm            328          0         21         95       33.6      29.71       4.91
7:20pm            293          2         21         95       33.6      29.71       4.91
7:25pm            150          1         21         95       33.5      29.71       4.91
7:30pm             64          2         21         95       33.5      29.72       4.91
7:35pm            309          6          9         95       33.4      29.72       4.91
7:40pm            236          0          9         95       33.4      29.72       4.91
7:45pm             42          4         12         95       33.3      29.73       4.91
7:50pm             89          0         12         95       33.3      29.73       4.91
7:55pm            217          2         12         95       33.3      29.73       4.91
8:00pm            352          1         12         95       33.2      29.74       4.91
8:05pm            349          2          9         95       33.1      29.74       4.91
8:10pm            337          0         11         95       33.1      29.74       4.91
8:15pm            236          0         11         95       33.1      29.74       4.91
8:20pm             46          3         12         95       33.1      29.74       4.91
8:25pm             57          0         12         95       33.1      29.74       4.91
8:30pm            146          0         12         95       33.0      29.74       4.91
8:35pm            145          1          7         95       33.1      29.74       4.91
8:40pm             44          0         11         94       33.1      29.74       4.91
8:45pm            248          0         11         94       33.0      29.74       4.91
8:50pm            343          1         11         94       33.0      29.74       4.91
8:55pm            264          0         11         94       33.0      29.75       4.91
9:00pm             55          2         11         94       33.0      29.75       4.91
9:05pm            217          2          3         93       32.9      29.75       4.91
9:10pm            149          0          4         93       32.9      29.75       4.91
9:15pm            281          1          5         93       32.9      29.76       4.91
9:20pm            297          1          5         93       32.9      29.76       4.91
9:25pm            320          0          7         93       32.8      29.76       4.91
9:30pm            186          2         11         93       32.9      29.76       4.91
9:35pm            161          2          3         93       32.8      29.77       4.91
9:40pm            150          0          7         92       32.8      29.77       4.91
9:45pm             90          0          7         92       32.8      29.77       4.91
9:50pm            214          2          7         92       32.7      29.77       4.91
9:55pm            255          5         11         92       32.7      29.77       4.91
10:00pm           103          3         11         92       32.7      29.78       4.91
10:05pm           202          0         10         92       32.7      29.78       4.91
10:10pm            48          0         10         92       32.7      29.78       4.91
10:15pm            50          2         14         92       32.7      29.78       4.91
10:20pm            77          1         14         91       32.7      29.78       4.91
10:25pm           160          1         14         91       32.7      29.78       4.91
10:30pm            43          0         14         91       32.7      29.79       4.91
10:35pm            42          1          8         91       32.6      29.79       4.91
10:40pm            18          2          8         91       32.6      29.79       4.91
10:45pm            47          1          8         91       32.5      29.79       4.91
10:50pm           302          1          8         91       32.5      29.79       4.91
10:55pm            40          0          8         91       32.5      29.80       4.91
11:00pm           252          2          8         91       32.4      29.80       4.91
11:05pm           287          0         10         91       32.5      29.80       4.91
11:10pm           256          1         10         91       32.5      29.80       4.91
11:15pm            27          2         10         91       32.5      29.80       4.91
11:20pm            55          2         10         91       32.4      29.80       4.91
11:25pm           233          0         10         90       32.4      29.80       4.91
11:30pm            13          0         10         90       32.5      29.80       4.91
11:35pm           157          2          6         90       32.5      29.80       4.91
11:40pm            19          1          6         89       32.5      29.80       4.91
11:45pm           248          0          8         89       32.5      29.81       4.91
11:50pm            68          8          8         89       32.5      29.81       4.91
11:55pm           231          1          8         89       32.5      29.81       4.91
