3/24/18
Time         Wind Dir   Wind Spd  Wind Gust   Humidity       Temp  Raw Barom   Tot Rain
                    °        mph        mph          %         °F         in         in
12:00am           221          0          3         66       30.1      29.98       5.14
12:05am           221          0          0         67       29.8      29.98       5.14
12:10am           221          0          0         67       29.7      29.98       5.14
12:15am           221          0          0         68       29.5      29.98       5.14
12:20am           221          0          0         68       29.3      29.97       5.14
12:25am           221          0          0         68       29.2      29.97       5.14
12:30am           221          0          0         68       29.0      29.97       5.14
12:35am           221          0          0         69       28.8      29.97       5.14
12:40am           221          0          0         70       28.7      29.97       5.14
12:45am           221          0          0         72       28.7      29.97       5.14
12:50am           221          0          0         73       28.5      29.98       5.14
12:55am           221          0          0         73       28.3      29.98       5.14
1:00am            221          0          1         74       28.1      29.98       5.14
1:05am            221          0          0         75       27.9      29.98       5.14
1:10am            221          0          0         76       27.7      29.98       5.14
1:15am            221          0          0         76       27.5      29.98       5.14
1:20am            221          0          0         77       27.3      29.98       5.14
1:25am            221          0          0         77       27.1      29.98       5.14
1:30am            221          0          1         78       27.0      29.98       5.14
1:35am            221          0          1         78       27.1      29.98       5.14
1:40am            221          0          1         78       27.0      29.98       5.14
1:45am            257          0          1         77       26.9      29.98       5.14
1:50am            257          0          1         79       26.7      29.98       5.14
1:55am            257          0          1         79       26.5      29.98       5.14
2:00am            257          0          1         79       26.3      29.98       5.14
2:05am            257          0          0         79       26.4      29.98       5.14
2:10am            257          0          0         79       26.3      29.98       5.14
2:15am            257          0          0         79       26.3      29.98       5.14
2:20am            257          0          1         79       26.1      29.98       5.14
2:25am            257          0          1         80       25.6      29.98       5.14
2:30am            257          0          1         79       25.4      29.98       5.14
2:35am            257          0          0         78       25.3      29.98       5.14
2:40am            257          0          0         79       25.4      29.98       5.14
2:45am            257          0          0         80       25.3      29.98       5.14
2:50am            257          0          0         80       25.0      29.98       5.14
2:55am            257          0          0         80       25.0      29.97       5.14
3:00am            257          0          0         80       25.0      29.97       5.14
3:05am            257          0          0         81       24.8      29.97       5.14
3:10am            257          0          0         80       24.8      29.97       5.14
3:15am            257          0          1         81       24.7      29.97       5.14
3:20am            257          0          1         80       24.7      29.97       5.14
3:25am            257          0          1         82       24.5      29.97       5.14
3:30am            257          0          1         83       24.1      29.97       5.14
3:35am            262          0          0         83       23.9      29.97       5.14
3:40am            262          0          1         83       23.9      29.97       5.14
3:45am            270          0          1         84       23.7      29.97       5.14
3:50am            270          0          1         84       23.4      29.97       5.14
3:55am            270          0          1         85       23.2      29.97       5.14
4:00am            270          0          1         86       23.2      29.97       5.14
4:05am            270          0          0         86       23.3      29.97       5.14
4:10am            274          0          1         86       23.2      29.97       5.14
4:15am            286          0          1         87       23.0      29.97       5.14
4:20am            285          0          1         87       22.7      29.97       5.14
4:25am            285          0          1         87       22.5      29.97       5.14
4:30am            276          0          1         87       22.4      29.97       5.14
4:35am            276          0          1         88       22.3      29.97       5.14
4:40am            276          0          1         88       22.1      29.97       5.14
4:45am            276          0          1         88       22.0      29.97       5.14
4:50am            277          0          1         88       21.9      29.98       5.14
4:55am            276          1          1         88       21.8      29.98       5.14
5:00am            276          0          1         88       21.7      29.98       5.14
5:05am            277          0          0         88       21.5      29.98       5.14
5:10am            277          0          0         88       21.5      29.98       5.14
5:15am            285          0          1         88       21.4      29.98       5.14
5:20am            285          0          1         89       21.3      29.98       5.14
5:25am            285          0          1         89       21.3      29.98       5.14
5:30am            281          0          1         89       21.3      29.98       5.14
5:35am            281          1          1         89       21.2      29.98       5.14
5:40am            281          0          1         89       21.1      29.98       5.14
5:45am            277          0          1         89       21.0      29.98       5.14
5:50am            280          0          1         89       20.8      29.98       5.14
5:55am            281          0          1         89       20.6      29.97       5.14
6:00am            278          0          1         89       20.4      29.98       5.14
6:05am            282          0          1         89       20.2      29.98       5.14
6:10am            257          0          1         90       20.1      29.98       5.14
6:15am            259          0          1         90       20.0      29.98       5.14
6:20am            259          0          1         90       20.0      29.98       5.14
6:25am            259          0          1         90       19.9      29.98       5.14
6:30am            259          0          1         91       19.8      29.98       5.14
6:35am            259          0          0         91       19.7      29.98       5.14
6:40am            259          0          0         91       19.5      29.98       5.14
6:45am            259          0          0         91       19.4      29.98       5.14
6:50am            259          0          0         91       19.4      29.99       5.14
6:55am            259          0          0         91       19.3      29.99       5.14
7:00am            259          0          0         91       19.3      29.99       5.14
7:05am            259          0          0         91       19.4      29.99       5.14
7:10am            259          0          0         91       19.6      29.99       5.14
7:15am            259          0          0         91       19.8      29.99       5.14
7:20am            259          0          0         91       20.0      29.99       5.14
7:25am            259          0          0         91       20.3      30.00       5.14
7:30am            228          0          0         91       20.8      30.00       5.14
7:35am            228          0          0         91       21.9      30.00       5.14
7:40am            228          0          0         89       23.8      30.00       5.14
7:45am            209          0          1         86       25.4      30.00       5.14
7:50am            239          0          1         83       26.5      30.00       5.14
7:55am            265          0          1         80       27.2      30.00       5.14
8:00am            250          0          1         79       27.8      30.00       5.14
8:05am            229          0          0         77       28.3      30.00       5.14
8:10am            266          0          1         76       29.2      30.00       5.14
8:15am            294          4          4         74       30.1      30.00       5.14
8:20am            326          0          4         71       31.2      30.00       5.14
8:25am            224          0          4         69       32.5      30.00       5.14
8:30am            106          0          6         65       33.6      30.00       5.14
8:35am             59          0          5         64       34.1      30.00       5.14
8:40am            211          0          5         63       33.7      30.01       5.14
8:45am            107          0          5         64       33.5      30.00       5.14
8:50am             58          0          5         63       33.1      30.00       5.14
8:55am            143          0          5         64       32.9      30.00       5.14
9:00am            242          0          5         64       32.7      30.00       5.14
9:05am            254          0          4         64       32.8      30.00       5.14
9:10am            241          0          6         64       33.0      30.00       5.14
9:15am            111          0          6         63       33.1      30.00       5.14
9:20am            186          0          6         63       33.2      30.01       5.14
9:25am            317          0          6         63       33.1      30.00       5.14
9:30am            132          0          6         62       33.3      30.00       5.14
9:35am            229          1          5         62       33.4      30.00       5.14
9:40am             56          0          5         61       33.7      30.01       5.14
9:45am            235          0          5         62       33.8      30.01       5.14
9:50am            205          3          5         62       34.1      30.01       5.14
9:55am            288          1          5         60       34.4      30.01       5.14
10:00am           266          0          5         60       34.5      30.01       5.14
10:05am           278          0          4         60       34.8      30.01       5.14
10:10am           252          1          4         59       35.2      30.01       5.14
10:15am           176          0          7         59       35.4      30.01       5.14
10:20am            16          0          7         57       35.8      30.01       5.14
10:25am           185          0          7         56       36.0      30.01       5.14
10:30am           229          0          7         57       36.4      30.01       5.14
10:35am           286          1          3         55       37.1      30.01       5.14
10:40am           275          0          3         54       37.2      30.01       5.14
10:45am           148          0          3         55       37.6      30.01       5.14
10:50am            41          4          4         54       37.8      30.01       5.14
10:55am           247          1          5         54       37.8      30.01       5.14
11:00am           129          0          5         52       38.0      30.01       5.14
11:05am           139          0          4         53       38.2      30.01       5.14
11:10am            98          0          5         52       39.0      30.01       5.14
11:15am           240          1          6         50       38.9      30.01       5.14
11:20am           142          1          6         51       38.5      30.01       5.14
11:25am            82          4          7         52       39.2      30.00       5.14
11:30am            71          4          7         50       38.9      30.00       5.14
11:35am            66          1          5         51       38.8      30.01       5.14
11:40am           283          3          8         49       39.6      30.01       5.14
11:45am           289          5          8         49       39.1      30.01       5.14
11:50am           241          0          8         50       38.9      30.00       5.14
11:55am           229          1          8         52       38.8      30.00       5.14
12:00pm           262          1          8         50       39.1      30.00       5.14
12:05pm           262          0          8         50       38.8      30.00       5.14
12:10pm           293          1          8         50       38.6      30.01       5.14
12:15pm            56          2          8         51       38.3      30.01       5.14
12:20pm           267          5          8         51       38.7      30.01       5.14
12:25pm           245          4          8         50       38.7      30.01       5.14
12:30pm           243          0         10         50       38.7      30.01       5.14
12:35pm           203          0          5         49       39.2      30.01       5.14
12:40pm           100          3          6         50       39.5      30.00       5.14
12:45pm            96          4         10         48       39.3      30.01       5.14
12:50pm           150          1         10         48       38.9      30.00       5.14
12:55pm           122          5         12         49       38.6      30.01       5.14
1:00pm            208          0         12         52       38.3      30.01       5.14
1:05pm             66          1          7         49       38.9      30.01       5.14
1:10pm             96          1          7         50       39.1      30.01       5.14
1:15pm             84          2          9         47       39.2      30.00       5.14
1:20pm            108          0          9         47       39.2      30.00       5.14
1:25pm            163          1          9         48       39.5      30.00       5.14
1:30pm             60          1          9         48       39.1      30.00       5.14
1:35pm            195          1          3         48       39.2      30.00       5.14
1:40pm            279          1          7         46       39.5      30.00       5.14
1:45pm            185          0          7         46       40.1      29.99       5.14
1:50pm             53          1          7         45       40.4      29.99       5.14
1:55pm            178          0          7         45       40.9      29.99       5.14
2:00pm            130          1          7         45       41.1      29.99       5.14
2:05pm             68          1          6         45       40.8      29.99       5.14
2:10pm             79          6          6         45       39.9      29.99       5.14
2:15pm            127          0          6         46       39.2      29.99       5.14
2:20pm            270          0          6         45       39.2      29.99       5.14
2:25pm            348          4          6         45       39.8      29.98       5.14
2:30pm              9          2          9         45       39.6      29.99       5.14
2:35pm            257          0          3         47       39.7      29.99       5.14
2:40pm            136          0          3         45       39.9      29.99       5.14
2:45pm            213          0          4         45       39.8      29.98       5.14
2:50pm            235          0          4         46       40.0      29.99       5.14
2:55pm            301          3          7         44       40.8      29.98       5.14
3:00pm            176          1          8         45       40.4      29.99       5.14
3:05pm            116          0          5         43       40.6      29.99       5.14
3:10pm            188          0          5         43       41.5      29.99       5.14
3:15pm            240          1          7         41       42.4      29.98       5.14
3:20pm             63          0          7         41       42.2      29.98       5.14
3:25pm            360          4          7         41       42.9      29.98       5.14
3:30pm            269          4          7         39       43.4      29.98       5.14
3:35pm            200          0          7         41       42.2      29.99       5.14
3:40pm            348          0          7         42       42.3      29.99       5.14
3:45pm             79          3          7         44       41.1      29.99       5.14
3:50pm            249          1          7         44       40.6      29.99       5.14
3:55pm            124          1          7         42       41.5      29.98       5.14
4:00pm             39          0          7         42       41.2      29.98       5.14
4:05pm             96          0          3         44       40.8      29.98       5.14
4:10pm            256          0          4         45       40.6      29.98       5.14
4:15pm             85          3          5         45       40.0      29.98       5.14
4:20pm            143          0          5         46       39.2      29.98       5.14
4:25pm             97          1          6         46       38.8      29.98       5.14
4:30pm            247          0          6         48       38.9      29.98       5.14
4:35pm            212          0          2         44       40.3      29.98       5.14
4:40pm            300          2          6         43       41.3      29.98       5.14
4:45pm            274          2          6         42       42.4      29.98       5.14
4:50pm            268          0          7         43       43.1      29.98       5.14
4:55pm            225          1          7         41       43.6      29.99       5.14
5:00pm            274          1          7         40       43.4      29.98       5.14
5:05pm             30          0          5         41       43.5      29.99       5.14
5:10pm            144          0          5         42       42.9      29.99       5.14
5:15pm            269          1          5         42       41.7      29.99       5.14
5:20pm            141          0          5         44       41.3      29.99       5.14
5:25pm            143          0          5         43       41.4      29.99       5.14
5:30pm             72          1          9         40       43.2      29.99       5.14
5:35pm            257          0          8         40       43.2      29.99       5.14
5:40pm            109          0          8         42       41.7      30.00       5.14
5:45pm            321          3          8         43       40.3      30.00       5.14
5:50pm            316          0          8         45       39.2      30.00       5.14
5:55pm            124          0          8         46       38.6      30.00       5.14
6:00pm            131          1          8         46       38.2      30.01       5.14
6:05pm             62          5          6         47       37.7      30.01       5.14
6:10pm              2          0          6         48       37.3      30.01       5.14
6:15pm            134          0          6         48       37.1      30.01       5.14
6:20pm             63          0          6         48       36.9      30.02       5.14
6:25pm            222          0          6         49       36.7      30.02       5.14
6:30pm            136          0          6         49       36.5      30.02       5.14
6:35pm             86          0          5         50       36.3      30.03       5.14
6:40pm            338          0          5         51       36.1      30.03       5.14
6:45pm            109          0          5         53       35.9      30.03       5.14
6:50pm            294          1          5         54       35.6      30.03       5.14
6:55pm            342          1          5         52       35.5      30.03       5.14
7:00pm            137          0          5         53       35.3      30.04       5.14
7:05pm            269          0          2         53       35.1      30.04       5.14
7:10pm            325          1          3         53       35.0      30.04       5.14
7:15pm            276          0          3         54       34.8      30.04       5.14
7:20pm            349          1          3         54       34.7      30.04       5.14
7:25pm             82          0          6         55       34.5      30.04       5.14
7:30pm            120          0          6         55       34.3      30.05       5.14
7:35pm            140          0          4         55       34.1      30.05       5.14
7:40pm             94          2          6         55       34.0      30.05       5.14
7:45pm            244          1          6         56       33.8      30.05       5.14
7:50pm            277          0          6         57       33.6      30.05       5.14
7:55pm            290          0          6         57       33.4      30.06       5.14
8:00pm             30          1          6         57       33.2      30.06       5.14
8:05pm            137          0         10         58       33.2      30.06       5.14
8:10pm            160          0         10         58       32.9      30.06       5.14
8:15pm            319          1         10         59       32.6      30.06       5.14
8:20pm            311          0         10         58       32.5      30.06       5.14
8:25pm             72          3         10         60       32.3      30.06       5.14
8:30pm            147          0         10         60       32.1      30.07       5.14
8:35pm            136          0          2         61       31.8      30.07       5.14
8:40pm            127          0          4         60       31.7      30.07       5.14
8:45pm            279          0          4         61       31.6      30.08       5.14
8:50pm             79          0          6         61       31.5      30.08       5.14
8:55pm            311          0          6         62       31.3      30.08       5.14
9:00pm             27          0          6         61       31.3      30.08       5.14
9:05pm            250          0          4         62       31.1      30.08       5.14
9:10pm             11          0          5         61       30.9      30.08       5.14
9:15pm            277          0          5         62       30.8      30.09       5.14
9:20pm            103          0          5         62       30.7      30.09       5.14
9:25pm            132          0          7         62       30.6      30.09       5.14
9:30pm            241          0          7         63       30.5      30.09       5.14
9:35pm            275          0          1         63       30.4      30.09       5.14
9:40pm            131          0          5         63       30.4      30.10       5.14
9:45pm            188          1          5         63       30.4      30.10       5.14
9:50pm            278          0          5         62       30.4      30.10       5.14
9:55pm            262          1          5         63       30.4      30.10       5.14
10:00pm           333          0          5         64       30.3      30.10       5.14
10:05pm           257          0          1         64       30.3      30.10       5.14
10:10pm           134          0          3         66       30.1      30.11       5.14
10:15pm           269          0          5         67       30.0      30.11       5.14
10:20pm           159          0          5         68       30.0      30.11       5.14
10:25pm           285          0          5         67       30.0      30.11       5.14
10:30pm            89          1          5         66       30.0      30.11       5.14
10:35pm           154          0          1         65       30.0      30.11       5.14
10:40pm           269          0          1         65       30.0      30.12       5.14
10:45pm           276          0          4         66       30.1      30.12       5.14
10:50pm           254          0          4         64       30.1      30.12       5.14
10:55pm           281          0          4         65       30.1      30.12       5.14
11:00pm           244          0          4         65       30.0      30.13       5.14
11:05pm             9          0          2         64       30.0      30.13       5.14
11:10pm            63          0          2         64       29.9      30.13       5.14
11:15pm            53          0          2         63       29.8      30.13       5.14
11:20pm           105          0          2         65       29.8      30.13       5.14
11:25pm           105          0          2         65       29.6      30.14       5.14
11:30pm           105          0          2         66       29.5      30.14       5.14
11:35pm           105          0          0         66       29.2      30.14       5.14
11:40pm           227          0          0         67       29.1      30.14       5.14
11:45pm           236          0          1         67       29.1      30.14       5.14
11:50pm           252          1          1         67       29.1      30.14       5.14
11:55pm           271          0          3         67       29.0      30.15       5.14
