4/22/18
Time         Wind Dir   Wind Spd  Wind Gust   Humidity       Temp  Raw Barom   Tot Rain
                    °        mph        mph          %         °F         in         in
12:00am           280          0          1         73       30.3      30.25       6.58
12:05am           279          0          0         72       30.4      30.25       6.58
12:10am           280          0          0         72       30.8      30.25       6.58
12:15am           279          0          0         76       30.7      30.26       6.58
12:20am           279          0          0         76       30.2      30.25       6.58
12:25am           279          0          0         75       30.0      30.26       6.58
12:30am           279          0          0         73       30.0      30.26       6.58
12:35am           279          0          0         70       30.4      30.26       6.58
12:40am           280          0          0         69       30.7      30.26       6.58
12:45am           279          0          1         70       31.1      30.26       6.58
12:50am           279          0          1         67       31.6      30.27       6.58
12:55am           279          0          1         68       32.0      30.27       6.58
1:00am            280          0          1         70       31.9      30.27       6.58
1:05am            281          1          1         72       31.4      30.27       6.58
1:10am            279          0          1         75       30.8      30.27       6.58
1:15am            281          0          1         75       30.4      30.27       6.58
1:20am            279          0          1         77       30.2      30.27       6.58
1:25am            284          1          2         78       29.9      30.27       6.58
1:30am            283          1          2         79       29.6      30.26       6.58
1:35am            284          0          1         79       29.5      30.26       6.58
1:40am            279          0          1         79       29.4      30.27       6.58
1:45am            275          0          1         79       29.2      30.27       6.58
1:50am            275          0          1         80       28.9      30.27       6.58
1:55am            275          0          1         80       28.7      30.27       6.58
2:00am            275          0          1         81       28.5      30.27       6.58
2:05am            275          0          0         81       28.5      30.27       6.58
2:10am            275          0          0         82       28.3      30.27       6.58
2:15am            275          0          0         83       28.0      30.27       6.58
2:20am            275          0          0         82       28.2      30.27       6.58
2:25am            275          0          0         83       28.2      30.27       6.58
2:30am            275          0          0         83       28.2      30.27       6.58
2:35am            275          0          0         82       28.2      30.27       6.58
2:40am            275          0          0         82       28.1      30.27       6.58
2:45am            275          0          0         82       27.7      30.27       6.58
2:50am            275          0          0         83       27.5      30.27       6.58
2:55am            275          0          0         84       27.2      30.27       6.58
3:00am            275          0          0         85       27.0      30.27       6.58
3:05am            275          0          0         85       27.2      30.27       6.58
3:10am            275          0          0         85       27.3      30.27       6.58
3:15am            275          0          0         85       27.4      30.27       6.58
3:20am            275          0          0         84       27.6      30.27       6.58
3:25am            275          0          0         85       27.7      30.28       6.58
3:30am            275          0          0         85       27.7      30.28       6.58
3:35am            275          0          0         85       27.6      30.28       6.58
3:40am            275          0          0         85       27.4      30.28       6.58
3:45am            275          0          0         85       27.3      30.28       6.58
3:50am            275          0          0         85       27.3      30.28       6.58
3:55am            275          0          0         85       27.3      30.27       6.58
4:00am            275          0          0         85       27.0      30.27       6.58
4:05am            112          0          0         87       27.1      30.27       6.58
4:10am            112          0          0         86       27.1      30.27       6.58
4:15am            112          0          0         86       27.1      30.27       6.58
4:20am            112          0          0         86       26.7      30.27       6.58
4:25am            112          0          0         87       26.7      30.27       6.58
4:30am            110          0          0         88       26.7      30.28       6.58
4:35am            110          0          0         88       26.7      30.28       6.58
4:40am            110          0          0         88       26.5      30.27       6.58
4:45am            110          0          0         88       26.4      30.28       6.58
4:50am            110          0          0         88       26.4      30.27       6.58
4:55am            110          0          0         88       26.5      30.28       6.58
5:00am            111          0          0         88       26.7      30.28       6.58
5:05am            111          0          0         87       26.7      30.28       6.58
5:10am            291          0          0         88       26.4      30.28       6.58
5:15am            283          0          0         88       26.2      30.28       6.58
5:20am            280          0          0         88       26.1      30.28       6.58
5:25am            276          0          0         88       25.9      30.28       6.58
5:30am            271          0          0         88       25.8      30.28       6.58
5:35am            278          0          0         88       25.8      30.28       6.58
5:40am            281          0          0         89       25.7      30.28       6.58
5:45am            291          0          0         89       25.7      30.28       6.58
5:50am            285          0          2         89       25.6      30.28       6.58
5:55am            269          1          2         89       25.4      30.29       6.58
6:00am            273          0          2         89       25.4      30.29       6.58
6:05am            280          0          1         89       25.2      30.29       6.58
6:10am            283          0          1         89       25.2      30.29       6.58
6:15am            285          0          1         89       25.2      30.29       6.58
6:20am            274          0          1         89       25.2      30.30       6.58
6:25am            265          0          1         89       25.1      30.30       6.58
6:30am            262          0          1         89       25.2      30.30       6.58
6:35am            277          1          1         89       26.1      30.30       6.58
6:40am            269          0          1         87       27.4      30.30       6.58
6:45am            269          0          1         85       28.3      30.30       6.58
6:50am            262          0          1         82       29.0      30.31       6.58
6:55am            286          0          1         81       29.7      30.31       6.58
7:00am            269          0          1         79       30.1      30.31       6.58
7:05am            280          0          1         78       30.7      30.31       6.58
7:10am            268          0          1         77       31.0      30.31       6.58
7:15am            266          0          1         76       31.4      30.31       6.58
7:20am            269          0          1         75       32.1      30.31       6.58
7:25am            265          0          1         72       33.5      30.31       6.58
7:30am            264          0          1         70       34.5      30.31       6.58
7:35am            274          0          1         66       35.0      30.31       6.58
7:40am            266          0          1         64       35.2      30.31       6.58
7:45am            248          0          1         64       36.0      30.31       6.58
7:50am            255          0          1         61       36.7      30.31       6.58
7:55am            276          0          2         61       37.8      30.31       6.58
8:00am            266          1          2         59       38.4      30.31       6.58
8:05am            269          3          3         58       38.7      30.31       6.58
8:10am            264          1          3         57       39.3      30.31       6.58
8:15am            243          0          3         55       39.9      30.31       6.58
8:20am            254          1          3         53       40.7      30.31       6.58
8:25am            263          1          6         50       41.3      30.31       6.58
8:30am            282          4          6         47       41.5      30.31       6.58
8:35am            278          0          6         47       42.0      30.31       6.58
8:40am            276          2          6         46       42.3      30.31       6.58
8:45am            282          2          7         46       42.8      30.31       6.58
8:50am            245          2          7         44       43.4      30.31       6.58
8:55am            283          0          7         44       43.8      30.31       6.58
9:00am            270          1          7         44       44.4      30.31       6.58
9:05am            132          0          4         45       45.0      30.31       6.58
9:10am            270          1          8         39       45.9      30.31       6.58
9:15am            176          1          8         37       45.8      30.31       6.58
9:20am            191          0          8         37       46.1      30.32       6.58
9:25am             13          2         10         37       46.1      30.32       6.58
9:30am            230          1         10         38       46.1      30.32       6.58
9:35am            276          3         12         36       45.8      30.32       6.58
9:40am             40          0         12         37       45.7      30.32       6.58
9:45am             67          3         12         36       45.9      30.32       6.58
9:50am            251          1         12         38       45.9      30.32       6.58
9:55am            278          3         12         37       46.1      30.32       6.58
10:00am           166          4         16         35       45.9      30.31       6.58
10:05am           221          0          9         35       46.2      30.32       6.58
10:10am            13          0          9         35       46.7      30.32       6.58
10:15am           251          5         11         34       46.7      30.32       6.58
10:20am           272          9         11         36       46.9      30.32       6.58
10:25am           304          3         13         34       46.5      30.32       6.58
10:30am           294          0         13         33       47.1      30.32       6.58
10:35am            53          2         12         35       47.4      30.31       6.58
10:40am           254          6         12         34       48.2      30.32       6.58
10:45am           276          0         13         34       48.0      30.32       6.58
10:50am           285          0         13         33       48.2      30.31       6.58
10:55am           258          2         13         32       48.1      30.31       6.58
11:00am           303          1         13         34       48.8      30.31       6.58
11:05am           282          3          6         33       49.2      30.31       6.58
11:10am           289          5          7         32       50.1      30.31       6.58
11:15am           285          0          9         32       49.6      30.31       6.58
11:20am           294          3         10         31       49.6      30.31       6.58
11:25am            91          1         10         31       48.9      30.31       6.58
11:30am           101          2         10         32       50.0      30.31       6.58
11:35am           280          1          9         30       49.8      30.31       6.58
11:40am           154          3          9         31       50.0      30.31       6.58
11:45am           274          4          9         31       50.1      30.31       6.58
11:50am           297          5         12         30       50.2      30.31       6.58
11:55am           257          1         12         32       50.9      30.31       6.58
12:00pm           275          2         12         30       50.8      30.31       6.58
12:05pm            60          2          9         30       51.2      30.31       6.58
12:10pm            84          1          9         31       51.6      30.31       6.58
12:15pm           265          1          9         28       51.8      30.31       6.58
12:20pm           257          7          9         28       51.9      30.31       6.58
12:25pm           295          1         12         29       51.2      30.31       6.58
12:30pm           291          7         13         28       51.2      30.30       6.58
12:35pm           325          2         12         29       51.5      30.30       6.58
12:40pm           136          4         12         27       51.7      30.30       6.58
12:45pm           293          9         12         27       52.6      30.30       6.58
12:50pm           199          2         12         26       52.8      30.30       6.58
12:55pm           120          2         12         26       53.2      30.30       6.58
1:00pm            249          2         12         27       53.8      30.30       6.58
1:05pm            263          5          8         27       53.7      30.30       6.58
1:10pm            160          0          8         26       54.2      30.30       6.58
1:15pm             73          8         10         25       53.9      30.30       6.58
1:20pm            236          0         10         24       53.5      30.30       6.58
1:25pm             90         11         11         25       53.6      30.30       6.58
1:30pm            227          1         11         25       53.5      30.30       6.58
1:35pm            100          1          5         26       53.6      30.30       6.58
1:40pm            105          7         10         26       53.3      30.30       6.58
1:45pm            173          5         13         24       53.7      30.30       6.58
1:50pm            304          1         13         23       54.0      30.30       6.58
1:55pm            309          2         13         24       54.0      30.29       6.58
2:00pm             98          2         13         23       54.1      30.29       6.58
2:05pm            274          7          9         23       54.4      30.30       6.58
2:10pm            128          0         10         24       54.5      30.29       6.58
2:15pm             99          0         10         23       54.9      30.29       6.58
2:20pm             95          0         10         23       55.8      30.29       6.58
2:25pm             65          4         11         23       55.3      30.29       6.58
2:30pm            103          1         11         22       55.1      30.29       6.58
2:35pm            262          2          7         23       54.9      30.29       6.58
2:40pm             83          6          8         24       55.4      30.29       6.58
2:45pm            257          3         12         24       55.2      30.29       6.58
2:50pm            104          3         12         24       55.7      30.29       6.58
2:55pm            262          8         12         23       56.4      30.28       6.58
3:00pm            272          2         12         24       56.4      30.29       6.58
3:05pm            300          4          7         24       56.9      30.29       6.58
3:10pm            213          1          9         23       56.7      30.28       6.58
3:15pm            101          0          9         24       57.5      30.28       6.58
3:20pm            105          0          9         23       58.1      30.28       6.58
3:25pm             62          2          9         23       58.3      30.28       6.58
3:30pm             69          5          9         22       58.5      30.28       6.58
3:35pm            357          4         12         22       57.9      30.28       6.58
3:40pm             76          4         12         23       58.0      30.27       6.58
3:45pm            134          3         12         23       58.2      30.28       6.58
3:50pm             96          2         13         21       57.3      30.27       6.58
3:55pm            248          3         13         25       57.4      30.27       6.58
4:00pm            259          1         13         22       58.6      30.27       6.58
4:05pm            103          2         12         22       57.8      30.27       6.58
4:10pm            148          2         12         25       57.6      30.27       6.58
4:15pm            140          3         12         22       58.9      30.27       6.58
4:20pm             49          3         12         22       59.0      30.26       6.58
4:25pm            195          1         12         24       58.8      30.27       6.58
4:30pm             65          0         12         23       58.8      30.27       6.58
4:35pm             10          3         12         22       59.1      30.27       6.58
4:40pm            277          3         12         21       58.4      30.27       6.58
4:45pm             76          5         12         22       58.3      30.27       6.58
4:50pm             67          0         12         22       57.9      30.27       6.58
4:55pm            273          0         12         22       58.1      30.28       6.58
5:00pm            106          1         12         22       58.5      30.27       6.58
5:05pm            253          4          6         20       58.9      30.27       6.58
5:10pm            275          4          8         19       58.5      30.27       6.58
5:15pm            271          8         11         21       58.4      30.27       6.58
5:20pm            326          0         11         20       58.0      30.27       6.58
5:25pm            246          1         11         20       59.3      30.27       6.58
5:30pm            183          1         11         20       58.6      30.27       6.58
5:35pm            127          2          3         19       58.8      30.28       6.58
5:40pm             84          1          4         19       58.9      30.28       6.58
5:45pm            174          0          5         19       59.0      30.28       6.58
5:50pm             66          0          5         19       58.9      30.28       6.58
5:55pm            275          0          5         19       59.0      30.27       6.58
6:00pm            233          0          5         22       56.1      30.28       6.58
6:05pm            233          1          8         22       54.7      30.28       6.58
6:10pm             91          1          8         21       54.1      30.28       6.58
6:15pm            243          0          8         23       53.5      30.28       6.58
6:20pm            223          0          8         23       53.3      30.28       6.58
6:25pm             92          2          8         24       53.2      30.28       6.58
6:30pm            203          2          8         23       52.6      30.28       6.58
6:35pm             79          2          4         24       52.0      30.28       6.58
6:40pm            152          1          6         24       51.6      30.28       6.58
6:45pm            126          0          6         25       51.4      30.28       6.58
6:50pm             41          0          6         25       51.2      30.29       6.58
6:55pm             89          0          6         25       50.8      30.29       6.58
7:00pm            117          0          6         24       50.6      30.29       6.58
7:05pm             58          0          1         26       50.5      30.29       6.58
7:10pm             75          0          5         24       50.2      30.29       6.58
7:15pm            105          0          5         25       50.0      30.29       6.58
7:20pm             51          1          5         24       49.9      30.29       6.58
7:25pm             61          0          5         25       49.8      30.29       6.58
7:30pm            113          0          5         26       49.4      30.29       6.58
7:35pm            144          0          1         26       49.1      30.29       6.58
7:40pm            257          0          1         27       48.7      30.29       6.58
7:45pm             80          0          1         26       48.4      30.30       6.58
7:50pm             80          0          1         27       47.8      30.30       6.58
7:55pm            139          0          1         27       47.3      30.30       6.58
7:59pm            139          0          1         28       46.9      30.30       6.58
8:05pm             39          0          1         28       46.3      30.30       6.58
8:10pm             40          0          1         31       46.4      30.31       6.58
8:15pm             65          0          1         34       45.6      30.31       6.58
8:20pm            120          0          1         31       45.3      30.31       6.58
8:25pm            110          0          1         33       45.4      30.31       6.58
8:30pm            256          0          1         33       45.2      30.31       6.58
8:35pm            264          0          0         34       45.0      30.32       6.58
8:40pm            288          0          1         36       44.4      30.32       6.58
8:45pm            282          1          1         36       43.9      30.32       6.58
8:50pm            281          1          1         40       43.3      30.32       6.58
8:55pm            293          1          2         41       42.5      30.33       6.58
9:00pm            285          2          2         42       42.2      30.33       6.58
9:05pm            283          0          2         44       41.9      30.33       6.58
9:10pm            275          1          2         44       41.4      30.33       6.58
9:15pm            284          0          2         48       40.7      30.33       6.58
9:20pm            283          0          2         50       40.0      30.33       6.58
9:25pm            284          0          2         51       39.3      30.33       6.58
9:30pm            283          0          2         54       38.9      30.34       6.58
9:35pm            283          0          1         55       38.6      30.34       6.58
9:40pm            283          0          1         56       38.0      30.34       6.58
9:45pm            283          0          1         58       37.5      30.34       6.58
9:50pm            284          0          1         66       37.0      30.34       6.58
9:55pm            284          0          1         70       35.8      30.35       6.58
10:00pm           284          0          1         70       34.9      30.35       6.58
10:05pm           284          0          0         69       34.8      30.35       6.58
10:10pm           284          0          0         69       34.7      30.35       6.58
10:15pm           284          0          0         63       34.5      30.35       6.58
10:20pm           283          0          1         68       34.8      30.35       6.58
10:25pm           284          0          1         72       34.6      30.35       6.58
10:30pm           284          0          1         74       34.0      30.35       6.58
10:35pm           284          0          0         76       33.7      30.35       6.58
10:40pm            24          0          1         78       33.3      30.35       6.58
10:45pm            24          0          1         77       33.2      30.35       6.58
10:50pm           129          0          1         77       33.1      30.35       6.58
10:55pm           129          0          1         76       32.8      30.35       6.58
11:00pm           129          0          1         75       32.8      30.35       6.58
11:05pm           129          0          0         74       32.8      30.35       6.58
11:10pm           129          0          0         74       32.8      30.35       6.58
11:15pm           129          0          0         74       32.7      30.35       6.58
11:20pm           262          0          1         73       32.7      30.35       6.58
11:25pm           264          0          1         73       32.5      30.35       6.58
11:29pm           268          0          1         72       32.2      30.35       6.58
11:35pm           270          0          0         72       31.8      30.36       6.58
11:40pm           270          0          0         72       31.7      30.36       6.58
11:45pm           270          0          0         74       31.7      30.36       6.58
11:50pm           270          0          0         76       31.6      30.36       6.58
11:55pm           270          0          0         76       31.4      30.36       6.58
