5/3/18
Time         Wind Dir   Wind Spd  Wind Gust   Humidity       Temp  Raw Barom   Tot Rain
                    °        mph        mph          %         °F         in         in
12:00am           211          3         11         45       72.4      29.83       8.01
12:05am           263          6          7         46       71.8      29.83       8.01
12:10am           266          4          7         46       71.6      29.82       8.01
12:15am           262          6          9         47       71.0      29.83       8.01
12:20am           250          1          9         47       71.0      29.83       8.01
12:25am           251          1          9         48       70.5      29.82       8.01
12:30am           271          4          9         48       70.4      29.82       8.01
12:35am           272          5          9         48       70.7      29.82       8.01
12:40am           251          2          9         48       70.7      29.81       8.01
12:45am           263          0          9         49       70.3      29.81       8.01
12:50am           261          2          9         49       70.0      29.82       8.01
12:55am           252          0          9         50       69.8      29.82       8.01
1:00am            270          0          9         51       69.3      29.82       8.01
1:05am            287          2          5         51       69.2      29.82       8.01
1:10am            254          3          5         51       69.1      29.82       8.01
1:15am            292          1          5         52       69.2      29.82       8.01
1:20am            260          1          5         52       68.6      29.82       8.01
1:25am            264          3          5         53       68.6      29.82       8.01
1:30am            259          2          6         53       68.5      29.82       8.01
1:35am            269          3          8         53       69.1      29.82       8.01
1:40am            332          2          8         53       69.1      29.81       8.01
1:45am            278          3          8         54       69.0      29.82       8.01
1:50am            285          4          8         53       69.2      29.82       8.01
1:55am            275          4          8         54       68.9      29.82       8.01
2:00am            266          4          8         54       68.6      29.82       8.01
2:05am            266          3          6         56       68.1      29.82       8.01
2:10am            255          4          6         56       68.0      29.82       8.01
2:15am            288          4          8         56       68.1      29.82       8.01
2:20am            271          4          8         56       68.2      29.82       8.01
2:25am            281          2          9         56       68.4      29.82       8.01
2:30am            273          5         10         56       68.5      29.82       8.01
2:35am            274          4          6         56       68.3      29.82       8.01
2:40am            269          5         10         56       68.4      29.83       8.01
2:45am            249          3         10         56       68.6      29.83       8.01
2:50am            272          5         10         57       68.4      29.83       8.01
2:55am            294          3         10         57       68.2      29.83       8.01
3:00am            232          2         10         58       67.6      29.83       8.01
3:05am            239          0          4         60       66.9      29.83       8.01
3:10am            280          3          4         61       66.3      29.82       8.01
3:15am            264          3          5         61       66.5      29.83       8.01
3:20am            258          2          6         61       66.5      29.83       8.01
3:25am            271          4          6         62       66.2      29.83       8.01
3:30am            262          5          6         62       66.1      29.83       8.01
3:35am            274          4          6         62       65.9      29.83       8.01
3:40am            280          4          7         62       66.1      29.82       8.01
3:45am            257          4          7         62       66.3      29.83       8.01
3:50am            273          2          7         62       66.2      29.82       8.01
3:55am            277          3          7         62       66.3      29.82       8.01
4:00am            294          3          7         63       66.2      29.82       8.01
4:05am            300          4          6         62       66.3      29.82       8.01
4:10am            244          0          8         62       66.3      29.82       8.01
4:15am            250          1          8         64       65.6      29.82       8.01
4:20am            273          0          8         65       65.2      29.82       8.01
4:25am            262          1          8         65       65.3      29.82       8.01
4:30am            259          0          8         65       65.1      29.83       8.01
4:35am            267          1          1         66       64.6      29.82       8.01
4:40am            255          1          3         67       64.3      29.82       8.01
4:45am            266          2          5         66       64.9      29.82       8.01
4:50am            269          1          5         67       64.6      29.82       8.01
4:55am            274          1          5         67       64.5      29.82       8.01
5:00am            274          2          5         67       64.4      29.82       8.01
5:05am            276          2          3         68       64.2      29.81       8.01
5:10am            276          1          3         68       64.1      29.81       8.01
5:15am            277          2          3         69       63.7      29.81       8.01
5:20am            274          0          3         70       63.4      29.81       8.01
5:25am            287          2          3         71       63.1      29.82       8.01
5:30am            283          0          3         71       62.8      29.82       8.01
5:35am            274          2          2         72       62.6      29.82       8.01
5:40am            278          1          3         73       62.2      29.82       8.01
5:45am            276          0          3         73       62.0      29.83       8.01
5:50am            278          1          3         74       61.6      29.83       8.01
5:55am            283          2          3         75       61.3      29.83       8.01
6:00am            269          1          3         76       61.0      29.83       8.01
6:05am            269          0          2         76       60.9      29.83       8.01
6:10am            281          0          2         76       60.9      29.83       8.01
6:15am            281          1          3         76       61.2      29.83       8.01
6:20am            262          1          3         75       61.5      29.83       8.01
6:25am            255          0          3         76       61.4      29.83       8.01
6:30am            273          0          3         75       61.6      29.84       8.01
6:35am            283          1          4         76       61.5      29.84       8.01
6:40am            267          0          4         76       61.6      29.84       8.01
6:45am            277          2          4         76       61.6      29.84       8.01
6:50am            272          2          4         76       61.7      29.84       8.01
6:55am            266          1          4         76       61.7      29.84       8.01
7:00am            239          0          4         76       61.7      29.84       8.01
7:05am            274          0          1         76       61.7      29.84       8.01
7:10am            272          0          1         76       61.9      29.84       8.01
7:15am            273          1          1         76       62.1      29.84       8.01
7:20am            269          0          2         76       62.2      29.84       8.01
7:25am            267          0          3         74       63.0      29.84       8.01
7:30am            267          0          3         74       63.2      29.84       8.01
7:35am            266          0          2         75       62.8      29.84       8.01
7:40am            337          1          2         75       62.9      29.84       8.01
7:45am            248          2          3         73       64.1      29.85       8.01
7:50am            299          2          4         69       65.8      29.85       8.01
7:55am            250          2          5         68       66.7      29.85       8.01
8:00am            272          0          5         68       66.5      29.85       8.01
8:05am            281          0          3         68       66.4      29.85       8.01
8:10am            274          2          3         68       66.8      29.85       8.01
8:15am            278          4          4         68       66.7      29.85       8.01
8:20am            263          0          4         66       67.3      29.84       8.01
8:25am            244          0          4         66       67.6      29.85       8.01
8:30am            275          1          5         65       68.1      29.85       8.01
8:35am            296          2          4         64       68.7      29.84       8.01
8:40am            275          1          4         62       69.4      29.84       8.01
8:45am            281          0          4         62       70.1      29.85       8.01
8:50am            248          1          4         61       70.6      29.84       8.01
8:55am            279          3          4         60       71.0      29.84       8.01
9:00am            304          1          4         60       71.1      29.84       8.01
9:05am            290          2          6         58       71.3      29.85       8.01
9:10am            300          4          6         59       71.4      29.84       8.01
9:15am            271          3          6         58       71.6      29.84       8.01
9:20am            244          1          6         58       71.8      29.85       8.01
9:25am            280          3          7         58       71.9      29.84       8.01
9:30am            253          0          7         57       72.1      29.84       8.01
9:35am            271          0          3         58       72.5      29.84       8.01
9:40am            260          2          4         57       72.7      29.84       8.01
9:45am            262          2          4         57       72.9      29.84       8.01
9:50am            285          1          4         57       73.1      29.83       8.01
9:55am            278          1          4         56       74.0      29.83       8.01
10:00am           285          5          5         55       74.9      29.83       8.01
10:05am           268          4          9         53       75.7      29.83       8.01
10:10am           271          7          9         52       76.5      29.83       8.01
10:15am           238          1         10         52       76.6      29.83       8.01
10:20am           299          0         13         53       77.0      29.82       8.01
10:25am           281          4         13         51       77.4      29.83       8.01
10:30am           260          5         13         51       78.1      29.82       8.01
10:35am           264          8         11         50       77.3      29.82       8.01
10:40am           260          4         13         52       76.1      29.83       8.01
10:45am           283          7         13         53       75.4      29.82       8.01
10:50am           262          5         13         54       75.1      29.82       8.01
10:55am           268          3         13         54       74.9      29.82       8.01
11:00am           260          2         13         54       74.9      29.81       8.01
11:05am           264          5          6         54       75.3      29.81       8.01
11:10am           319          1          9         54       75.1      29.82       8.01
11:15am           253          2          9         54       75.0      29.82       8.01
11:20am           246          4          9         55       75.0      29.82       8.01
11:25am           263          3          9         57       74.6      29.82       8.01
11:30am           276          2          9         59       74.1      29.82       8.01
11:35am           234          1          5         67       72.2      29.84       8.06
11:40am           214          0          5         76       69.5      29.84       8.08
11:45am           220          0          5         81       68.9      29.83       8.08
11:50am           270          0          5         80       68.8      29.83       8.08
11:55am           271          2          5         82       69.2      29.83       8.08
12:00pm           227          1          5         82       69.2      29.83       8.08
12:05pm           284          1          3         79       68.9      29.83       8.10
12:10pm           278          0          3         83       68.4      29.83       8.10
12:15pm           267          1          3         86       68.0      29.83       8.10
12:20pm           277          1          3         87       67.7      29.84       8.10
12:25pm           239          0          3         87       67.4      29.84       8.11
12:30pm           239          0          3         89       67.2      29.84       8.11
12:35pm           239          0          0         89       67.1      29.84       8.11
12:40pm           239          0          0         88       66.8      29.84       8.12
12:45pm           239          0          0         89       66.6      29.84       8.12
12:50pm           239          0          0         90       66.1      29.84       8.13
12:55pm           139          0          0         91       65.9      29.84       8.13
1:00pm            220          0          0         92       66.0      29.84       8.14
1:05pm            203          0          0         91       66.1      29.84       8.14
1:10pm            203          0          0         91       66.2      29.83       8.14
1:15pm            153          0          0         90       66.6      29.83       8.14
1:20pm            151          0          0         91       66.7      29.83       8.14
1:25pm            151          0          0         89       67.0      29.83       8.14
1:30pm            151          0          0         89       66.6      29.82       8.14
1:35pm            151          0          0         89       67.1      29.82       8.14
1:40pm            188          1          3         86       67.6      29.82       8.14
1:45pm            262          0          3         87       67.6      29.82       8.14
1:50pm            275          0          3         87       67.7      29.82       8.14
1:55pm            254          0          3         84       67.6      29.82       8.14
2:00pm            283          2          3         84       67.5      29.82       8.14
2:05pm            271          0          2         84       67.6      29.82       8.14
2:10pm            271          0          2         82       67.2      29.82       8.14
2:15pm            271          0          2         85       66.4      29.82       8.14
2:20pm            271          0          2         81       65.3      29.82       8.14
2:25pm            271          0          2         84       64.5      29.82       8.14
2:30pm            271          0          2         84       64.1      29.81       8.14
2:35pm            271          0          0         88       64.5      29.81       8.14
2:40pm            271          0          0         87       65.0      29.81       8.14
2:45pm            271          0          0         89       65.9      29.81       8.14
2:50pm            271          0          1         87       67.3      29.81       8.14
2:55pm            271          0          1         83       67.3      29.81       8.14
3:00pm             93          2          3         85       67.1      29.80       8.14
3:05pm            191          0          2         82       66.4      29.80       8.14
3:10pm            158          0          2         86       67.3      29.79       8.14
3:15pm            117          0          2         84       68.4      29.80       8.14
3:20pm            117          0          2         82       69.1      29.79       8.14
3:25pm            101          0          2         80       69.7      29.79       8.14
3:30pm            276          0          3         76       72.1      29.79       8.14
3:35pm            248          0          4         70       74.1      29.78       8.14
3:40pm            279          3          5         70       75.2      29.78       8.14
3:45pm            259          2         10         62       76.5      29.78       8.14
3:50pm            279          7         10         61       77.4      29.78       8.14
3:55pm            274          3         10         58       78.0      29.78       8.14
4:00pm            255          2         10         59       77.7      29.78       8.14
4:05pm            185          1         11         55       77.9      29.78       8.14
4:10pm            288          5         11         55       78.3      29.78       8.14
4:15pm            262          3         11         56       77.6      29.77       8.14
4:20pm            214          0         11         56       77.6      29.77       8.14
4:25pm            256          0         11         56       78.3      29.77       8.14
4:30pm            263          1         11         53       78.9      29.76       8.14
4:35pm            250          1          5         53       79.7      29.76       8.14
4:40pm            278          3          7         50       80.0      29.76       8.14
4:45pm            240          0          7         53       80.0      29.76       8.14
4:50pm            270          8         10         51       79.8      29.76       8.14
4:55pm            280          4         10         51       79.5      29.76       8.14
5:00pm            264          0         10         52       79.6      29.76       8.14
5:05pm            252          3          8         50       79.3      29.76       8.14
5:10pm            230          2          8         51       78.9      29.76       8.14
5:15pm            271          4          9         48       78.8      29.76       8.14
5:20pm            250          2         10         48       78.5      29.76       8.14
5:25pm            254          3         14         49       78.0      29.76       8.14
5:30pm            245          2         14         50       77.6      29.76       8.14
5:35pm            259          1         11         50       77.4      29.77       8.14
5:40pm            257          1         11         52       76.9      29.76       8.14
5:45pm            250          1         11         52       76.7      29.77       8.14
5:50pm            276          2         11         54       76.2      29.77       8.14
5:55pm            270          2         11         54       76.1      29.77       8.14
6:00pm            270          3         11         54       75.9      29.77       8.14
6:05pm            221          0          3         55       75.8      29.77       8.14
6:10pm            256          0          3         56       75.5      29.77       8.14
6:15pm            260          2          5         57       75.3      29.77       8.14
6:20pm            321          0          6         57       74.6      29.77       8.14
6:25pm             94          0          6         59       74.5      29.78       8.14
6:30pm            250          6          7         62       73.7      29.79       8.15
6:35pm            265          1          8         66       72.6      29.80       8.15
6:40pm            277          2          8         68       71.4      29.80       8.16
6:45pm            261          0          8         73       69.7      29.79       8.17
6:50pm            219          0          8         78       68.6      29.79       8.17
6:55pm            219          0          8         82       67.8      29.79       8.17
7:00pm            274          1          8         83       67.2      29.78       8.17
7:05pm            263          0          1         84       66.9      29.78       8.17
7:10pm            266          0          2         84       66.9      29.78       8.17
7:15pm            269          0          2         85       66.7      29.78       8.17
7:20pm            269          0          2         86       66.5      29.78       8.17
7:25pm            269          0          2         87       66.3      29.79       8.17
7:30pm            269          0          2         87       66.2      29.79       8.17
7:35pm            269          0          0         88       66.0      29.79       8.17
7:40pm            269          0          0         88       65.6      29.80       8.17
7:45pm            210          0          1         88       65.5      29.79       8.17
7:50pm            212          0          1         89       65.4      29.79       8.17
7:55pm            266          0          1         87       65.6      29.79       8.17
8:00pm            266          0          1         87       65.9      29.79       8.17
8:05pm            266          0          0         87       65.9      29.79       8.17
8:10pm            266          0          0         86       65.5      29.78       8.17
8:15pm            266          0          1         87       65.2      29.78       8.17
8:20pm            280          0          2         85       65.7      29.78       8.17
8:25pm            280          0          2         83       64.3      29.79       8.17
8:30pm            280          0          2         85       63.1      29.79       8.17
8:35pm            280          0          0         89       62.6      29.79       8.17
8:40pm            280          0          0         90       62.2      29.80       8.17
8:45pm            280          0          0         91       62.1      29.80       8.17
8:49pm            280          0          0         91       61.7      29.80       8.17
8:55pm            280          0          0         90       60.4      29.80       8.17
9:00pm            280          0          0         91       60.0      29.81       8.17
9:05pm            122          0          1         92       59.5      29.80       8.17
9:09pm            122          0          1         94       59.9      29.80       8.17
9:15pm            122          0          1         94       59.8      29.80       8.17
9:20pm            122          0          1         95       60.3      29.80       8.17
9:24pm            122          0          1         96       61.1      29.81       8.17
9:30pm            122          0          1         95       61.2      29.81       8.17
9:35pm            122          0          0         96       61.6      29.80       8.17
9:40pm            122          0          1         95       62.2      29.80       8.17
9:45pm            261          0          1         93       62.6      29.80       8.17
9:50pm            255          0          4         91       63.0      29.81       8.17
9:55pm            252          0          4         88       63.6      29.80       8.17
10:00pm           245          0          4         85       64.1      29.80       8.17
10:05pm           267          1          3         83       64.5      29.80       8.17
10:09pm           239          0          4         82       64.9      29.80       8.17
10:14pm           204          0          4         82       65.0      29.81       8.17
10:20pm           234          0          4         82       64.9      29.81       8.17
10:25pm           274          0          5         78       65.5      29.80       8.17
10:30pm           287          3          6         78       65.7      29.80       8.17
10:35pm           135          2          5         76       66.0      29.80       8.17
10:40pm            82          0          5         74       66.2      29.80       8.17
10:45pm             8          0          8         75       66.0      29.80       8.17
10:50pm           265          1          8         75       66.3      29.81       8.17
10:55pm            46          0          8         74       66.3      29.81       8.17
11:00pm            87          1          8         74       66.4      29.80       8.17
11:05pm           101          6          6         74       66.4      29.80       8.17
11:10pm           199          0          6         74       66.5      29.81       8.17
11:15pm           281          0          6         74       66.4      29.81       8.17
11:19pm            59          1          6         74       66.4      29.80       8.17
11:25pm           146          1          6         74       66.3      29.80       8.17
11:30pm           240          0          6         75       66.1      29.81       8.17
11:34pm           146          0          3         75       66.0      29.81       8.17
11:40pm           269          1          3         75       66.0      29.81       8.17
11:45pm           262          2          6         75       66.0      29.81       8.17
11:50pm           250          0          6         77       65.9      29.81       8.17
11:55pm           277          3          6         79       65.3      29.82       8.17
