5/19/18
Time         Wind Dir   Wind Spd  Wind Gust   Humidity       Temp  Raw Barom   Tot Rain
                    °        mph        mph          %         °F         in         in
12:00am           108          0         12         55       48.9      30.36       8.65
12:05am           130          0          5         56       48.7      30.36       8.65
12:10am           124          1          5         56       48.6      30.36       8.65
12:15am           138          0          5         59       48.5      30.36       8.65
12:20am           101          0          5         60       48.3      30.36       8.65
12:25am            96          0          5         60       48.1      30.36       8.65
12:30am            87          4          5         61       48.0      30.36       8.65
12:35am            77          5          7         62       47.8      30.36       8.65
12:40am            74          2          7         63       47.6      30.36       8.65
12:45am            86          3          7         62       47.5      30.36       8.65
12:50am            74          1          7         64       47.4      30.35       8.65
12:55am            70          4          7         63       47.3      30.35       8.65
1:00am             67          3          8         61       47.2      30.35       8.65
1:05am             93          3          8         63       47.1      30.35       8.65
1:10am             90          4          8         62       46.9      30.35       8.65
1:15am             85          6          8         62       46.8      30.35       8.65
1:20am             97          5          8         61       46.7      30.35       8.65
1:25am             73          5          8         62       46.6      30.36       8.65
1:30am             69          2          8         62       46.5      30.35       8.65
1:35am            101          3          7         63       46.4      30.35       8.65
1:40am            104          4          7         63       46.4      30.35       8.65
1:45am             68          4          7         64       46.3      30.35       8.65
1:50am             95          4          7         63       46.3      30.36       8.65
1:55am            109          2          7         63       46.2      30.35       8.65
2:00am            103          0          7         65       46.2      30.36       8.65
2:05am            162          0          2         65       46.0      30.36       8.65
2:10am            216          0          2         68       45.3      30.36       8.65
2:15am            216          0          2         69       44.7      30.36       8.65
2:20am            216          0          2         70       44.2      30.35       8.65
2:25am            216          0          2         71       43.7      30.35       8.65
2:30am            216          0          2         72       43.5      30.35       8.65
2:35am            216          0          0         72       43.2      30.35       8.65
2:40am            133          0          1         75       43.1      30.35       8.65
2:45am            159          0          1         72       43.1      30.35       8.65
2:50am            159          0          1         72       43.0      30.35       8.65
2:55am            159          0          1         73       42.9      30.35       8.65
2:59am            159          0          1         74       42.6      30.35       8.65
3:05am            159          0          0         75       42.2      30.35       8.65
3:10am            159          0          0         76       42.2      30.36       8.65
3:15am            158          0          0         77       42.2      30.35       8.65
3:20am            159          0          0         77       41.8      30.35       8.65
3:25am            159          0          0         77       41.5      30.35       8.65
3:30am            159          0          0         78       41.1      30.35       8.65
3:35am            122          0          1         79       41.3      30.35       8.65
3:40am            150          0          1         76       42.1      30.35       8.65
3:45am            120          0          2         74       42.3      30.35       8.65
3:50am            136          0          2         74       42.4      30.35       8.65
3:55am            108          0          2         77       42.4      30.35       8.65
4:00am            131          0          2         77       42.3      30.35       8.65
4:05am            128          0          0         74       42.4      30.34       8.65
4:10am            129          1          2         71       42.5      30.35       8.65
4:15am            121          2          3         72       42.7      30.34       8.65
4:20am            135          2          3         72       42.9      30.35       8.65
4:25am            113          0          3         71       42.9      30.34       8.65
4:30am            131          0          3         71       42.7      30.34       8.65
4:35am            129          0          1         72       42.5      30.35       8.65
4:40am            120          0          1         73       42.3      30.34       8.65
4:45am            138          0          1         74       42.1      30.35       8.65
4:50am            145          0          1         75       41.8      30.35       8.65
4:55am            125          0          1         76       41.7      30.35       8.65
5:00am            136          1          1         78       41.7      30.35       8.65
5:05am            122          0          2         76       41.8      30.34       8.65
5:10am            141          0          2         77       42.0      30.34       8.65
5:15am            136          1          2         76       42.1      30.34       8.65
5:20am            128          1          2         76       42.0      30.34       8.65
5:25am            103          1          2         77       42.0      30.34       8.65
5:30am            126          0          2         77       42.0      30.34       8.65
5:35am            131          2          2         79       42.0      30.34       8.65
5:40am            127          0          3         79       41.9      30.34       8.65
5:45am            127          2          3         79       42.4      30.34       8.65
5:50am            131          0          3         77       43.3      30.34       8.65
5:55am            117          0          3         72       44.3      30.34       8.65
6:00am            108          0          3         71       45.0      30.34       8.65
6:05am            113          1          2         72       45.1      30.34       8.65
6:10am             72          1          4         68       45.4      30.34       8.65
6:15am            143          3          6         64       46.2      30.34       8.65
6:20am            133          0          6         61       46.7      30.35       8.65
6:25am             86          4          6         63       46.4      30.35       8.65
6:29am             86          5          7         60       46.0      30.35       8.65
6:35am             60          2          7         63       45.9      30.35       8.65
6:40am            145          0          7         63       45.9      30.35       8.65
6:45am             63          5          7         63       45.7      30.34       8.65
6:50am             72          6          7         61       45.6      30.34       8.65
6:55am             58          4          7         60       45.5      30.35       8.65
7:00am             82          1          7         60       45.6      30.35       8.65
7:05am             64          0          5         58       46.0      30.35       8.65
7:10am             71          1          5         59       46.3      30.34       8.65
7:14am             74          6          8         57       46.5      30.34       8.65
7:20am             87          5          8         57       46.7      30.34       8.65
7:24am            105          5          8         58       46.8      30.34       8.65
7:29am             74          4          8         57       47.1      30.34       8.65
7:35am            100          2          7         56       47.5      30.34       8.65
7:40am             70          5          7         56       48.3      30.34       8.65
7:45am             58          6          8         55       48.4      30.34       8.65
7:50am             73          6          8         55       48.3      30.34       8.65
7:55am             76          4          8         56       48.3      30.34       8.65
8:00am             69          5          8         55       48.4      30.34       8.65
8:05am             65          3          7         53       48.6      30.34       8.65
8:10am             79          4          7         54       48.9      30.34       8.65
8:15am             80          8          8         54       49.5      30.34       8.65
8:20am            150          1          9         49       50.0      30.34       8.65
8:25am             96          5          9         50       50.4      30.34       8.65
8:30am            128          5         10         49       50.3      30.33       8.65
8:35am            110          4         10         49       50.3      30.33       8.65
8:40am            136          4         11         48       50.1      30.33       8.65
8:45am             91          3         11         47       50.1      30.33       8.65
8:50am            124          1         11         48       50.5      30.33       8.65
8:55am             99          4         11         48       50.8      30.34       8.65
9:00am             94          4         12         49       51.0      30.33       8.65
9:05am             89          3         11         45       51.6      30.33       8.65
9:10am            111          5         11         44       52.0      30.33       8.65
9:15am             58          5         11         44       51.8      30.33       8.65
9:19am            229          1         11         43       52.7      30.33       8.65
9:25am             86          7         11         43       52.4      30.33       8.65
9:30am             98          6         11         41       52.3      30.33       8.65
9:35am            103          2          9         45       52.4      30.33       8.65
9:40am            108          0          9         46       52.6      30.33       8.65
9:45am            151          2          9         46       53.1      30.32       8.65
9:50am            121          2          9         45       52.9      30.32       8.65
9:55am            112          7          9         44       53.3      30.32       8.65
10:00am            68          9          9         45       53.8      30.32       8.65
10:05am            87          6         11         44       53.5      30.32       8.65
10:10am           183          3         11         47       53.3      30.31       8.65
10:15am            70          5         11         44       53.3      30.31       8.65
10:20am           141          0         11         46       53.7      30.31       8.65
10:25am            72          4         11         46       54.0      30.31       8.65
10:30am           179          0         11         45       54.1      30.31       8.65
10:35am            96          7         11         44       54.6      30.30       8.65
10:40am            42          3         12         43       54.9      30.30       8.65
10:45am            98          6         13         43       54.7      30.30       8.65
10:50am            72          9         13         45       54.7      30.30       8.65
10:55am           236          2         13         46       54.7      30.30       8.65
11:00am           119          4         13         45       54.9      30.30       8.65
11:05am           127          4         13         46       55.1      30.29       8.65
11:10am            87          7         15         46       54.9      30.29       8.65
11:15am           155          3         15         46       54.9      30.30       8.65
11:20am           106          7         15         43       55.6      30.29       8.65
11:25am           133          4         15         47       56.2      30.28       8.65
11:30am            78          7         15         44       55.9      30.28       8.65
11:35am            84          4         12         44       56.1      30.28       8.65
11:40am           101          5         12         43       56.5      30.28       8.65
11:44am           251          0         12         43       56.8      30.28       8.65
11:50am           150          3         12         42       57.8      30.28       8.65
11:55am            91          1         12         44       58.0      30.28       8.65
12:00pm           224          5         12         42       58.1      30.28       8.65
12:05pm           139          0          9         46       57.9      30.28       8.65
12:10pm           116          6          9         43       58.0      30.28       8.65
12:15pm           221          0         11         43       57.2      30.27       8.65
12:20pm           198          2         11         46       57.2      30.27       8.65
12:25pm            93          2         11         45       57.1      30.27       8.65
12:30pm            75          6         13         47       56.5      30.27       8.65
12:35pm            84          2         10         48       56.0      30.26       8.65
12:40pm           104          0         11         48       55.6      30.27       8.65
12:45pm           141          2         11         49       55.5      30.26       8.65
12:50pm            82          1         11         50       55.4      30.26       8.65
12:55pm            76          3         11         50       55.4      30.26       8.65
1:00pm             77          2         11         50       55.4      30.25       8.65
1:05pm            112          1          8         50       55.4      30.26       8.65
1:10pm            122          2         11         51       55.5      30.26       8.65
1:15pm            108          6         12         53       55.3      30.25       8.65
1:20pm            134          5         12         55       55.0      30.25       8.65
1:25pm            262          0         12         57       55.2      30.25       8.65
1:30pm            119          0         12         58       55.3      30.25       8.65
1:35pm             89          5          7         59       55.0      30.25       8.65
1:40pm             94          3          9         59       54.6      30.24       8.65
1:45pm            107          5          9         64       54.3      30.24       8.65
1:49pm             58          1          9         65       53.7      30.24       8.66
1:55pm             94          2          9         69       53.0      30.24       8.66
2:00pm            142          0          9         71       52.2      30.24       8.67
2:05pm            218          0          5         73       51.6      30.24       8.68
2:10pm             88          1          6         74       51.2      30.23       8.68
2:15pm             46          1          6         74       50.9      30.23       8.68
2:20pm            218          0          6         76       50.9      30.22       8.68
2:25pm              5          0          6         78       51.1      30.22       8.68
2:30pm            111          1          7         78       51.2      30.22       8.69
2:35pm            186          0          1         79       51.2      30.21       8.69
2:40pm            101          4          7         79       51.3      30.21       8.69
2:45pm             45          0          9         79       51.1      30.21       8.69
2:50pm             80          2          9         79       50.9      30.21       8.70
2:55pm            114          2          9         81       50.7      30.20       8.70
3:00pm             94          2         13         82       50.6      30.20       8.70
3:05pm             42          1         14         79       50.8      30.19       8.70
3:10pm            107          2         14         80       50.8      30.19       8.70
3:15pm            176          9         15         79       50.8      30.18       8.70
3:20pm             50          2         15         80       50.8      30.18       8.70
3:25pm             89          3         15         82       51.0      30.18       8.70
3:30pm            131          0         15         82       51.0      30.17       8.70
3:35pm            131          6         14         80       50.8      30.18       8.70
3:40pm            134          7         16         80       50.6      30.17       8.70
3:45pm             71         16         16         80       50.3      30.17       8.70
3:50pm            119          2         16         82       50.1      30.17       8.70
3:55pm            220          2         16         83       50.1      30.16       8.70
4:00pm             99          1         16         84       49.9      30.16       8.71
4:05pm             75          5         11         84       49.6      30.16       8.71
4:10pm             91          2         13         85       49.3      30.16       8.71
4:15pm            132          4         13         85       49.0      30.15       8.72
4:20pm            129          1         13         87       48.9      30.15       8.72
4:25pm             75          3         18         87       48.7      30.15       8.73
4:30pm             55          0         18         89       48.5      30.14       8.73
4:35pm            139          1          7         90       48.4      30.14       8.74
4:40pm             97          3         17         90       48.3      30.14       8.74
4:45pm             30          5         17         91       48.3      30.13       8.75
4:50pm             99          4         17         91       48.2      30.12       8.76
4:55pm             71          9         17         92       48.1      30.12       8.77
5:00pm             79         12         17         92       48.2      30.11       8.77
5:05pm             52          9         14         93       48.2      30.11       8.78
5:10pm             90          5         14         93       48.1      30.11       8.78
5:15pm             74          9         14         93       48.2      30.11       8.78
5:20pm            127          2         14         93       48.3      30.11       8.79
5:25pm             72         11         14         93       48.3      30.10       8.80
5:30pm            311          0         14         93       48.3      30.10       8.81
5:35pm             75          4          8         94       48.2      30.11       8.82
5:40pm            156          2          8         94       48.3      30.10       8.84
5:45pm             89          2          8         94       48.3      30.11       8.85
5:50pm            105          0          9         94       48.4      30.11       8.86
5:55pm            273          1          9         94       48.5      30.10       8.87
6:00pm              6          0          9         94       48.5      30.10       8.88
6:05pm            121          0          6         94       48.6      30.11       8.88
6:10pm            151          0          6         94       48.5      30.11       8.89
6:15pm            136          1          6         94       48.6      30.10       8.90
6:20pm            107          0          6         94       48.6      30.11       8.91
6:25pm            107          0          6         95       48.7      30.10       8.91
6:30pm            109          1          6         95       48.7      30.10       8.91
6:35pm            105          0          5         95       48.7      30.10       8.92
6:40pm             63          2          6         95       48.7      30.10       8.92
6:45pm             95          3          6         95       48.8      30.10       8.92
6:50pm            213          0          6         95       48.8      30.10       8.92
6:55pm            108          1          6         95       48.8      30.09       8.93
7:00pm             11          2          6         95       48.8      30.09       8.93
7:05pm             33          0          5         95       48.9      30.09       8.93
7:10pm             79          1          5         95       48.8      30.09       8.93
7:15pm            245          0          5         95       48.8      30.09       8.93
7:20pm            105          2          6         95       48.7      30.08       8.93
7:25pm             89          3          8         95       48.7      30.08       8.93
7:30pm            101          4          8         95       48.6      30.08       8.93
7:35pm            103          3          8         95       48.5      30.08       8.93
7:40pm            127          4          8         95       48.4      30.07       8.93
7:45pm            139          1          8         95       48.3      30.07       8.93
7:50pm             15          0          8         95       48.3      30.07       8.93
7:55pm            130          3          8         95       48.3      30.06       8.93
8:00pm            171          3          8         95       48.1      30.06       8.93
8:05pm             76          0          6         95       48.1      30.06       8.93
8:10pm            105          1          6         95       48.1      30.06       8.93
8:15pm             58          5          7         95       48.0      30.06       8.94
8:20pm            127          0          7         95       48.0      30.05       8.94
8:25pm             98          3          7         95       47.9      30.05       8.94
8:30pm            108          3          7         95       48.0      30.05       8.94
8:35pm             72          3          7         95       47.9      30.05       8.94
8:40pm             79          2          7         96       47.9      30.05       8.94
8:45pm             70          5          7         96       47.9      30.05       8.94
8:50pm             90          3          9         96       47.9      30.05       8.94
8:55pm             91          1          9         96       47.8      30.04       8.94
9:00pm             98          3          9         96       47.8      30.04       8.94
9:05pm             99          2          8         96       47.8      30.04       8.94
9:10pm             89          1          8         96       47.8      30.04       8.94
9:15pm            105          2          8         96       47.9      30.04       8.94
9:20pm             70          6          8         96       47.9      30.04       8.94
9:25pm             94          4          8         96       47.9      30.03       8.94
9:30pm             70          5          8         96       47.9      30.03       8.94
9:35pm             69          4          8         96       47.8      30.03       8.94
9:40pm            103          2          8         96       47.8      30.03       8.94
9:45pm            109          2          8         96       47.7      30.03       8.94
9:50pm             97          1          8         96       47.7      30.03       8.94
9:55pm             86          4          8         96       47.8      30.03       8.94
10:00pm           118          1          8         96       47.8      30.02       8.94
10:05pm            96          3          5         96       47.8      30.02       8.94
10:10pm            89          3          5         96       47.8      30.02       8.95
10:15pm           120          2          5         96       47.7      30.01       8.95
10:20pm           120          1          5         96       47.7      30.01       8.95
10:25pm            77          4          5         96       47.8      30.01       8.95
10:30pm            98          0          5         96       47.8      30.01       8.95
10:35pm           126          1          2         96       47.7      30.00       8.95
10:40pm            88          1          2         96       47.7      30.00       8.95
10:45pm            83          1          2         96       47.8      30.00       8.95
10:50pm           113          0          3         96       47.8      30.00       8.95
10:55pm            91          0          3         96       47.8      30.00       8.95
11:00pm           139          0          3         96       47.8      29.99       8.95
11:05pm           163          0          2         96       47.7      29.99       8.95
11:10pm           136          0          2         96       47.8      29.99       8.95
11:15pm           139          0          2         96       47.9      29.99       8.95
11:20pm           129          1          2         96       47.8      29.99       8.95
11:25pm           129          0          2         96       47.8      29.98       8.95
11:30pm           129          0          2         96       47.9      29.98       8.95
11:35pm            91          0          1         96       47.9      29.98       8.95
11:40pm           141          0          1         96       47.9      29.97       8.95
11:45pm           142          0          1         96       47.9      29.97       8.95
11:50pm           141          0          1         96       48.0      29.97       8.95
11:55pm           142          0          1         97       48.1      29.97       8.95
