5/6/18
Time         Wind Dir   Wind Spd  Wind Gust   Humidity       Temp  Raw Barom   Tot Rain
                    °        mph        mph          %         °F         in         in
12:00am            94          0          0         78       50.3      29.96       8.47
12:05am            94          0          0         79       50.5      29.96       8.47
12:10am            94          0          0         78       50.6      29.96       8.47
12:15am            94          0          0         77       50.7      29.96       8.47
12:20am            94          0          0         77       51.2      29.96       8.47
12:25am            94          0          0         77       51.2      29.96       8.47
12:30am            94          0          0         77       51.2      29.96       8.47
12:35am            94          0          0         77       51.2      29.96       8.47
12:40am            94          0          0         77       51.1      29.95       8.47
12:45am            94          0          0         78       50.9      29.95       8.47
12:50am            94          0          0         78       50.5      29.95       8.47
12:55am            94          0          0         79       49.6      29.95       8.47
1:00am             94          0          0         81       49.1      29.95       8.47
1:05am             94          0          0         82       48.9      29.95       8.47
1:10am             94          0          0         83       48.8      29.95       8.47
1:15am             94          0          0         82       49.0      29.96       8.47
1:20am             94          0          0         82       49.2      29.96       8.47
1:25am             94          0          0         82       49.3      29.96       8.47
1:30am             94          0          0         81       49.4      29.96       8.47
1:35am             94          0          0         81       49.7      29.96       8.47
1:40am             94          0          0         79       50.5      29.95       8.47
1:45am            299          0          0         73       52.1      29.95       8.47
1:50am            266          0          1         70       53.0      29.95       8.47
1:55am            276          0          1         72       53.2      29.95       8.47
2:00am            302          0          2         70       53.5      29.95       8.47
2:05am            263          1          2         70       53.8      29.95       8.47
2:10am            259          0          2         72       53.4      29.95       8.47
2:15am            266          1          2         71       53.2      29.95       8.47
2:20am            278          3          5         64       55.0      29.95       8.47
2:25am            267          3          5         60       56.7      29.95       8.47
2:30am            290          2          5         58       57.5      29.95       8.47
2:35am            276          2          6         57       57.6      29.95       8.47
2:40am            278          3          6         58       57.6      29.95       8.47
2:45am            266          1          6         61       57.0      29.94       8.47
2:50am            283          1          6         64       55.5      29.94       8.47
2:55am            267          2          6         69       54.3      29.95       8.47
3:00am            252          0          6         72       53.2      29.94       8.47
3:05am            275          0          2         72       52.6      29.94       8.47
3:10am            270          0          2         73       52.4      29.94       8.47
3:15am            257          0          2         73       52.2      29.94       8.47
3:20am            267          1          2         74       52.1      29.94       8.47
3:25am            261          1          3         73       52.4      29.94       8.47
3:30am            299          3          3         71       53.1      29.94       8.47
3:35am            282          3          4         68       53.9      29.94       8.47
3:40am            267          3          5         64       55.1      29.95       8.47
3:45am            271          3          5         62       56.3      29.94       8.47
3:50am            270          2          5         59       57.3      29.94       8.47
3:55am            252          0          5         59       57.5      29.94       8.47
4:00am            262          1          5         60       57.1      29.94       8.47
4:05am            253          1          3         62       56.5      29.94       8.47
4:10am            278          2          3         66       55.4      29.94       8.47
4:15am            274          2          3         69       54.1      29.94       8.47
4:20am            274          3          3         66       54.5      29.94       8.47
4:25am            271          3          4         64       55.5      29.94       8.47
4:30am            272          1          4         68       54.6      29.95       8.47
4:35am            271          0          3         69       53.6      29.95       8.47
4:40am            263          1          4         70       53.5      29.95       8.47
4:45am            264          2          4         69       53.8      29.95       8.47
4:50am            268          3          4         68       54.1      29.95       8.47
4:55am            280          2          7         63       55.8      29.95       8.47
5:00am            253          1          7         60       57.3      29.95       8.47
5:05am            278          2          7         58       58.0      29.95       8.47
5:10am            280          5          9         57       58.5      29.95       8.47
5:15am            318          4         10         56       58.6      29.95       8.47
5:20am            305          4         10         57       58.5      29.95       8.47
5:25am            290          4         10         57       58.3      29.94       8.47
5:30am            276          4         10         57       58.2      29.94       8.47
5:35am            304          1          7         58       58.0      29.94       8.47
5:40am            316          5         10         58       57.9      29.94       8.47
5:45am            266          5         10         59       57.6      29.94       8.47
5:49am            274          5         10         59       57.7      29.94       8.47
5:55am            289          5         10         60       57.6      29.94       8.47
6:00am            230          0         10         60       57.5      29.94       8.47
6:05am            269          4          9         61       57.4      29.94       8.47
6:10am            254          7          9         61       57.2      29.95       8.47
6:15am            264          3          9         61       57.2      29.94       8.47
6:20am            276          2          9         61       57.2      29.94       8.47
6:25am            306          6          9         61       57.6      29.94       8.47
6:30am            290          4         10         60       57.8      29.95       8.47
6:35am            276          5          9         60       58.0      29.95       8.47
6:40am            272          4         10         60       58.2      29.95       8.47
6:45am            285          5         10         60       58.3      29.95       8.47
6:50am            302          8         12         60       58.3      29.95       8.47
6:55am            285          5         12         61       58.3      29.95       8.47
7:00am            226          4         12         61       58.3      29.95       8.47
7:05am            274          3          7         61       58.4      29.95       8.47
7:10am            326          2          8         61       58.5      29.95       8.47
7:15am            276          5          8         61       58.6      29.95       8.47
7:20am            266          4         10         62       58.7      29.96       8.47
7:25am            267          4         10         62       58.7      29.96       8.47
7:30am            210          5         10         62       58.8      29.96       8.47
7:35am            285         10         11         62       58.8      29.96       8.47
7:40am            280          5         11         62       58.8      29.97       8.47
7:45am            271          7         11         63       58.7      29.97       8.47
7:50am            271          6         11         63       58.6      29.97       8.47
7:55am            283          7         11         63       58.9      29.97       8.47
8:00am            254          3         11         63       59.0      29.98       8.47
8:05am            260          0          8         63       59.1      29.98       8.47
8:10am            274          5          8         64       59.3      29.97       8.47
8:15am            251          4          8         64       59.4      29.97       8.47
8:20am            281          4          8         64       59.5      29.97       8.47
8:25am            266          5         10         65       59.4      29.97       8.47
8:30am            269          6         11         66       59.4      29.97       8.47
8:35am            279          5         12         67       59.2      29.97       8.47
8:40am            262          3         12         67       59.2      29.97       8.47
8:45am            265          5         12         67       59.2      29.97       8.47
8:50am            223          4         12         68       59.2      29.97       8.47
8:55am            282          4         12         68       59.2      29.97       8.47
9:00am            285          1         12         69       59.1      29.97       8.47
9:05am            275          2          5         70       58.9      29.97       8.47
9:10am            278          2          5         71       58.9      29.97       8.47
9:15am            238          2          5         72       58.7      29.97       8.47
9:20am            275          1          8         73       58.6      29.96       8.47
9:25am            294          6          8         74       58.4      29.96       8.47
9:30am            312          3          9         74       58.3      29.96       8.47
9:35am            288          5          9         75       58.4      29.96       8.47
9:40am            297          5          9         76       58.4      29.96       8.47
9:45am            256          2          9         75       58.4      29.96       8.47
9:50am            309          7          9         75       58.5      29.96       8.47
9:55am            257          7          9         75       58.6      29.96       8.47
10:00am           267          3         13         74       58.6      29.96       8.47
10:05am           293          5         11         75       58.7      29.96       8.47
10:10am           275          6         11         74       58.8      29.97       8.47
10:15am           280          1         11         74       58.9      29.96       8.47
10:20am           282          3         11         74       59.1      29.97       8.47
10:25am           247          2         13         74       59.0      29.97       8.47
10:30am           281          6         13         75       59.0      29.96       8.47
10:35am           290          6         10         75       58.9      29.97       8.47
10:40am             6          1         10         76       58.9      29.96       8.47
10:45am           268          5         10         76       58.8      29.96       8.47
10:50am           278          2         10         77       58.8      29.96       8.47
10:55am           269          3         10         76       58.9      29.96       8.47
11:00am           285          3         10         77       59.0      29.96       8.47
11:05am           239          3          8         76       59.1      29.96       8.47
11:10am           258          1          8         77       59.2      29.96       8.47
11:15am           262          6          8         76       59.4      29.95       8.47
11:20am           265          2          8         76       59.4      29.96       8.47
11:25am           221          0          8         76       59.7      29.96       8.47
11:30am           272          1          8         77       59.8      29.96       8.47
11:35am           273          0          4         77       59.7      29.95       8.47
11:40am           252          2          4         77       59.7      29.95       8.47
11:45am           251          0          4         76       59.8      29.95       8.47
11:50am           276          3          5         76       60.0      29.95       8.47
11:55am           278          0          5         76       60.1      29.95       8.47
12:00pm           245          1          5         75       60.4      29.95       8.47
12:05pm           269          3          6         74       60.6      29.95       8.47
12:10pm           282          3          6         74       60.8      29.94       8.47
12:15pm           203          0          6         74       60.9      29.94       8.47
12:20pm           278          0          6         75       60.9      29.94       8.47
12:25pm           270          1          6         72       61.0      29.93       8.47
12:30pm           225          3          7         72       60.9      29.93       8.47
12:35pm           290          2          7         72       60.9      29.93       8.47
12:40pm           252          0          7         72       60.9      29.93       8.47
12:45pm           250          0          7         72       61.0      29.93       8.47
12:50pm           244          0          7         72       61.0      29.93       8.47
12:55pm           208          0          7         72       60.9      29.93       8.47
1:00pm            143          0          7         72       60.7      29.92       8.47
1:05pm            143          0          0         73       60.7      29.92       8.47
1:10pm            224          0          1         73       60.7      29.92       8.47
1:15pm            219          0          1         73       60.7      29.92       8.47
1:20pm            108          0          1         72       60.4      29.92       8.47
1:25pm            108          0          1         72       60.3      29.92       8.47
1:30pm            108          0          1         75       60.3      29.92       8.47
1:35pm            108          0          0         74       60.1      29.92       8.47
1:40pm            108          0          0         74       59.0      29.92       8.47
1:45pm            115          0          3         77       58.8      29.92       8.47
1:50pm             90          0          3         78       58.8      29.91       8.47
1:55pm             90          0          3         78       59.0      29.91       8.47
2:00pm             90          0          3         78       58.6      29.91       8.47
2:05pm             90          0          1         79       58.6      29.91       8.47
2:10pm             90          0          1         78       58.7      29.91       8.47
2:15pm             77          0          2         78       58.2      29.91       8.47
2:20pm            132          0          3         78       58.4      29.91       8.47
2:25pm            202          0          3         76       58.5      29.91       8.47
2:30pm             75          0          3         78       57.7      29.91       8.47
2:35pm             76          0          2         79       57.9      29.91       8.47
2:40pm            118          0          2         78       58.2      29.91       8.47
2:45pm             57          0          2         78       58.3      29.91       8.47
2:50pm             57          0          2         79       58.9      29.91       8.47
2:55pm             57          0          2         78       59.1      29.91       8.47
3:00pm             57          0          2         78       58.7      29.90       8.47
3:05pm             57          0          0         79       58.4      29.90       8.47
3:10pm             57          0          0         80       58.1      29.90       8.47
3:15pm             78          0          0         79       58.2      29.89       8.47
3:20pm             78          0          0         79       57.6      29.90       8.47
3:25pm            124          0          0         78       57.6      29.89       8.47
3:30pm            105          0          0         80       57.5      29.89       8.47
3:35pm             77          0          0         79       57.9      29.89       8.47
3:40pm             91          1          2         78       58.4      29.89       8.47
3:45pm            174          1          2         79       58.6      29.89       8.47
3:50pm            117          0          2         80       58.7      29.89       8.47
3:55pm            139          0          2         79       58.7      29.88       8.47
4:00pm            113          1          2         80       58.8      29.88       8.47
4:05pm            111          1          4         79       58.6      29.88       8.47
4:10pm             77          1          4         79       58.6      29.88       8.47
4:15pm            120          2          4         79       58.5      29.88       8.47
4:20pm            158          1          4         78       58.4      29.88       8.47
4:25pm            162          0          4         78       58.5      29.88       8.47
4:30pm            141          2          4         77       58.6      29.87       8.47
4:35pm            213          0          3         77       58.5      29.87       8.47
4:40pm            183          2          3         76       58.4      29.87       8.47
4:45pm            205          0          4         76       58.3      29.87       8.47
4:50pm            148          2          4         77       58.3      29.87       8.47
4:55pm            167          0          4         77       58.2      29.87       8.47
5:00pm            212          0          6         75       57.9      29.87       8.47
5:05pm            118          0          3         76       57.6      29.87       8.47
5:10pm            158          3          5         77       57.4      29.87       8.47
5:15pm            141          2          5         78       57.2      29.87       8.47
5:20pm            141          3          5         79       56.9      29.87       8.47
5:25pm            143          0          5         80       56.8      29.87       8.47
5:30pm            220          0          5         80       56.7      29.87       8.48
5:35pm            129          0          3         80       56.5      29.87       8.48
5:40pm            137          0          3         81       56.4      29.87       8.48
5:45pm            203          0          3         82       56.3      29.87       8.48
5:50pm            211          0          3         83       56.2      29.87       8.48
5:55pm            211          0          3         84       56.1      29.87       8.48
6:00pm            211          0          3         85       56.0      29.87       8.48
6:05pm            165          0          0         85       55.6      29.87       8.48
6:10pm            159          0          0         85       54.9      29.87       8.48
6:15pm            158          0          0         87       54.1      29.87       8.48
6:20pm            158          0          0         88       54.0      29.86       8.48
6:25pm            158          0          0         89       54.3      29.86       8.48
6:30pm            158          0          0         90       54.5      29.86       8.48
6:35pm            111          0          0         90       54.5      29.86       8.49
6:40pm             89          0          0         91       54.7      29.86       8.49
6:45pm             89          0          0         89       54.4      29.86       8.49
6:50pm             89          0          0         88       53.9      29.86       8.49
6:55pm             89          0          0         90       53.6      29.86       8.49
7:00pm             89          0          0         90       53.4      29.86       8.49
7:05pm             89          0          0         91       53.0      29.85       8.49
7:10pm             89          0          0         92       52.9      29.85       8.49
7:15pm             89          0          0         93       53.1      29.85       8.50
7:20pm             89          0          0         93       53.0      29.85       8.50
7:25pm             89          0          0         93       52.9      29.85       8.50
7:30pm             89          0          0         93       52.7      29.85       8.51
7:35pm             89          0          0         93       52.4      29.85       8.51
7:40pm             89          0          0         93       52.2      29.85       8.51
7:45pm             89          0          0         95       52.6      29.84       8.51
7:50pm             89          0          0         94       52.5      29.84       8.51
7:55pm             89          0          0         93       51.8      29.84       8.51
8:00pm             89          0          0         94       51.7      29.84       8.52
8:05pm             89          0          0         95       52.0      29.84       8.52
8:10pm             89          0          0         95       52.2      29.84       8.52
8:15pm             89          0          0         95       52.5      29.84       8.52
8:20pm             89          0          0         96       52.6      29.84       8.52
8:25pm             89          0          0         95       52.6      29.84       8.52
8:30pm             89          0          0         96       52.6      29.84       8.52
8:35pm             89          0          0         96       52.7      29.84       8.52
8:40pm             89          0          0         96       52.8      29.84       8.53
8:45pm             89          0          0         96       52.8      29.84       8.53
8:50pm             89          0          0         96       52.8      29.84       8.53
8:55pm             89          0          0         96       52.8      29.85       8.53
8:59pm             89          0          0         96       52.8      29.85       8.53
9:05pm             89          0          0         96       52.8      29.85       8.53
9:10pm            266          0          2         96       52.7      29.86       8.53
9:15pm            266          0          2         96       52.8      29.86       8.53
9:20pm            237          0          2         96       52.8      29.86       8.53
9:25pm            256          0          2         96       53.0      29.87       8.53
9:30pm            246          0          2         96       53.0      29.87       8.53
9:35pm            260          0          1         96       53.0      29.87       8.53
9:40pm            260          0          1         96       53.0      29.87       8.53
9:45pm            278          0          1         96       53.0      29.87       8.53
9:50pm            280          2          2         96       53.0      29.87       8.53
9:55pm            279          0          2         96       52.9      29.87       8.53
10:00pm           279          0          2         96       52.8      29.87       8.53
10:05pm           280          0          0         96       52.8      29.86       8.53
10:10pm           257          0          1         96       52.7      29.86       8.53
10:15pm           262          0          1         96       52.7      29.86       8.53
10:20pm           262          0          2         96       52.7      29.86       8.54
10:25pm           262          0          2         96       52.6      29.86       8.54
10:30pm           262          0          2         96       52.6      29.85       8.54
10:35pm           261          0          1         96       52.6      29.85       8.54
10:40pm           262          0          1         96       52.6      29.85       8.54
10:45pm           262          0          1         96       52.5      29.85       8.54
10:50pm           280          0          1         96       52.5      29.85       8.54
10:55pm           259          0          1         96       52.4      29.85       8.54
11:00pm           259          0          1         97       52.4      29.84       8.54
11:05pm           259          0          0         97       52.3      29.84       8.54
11:10pm           259          0          0         97       52.3      29.84       8.54
11:15pm           259          0          0         97       52.3      29.84       8.54
11:20pm           259          0          0         97       52.2      29.84       8.54
11:25pm           259          0          0         97       52.2      29.84       8.54
11:30pm           259          0          0         97       52.2      29.84       8.54
11:35pm           259          0          1         97       52.2      29.84       8.54
11:40pm           262          0          1         97       52.2      29.84       8.54
11:45pm           262          0          1         97       52.1      29.84       8.54
11:50pm           262          0          1         97       52.0      29.84       8.54
11:55pm           262          0          1         97       52.0      29.84       8.54
