6/12/18
Time         Wind Dir   Wind Spd  Wind Gust   Humidity       Temp  Raw Barom   Tot Rain
                    °        mph        mph          %         °F         in         in
12:00am           255          0          1         89       49.6      30.07      10.53
12:05am           265          2          5         88       50.6      30.07      10.53
12:10am           257          1          5         84       52.1      30.06      10.53
12:15am           264          2          5         83       52.0      30.06      10.53
12:20am           281          2          6         82       52.4      30.06      10.53
12:25am           286          3          6         81       52.6      30.06      10.53
12:30am           297          0          7         81       52.8      30.06      10.53
12:35am           262          0          6         80       52.8      30.06      10.53
12:40am           294          1          7         79       53.1      30.06      10.53
12:45am           274          2          7         78       53.4      30.06      10.53
12:50am           282          5          7         77       53.7      30.06      10.53
12:55am           278          2          8         76       53.9      30.06      10.53
1:00am            283          7          8         76       54.0      30.06      10.53
1:04am            278          9          9         75       53.9      30.06      10.53
1:10am            260          3          9         74       54.1      30.06      10.53
1:15am            278          2          9         74       54.1      30.07      10.53
1:19am            288          5          9         74       54.0      30.07      10.53
1:25am            287          4          9         75       53.9      30.07      10.53
1:30am            269          6          9         75       53.8      30.07      10.53
1:35am            289          8         10         74       53.7      30.07      10.53
1:40am            268          4         10         74       53.7      30.07      10.53
1:45am            269          1         10         74       53.6      30.07      10.53
1:50am            302          5         10         74       53.5      30.07      10.53
1:55am            270          3         10         74       53.4      30.07      10.53
2:00am            271          2         10         74       53.3      30.06      10.53
2:05am            257          1          8         75       53.1      30.07      10.53
2:10am            256          7          8         75       52.9      30.07      10.53
2:15am            288          3          8         74       52.9      30.07      10.53
2:20am            214          5         10         75       52.8      30.06      10.53
2:25am            270          5         10         75       52.6      30.06      10.53
2:30am            260          1         10         75       52.4      30.06      10.53
2:35am            232          2          8         75       52.3      30.07      10.53
2:40am            307          3          8         76       52.2      30.07      10.53
2:45am            305          1          9         76       52.0      30.07      10.53
2:50am            266          2          9         76       52.0      30.07      10.53
2:55am            245          2          9         77       51.7      30.07      10.53
3:00am            266          5          9         76       51.7      30.07      10.53
3:05am            284          5          8         76       51.7      30.07      10.53
3:10am            281          6          8         76       51.6      30.07      10.53
3:15am            255          6          8         76       51.6      30.07      10.53
3:20am            275          5          8         76       51.5      30.07      10.53
3:25am            297          4          9         76       51.4      30.07      10.53
3:30am            278          3          9         77       51.4      30.07      10.53
3:35am            282          1         11         76       51.4      30.07      10.53
3:40am            285          1         11         76       51.3      30.07      10.53
3:45am            298          2         11         77       51.2      30.07      10.53
3:50am            276          2         11         77       51.1      30.07      10.53
3:55am            283          4         11         77       51.0      30.07      10.53
4:00am            269          4         11         77       50.9      30.07      10.53
4:05am            281          4          7         77       50.9      30.07      10.53
4:10am              8          0          7         78       50.8      30.07      10.53
4:15am            293          2          8         78       50.9      30.07      10.53
4:20am            229          1          8         78       50.8      30.07      10.53
4:25am            284          2          8         78       50.7      30.07      10.53
4:30am            255          0          8         78       50.5      30.07      10.53
4:35am            279          3          3         80       50.2      30.07      10.53
4:40am            276          2          4         80       49.8      30.07      10.53
4:45am            272          1          5         81       49.6      30.07      10.53
4:50am            288         10         10         80       49.9      30.08      10.53
4:55am            297          1         10         79       50.3      30.08      10.53
5:00am            280          2         10         79       50.4      30.08      10.53
5:05am            345          0          3         80       50.0      30.07      10.53
5:10am            282          0          3         81       49.6      30.08      10.53
5:15am            281          1          3         82       49.0      30.08      10.53
5:20am            266          1          3         83       48.9      30.07      10.53
5:25am            290          1          4         83       49.0      30.07      10.53
5:30am            275          2          4         83       49.2      30.07      10.53
5:35am            265          0          8         82       49.7      30.07      10.53
5:40am            272          0          8         82       49.4      30.07      10.53
5:45am            240          0          8         83       49.3      30.07      10.53
5:50am            278          1          8         82       50.1      30.07      10.53
5:55am            276          1          8         80       50.5      30.07      10.53
6:00am            274          5          8         80       50.8      30.08      10.53
6:05am            281          4          5         79       50.9      30.08      10.53
6:10am            274          3          6         79       51.1      30.08      10.53
6:15am            287          0          6         79       51.5      30.08      10.53
6:20am            286          1          6         78       51.8      30.08      10.53
6:25am            268          1          6         78       52.3      30.08      10.53
6:30am            282          3          6         77       52.6      30.08      10.53
6:35am            266          1          4         77       52.8      30.08      10.53
6:40am            264          2          4         76       53.1      30.08      10.53
6:45am            286          2          4         75       53.2      30.08      10.53
6:50am            250          0          7         75       53.4      30.07      10.53
6:55am            260          1          7         75       53.8      30.07      10.53
7:00am            282          3          7         74       54.3      30.08      10.53
7:05am            276          0          5         75       54.6      30.08      10.53
7:10am            277          4          5         73       55.0      30.07      10.53
7:15am            278          4          5         72       55.7      30.07      10.53
7:20am            268          3          6         73       56.0      30.07      10.53
7:25am            281          2          6         72       56.2      30.07      10.53
7:30am            265          2          6         72       56.7      30.07      10.53
7:35am            281          3          6         70       57.3      30.07      10.53
7:40am            353          2          6         69       57.7      30.07      10.53
7:45am            237          1          6         69       57.9      30.08      10.53
7:50am            353          2          6         69       58.7      30.08      10.53
7:55am            288          1          6         68       59.4      30.08      10.53
8:00am            191          0          6         67       59.7      30.08      10.53
8:05am            280          2          5         67       60.0      30.08      10.53
8:10am            248          0          7         67       59.7      30.08      10.53
8:15am            285          4          7         68       59.8      30.08      10.53
8:20am            253          3          8         67       59.9      30.08      10.53
8:25am            264          6          8         68       59.7      30.08      10.53
8:30am            275          4          8         70       60.0      30.08      10.53
8:35am            266          0          8         68       60.3      30.08      10.53
8:40am            193          0          8         68       61.1      30.09      10.53
8:45am            198          2         10         67       61.6      30.08      10.53
8:50am            251          2         10         66       61.9      30.08      10.53
8:55am            271          3         10         67       62.3      30.08      10.53
9:00am            286          4         10         66       63.0      30.08      10.53
9:05am            244          1          6         65       63.5      30.08      10.53
9:10am            213          2         11         65       63.3      30.08      10.53
9:15am            293          5         11         64       63.5      30.07      10.53
9:20am            218          3         12         64       63.6      30.08      10.53
9:25am            252          1         12         65       64.0      30.08      10.53
9:30am            131          0         12         64       64.5      30.08      10.53
9:35am            198          3         11         64       64.6      30.07      10.53
9:40am            283          5         11         64       64.9      30.07      10.53
9:45am            273          4         11         63       65.2      30.07      10.53
9:50am            309          4         11         63       65.5      30.07      10.53
9:55am            143          2         12         64       65.6      30.07      10.53
10:00am           236          5         14         61       66.0      30.07      10.53
10:05am           231          2         10         62       66.2      30.07      10.53
10:10am           203          3         10         61       66.7      30.07      10.53
10:15am           263          2         11         61       66.7      30.06      10.53
10:20am           254          2         11         62       67.0      30.06      10.53
10:25am           191          3         11         61       67.3      30.06      10.53
10:30am           322          3         13         60       67.3      30.06      10.53
10:35am           274          6          9         59       68.0      30.05      10.53
10:40am           216          1          9         60       68.6      30.05      10.53
10:45am           189          2         10         58       69.0      30.05      10.53
10:50am           217          0         10         58       69.5      30.05      10.53
10:55am           233          5         12         58       69.6      30.05      10.53
11:00am           275          3         12         57       69.5      30.05      10.53
11:05am           274         12         13         56       70.0      30.04      10.53
11:10am           223          6         13         57       70.3      30.04      10.53
11:15am           253          6         13         56       70.7      30.04      10.53
11:20am           278          6         16         55       70.4      30.03      10.53
11:25am           235          4         16         56       70.8      30.03      10.53
11:30am           277          8         16         55       71.3      30.03      10.53
11:35am           289          4         10         55       71.9      30.03      10.53
11:40am           192          8         13         54       72.4      30.03      10.53
11:45am           273          5         13         53       72.4      30.03      10.53
11:50am           281          6         13         54       72.8      30.03      10.53
11:55am           278          4         13         52       72.7      30.03      10.53
12:00pm           276          1         13         53       73.3      30.02      10.53
12:05pm           255          6         11         53       73.5      30.02      10.53
12:10pm           238          4         12         51       73.6      30.02      10.53
12:15pm           325          1         12         51       74.2      30.02      10.53
12:20pm           265          9         12         51       74.2      30.02      10.53
12:25pm           307          2         12         49       74.6      30.01      10.53
12:30pm           290          8         12         50       75.2      30.01      10.53
12:35pm           311          5         13         47       75.2      30.01      10.53
12:40pm           278          5         13         49       75.4      30.01      10.53
12:45pm           289          4         13         47       75.8      30.01      10.53
12:50pm           257          5         18         49       75.4      30.00      10.53
12:55pm           290          8         18         46       75.8      30.00      10.53
1:00pm            295          1         18         47       75.7      30.00      10.53
1:05pm            207          1          9         48       75.7      29.99      10.53
1:10pm            307          4         11         46       75.9      29.99      10.53
1:15pm            272          2         13         45       77.1      29.98      10.53
1:20pm            252          3         17         43       76.6      29.98      10.53
1:25pm            129          2         17         45       76.8      29.97      10.53
1:30pm            257          5         17         42       77.1      29.97      10.53
1:35pm            230          6         14         42       77.3      29.97      10.53
1:40pm            276          1         14         41       77.9      29.97      10.53
1:45pm            212          6         14         43       77.8      29.97      10.53
1:50pm            270          3         14         43       77.2      29.97      10.53
1:55pm            264          6         14         42       77.1      29.96      10.53
2:00pm            270          9         15         43       77.3      29.96      10.53
2:05pm            297          7         13         45       77.2      29.96      10.53
2:10pm            235          3         16         43       76.6      29.96      10.53
2:15pm            286          5         16         45       77.3      29.96      10.53
2:20pm            256         11         16         43       77.0      29.96      10.53
2:25pm            270          7         16         43       76.8      29.95      10.53
2:30pm            278         15         18         43       77.1      29.96      10.53
2:35pm            221          1         15         44       76.8      29.95      10.53
2:40pm            283          1         16         41       76.5      29.95      10.53
2:45pm            236         10         16         42       76.5      29.95      10.53
2:50pm            278          3         16         41       77.1      29.95      10.53
2:55pm            238          4         16         38       77.0      29.95      10.53
3:00pm            281          4         19         40       77.4      29.94      10.53
3:05pm            283          8         14         40       77.6      29.94      10.53
3:10pm            274          5         14         40       77.7      29.94      10.53
3:15pm            172          2         16         38       78.0      29.94      10.53
3:20pm            194          3         20         37       78.0      29.94      10.53
3:25pm            180          7         20         38       78.3      29.94      10.53
3:30pm            270          8         20         38       78.6      29.94      10.53
3:35pm            262          3         14         38       79.0      29.93      10.53
3:40pm            164          5         14         36       79.4      29.93      10.53
3:45pm            216          5         14         37       79.6      29.93      10.53
3:50pm            227         11         16         36       79.9      29.93      10.53
3:55pm            124          8         16         37       79.9      29.93      10.53
4:00pm            259          3         16         34       80.8      29.92      10.53
4:05pm            293          5         11         37       80.7      29.92      10.53
4:10pm            250          6         12         35       80.6      29.92      10.53
4:15pm            240          1         12         36       80.8      29.92      10.53
4:20pm            255          4         12         35       81.0      29.92      10.53
4:25pm            315          5         12         35       80.6      29.92      10.53
4:30pm             51          2         12         37       80.8      29.92      10.53
4:35pm            216          2         11         34       81.1      29.91      10.53
4:40pm            212          5         11         34       80.8      29.91      10.53
4:45pm            139          2         11         34       80.8      29.91      10.53
4:50pm            271          2         13         34       80.8      29.91      10.53
4:55pm            181          2         13         35       80.8      29.91      10.53
5:00pm            296         12         13         34       81.0      29.91      10.53
5:05pm            300          4         13         32       80.9      29.90      10.53
5:10pm            258          1         16         34       80.5      29.90      10.53
5:15pm            156          2         16         32       80.7      29.90      10.53
5:20pm            218          4         16         33       80.7      29.90      10.53
5:25pm            199          4         16         33       80.9      29.90      10.53
5:30pm            270          8         16         33       80.4      29.89      10.53
5:35pm            262          5         14         32       80.4      29.89      10.53
5:40pm            230          5         14         34       79.7      29.89      10.53
5:45pm            217          1         14         33       79.7      29.89      10.53
5:50pm            278         13         14         34       80.5      29.89      10.53
5:55pm            176          2         16         33       80.5      29.89      10.53
6:00pm            271          2         16         34       80.8      29.89      10.53
6:05pm            266          3         13         34       80.7      29.89      10.53
6:10pm            293         10         13         34       80.3      29.89      10.53
6:15pm            320          0         13         34       79.9      29.89      10.53
6:20pm            257          3         14         36       78.3      29.89      10.53
6:25pm            231          1         14         38       77.1      29.89      10.53
6:30pm            244          3         14         39       76.5      29.89      10.53
6:35pm            233          2         13         39       76.1      29.89      10.53
6:40pm            285          5         13         40       75.7      29.90      10.53
6:45pm            176          3         13         41       75.5      29.90      10.53
6:50pm            265          3         13         42       75.3      29.90      10.53
6:55pm            259          3         13         42       75.0      29.89      10.53
7:00pm            134          1         13         43       74.8      29.89      10.53
7:05pm            191          1         10         41       74.7      29.89      10.53
7:10pm            158          2         10         41       74.6      29.89      10.53
7:15pm            213          0         12         42       74.5      29.89      10.53
7:20pm            203          0         12         43       74.2      29.89      10.53
7:25pm            274          2         12         43       73.7      29.89      10.53
7:30pm            271          0         12         44       73.3      29.89      10.53
7:35pm            233          0          5         44       73.0      29.89      10.53
7:40pm            238          0          5         45       72.6      29.89      10.53
7:45pm            267          3          8         45       72.3      29.88      10.53
7:50pm            240          0          8         46       72.3      29.88      10.53
7:55pm            260          1          8         47       72.0      29.88      10.53
8:00pm            240          0          8         46       71.8      29.88      10.53
8:05pm            203          0          4         46       71.5      29.88      10.53
8:10pm            283          0          4         46       71.3      29.88      10.53
8:15pm            214          0          4         47       71.0      29.88      10.53
8:20pm            290          1          4         48       70.7      29.88      10.53
8:25pm            271          3          7         49       70.5      29.88      10.53
8:30pm            210          0          7         50       70.2      29.88      10.53
8:35pm            283          3          3         52       69.8      29.88      10.53
8:40pm            284          1          5         53       69.4      29.87      10.53
8:45pm            212          0          5         53       69.1      29.87      10.53
8:50pm            285          0          5         54       69.0      29.87      10.53
8:55pm            248          0          5         54       68.8      29.87      10.53
9:00pm            278          1          5         55       68.4      29.87      10.53
9:05pm            262          0          4         55       68.2      29.87      10.53
9:10pm            240          0          4         56       68.0      29.87      10.53
9:15pm            231          0          4         56       67.7      29.87      10.53
9:20pm            278          0          5         57       67.5      29.87      10.53
9:25pm            297          1          5         56       67.5      29.87      10.53
9:30pm            266          0          5         57       67.3      29.87      10.53
9:35pm            269          0          1         57       67.2      29.87      10.53
9:40pm            278          1          4         57       67.2      29.87      10.53
9:45pm            199          0          4         58       67.0      29.87      10.53
9:50pm            266          0          4         59       66.6      29.87      10.53
9:55pm            250          0          4         59       66.5      29.87      10.53
10:00pm           268          2          4         59       66.5      29.88      10.53
10:05pm           211          0          4         59       66.5      29.88      10.53
10:10pm           264          1          4         59       66.2      29.88      10.53
10:15pm           267          0          5         60       66.0      29.88      10.53
10:20pm           267          1          7         61       65.7      29.88      10.53
10:25pm           233          2          7         61       65.7      29.88      10.53
10:30pm           283          2         11         60       65.6      29.87      10.53
10:35pm           272          5          7         60       65.8      29.87      10.53
10:40pm           219          2          8         60       65.8      29.87      10.53
10:45pm           205          2          9         60       65.8      29.87      10.53
10:50pm           272          0          9         60       65.7      29.87      10.53
10:55pm           265          1          9         60       65.7      29.87      10.53
11:00pm           271          2          9         60       65.5      29.87      10.53
11:05pm           281          3          5         60       65.6      29.87      10.53
11:10pm           246          2          6         60       65.6      29.87      10.53
11:15pm           211          2          7         60       65.4      29.87      10.53
11:20pm           279          1         10         60       65.4      29.87      10.53
11:25pm           267          3         10         61       65.2      29.87      10.53
11:30pm           266          2         10         61       65.1      29.87      10.53
11:35pm           266          0          6         61       65.0      29.87      10.53
11:40pm           295          3          7         61       65.0      29.87      10.53
11:45pm           222          1          7         61       65.1      29.88      10.53
11:50pm           234          0          7         61       64.9      29.88      10.53
11:55pm           266          1          7         62       64.7      29.88      10.53
