6/2/18
Time         Wind Dir   Wind Spd  Wind Gust   Humidity       Temp  Raw Barom   Tot Rain
                    °        mph        mph          %         °F         in         in
12:00am           270          0          0         95       66.1      29.64       9.90
12:05am           270          0          0         95       66.2      29.64       9.90
12:10am           270          0          0         95       66.1      29.64       9.90
12:15am           270          0          0         95       66.1      29.64       9.90
12:20am           270          0          0         95       66.1      29.64       9.90
12:25am           270          0          0         95       66.1      29.64       9.90
12:30am           270          0          0         95       66.1      29.64       9.90
12:35am           270          0          0         95       66.1      29.64       9.90
12:40am           270          0          0         95       66.1      29.64       9.90
12:45am           270          0          0         96       66.1      29.64       9.90
12:50am           270          0          0         96       66.2      29.64       9.90
12:55am           270          0          0         96       66.2      29.64       9.90
1:00am            270          0          0         96       66.2      29.64       9.90
1:05am            270          0          0         96       66.2      29.64       9.90
1:10am            270          0          0         96       66.2      29.64       9.90
1:15am            270          0          0         96       66.2      29.64       9.90
1:20am            270          0          0         96       66.1      29.64       9.90
1:25am            270          0          0         96       66.0      29.64       9.90
1:30am            270          0          0         96       66.0      29.64       9.90
1:35am            270          0          0         96       66.0      29.64       9.90
1:40am            270          0          0         96       66.0      29.64       9.90
1:45am            270          0          0         96       66.0      29.64       9.90
1:50am            274          0          0         96       65.9      29.64       9.90
1:55am            274          0          0         96       65.8      29.64       9.90
2:00am            274          0          0         96       65.8      29.64       9.90
2:05am            274          0          0         96       65.8      29.64       9.90
2:10am            274          0          0         96       65.8      29.64       9.90
2:15am            274          0          0         96       66.1      29.64       9.90
2:20am            274          0          0         96       66.1      29.64       9.90
2:25am            274          0          0         96       66.0      29.64       9.90
2:30am            274          0          0         96       65.9      29.64       9.90
2:35am            274          0          0         96       65.9      29.64       9.90
2:40am            274          0          0         96       65.8      29.64       9.90
2:45am            274          0          0         96       65.8      29.64       9.90
2:50am            274          0          0         96       65.8      29.64       9.90
2:55am            274          0          0         96       65.8      29.64       9.90
3:00am            274          0          0         96       65.7      29.64       9.90
3:05am            288          0          0         96       65.6      29.64       9.90
3:10am            288          0          0         96       65.5      29.64       9.90
3:15am            288          0          0         96       65.5      29.64       9.90
3:20am            251          0          0         96       65.5      29.64       9.90
3:25am            220          0          0         96       65.5      29.64       9.90
3:30am            277          0          0         96       65.5      29.64       9.90
3:35am            256          0          2         96       65.4      29.64       9.90
3:40am            209          0          2         96       65.4      29.64       9.90
3:45am             98          0          2         97       65.3      29.64       9.90
3:50am            274          0          2         97       65.5      29.64       9.90
3:55am            182          0          2         97       65.5      29.64       9.90
4:00am            263          0          2         97       65.5      29.64       9.90
4:05am            248          0          3         97       65.5      29.64       9.90
4:10am            241          0          3         97       65.5      29.64       9.90
4:15am            273          0          3         97       65.5      29.64       9.90
4:20am            279          0          3         97       65.5      29.64       9.90
4:25am            269          0          3         97       65.5      29.64       9.90
4:30am            266          0          3         97       65.5      29.64       9.90
4:35am            266          0          0         97       65.4      29.64       9.90
4:40am            252          0          1         97       65.4      29.64       9.90
4:45am            252          0          1         97       65.4      29.65       9.90
4:50am            252          0          1         97       65.4      29.65       9.90
4:55am            252          0          1         97       65.4      29.65       9.90
5:00am            252          0          1         97       65.2      29.65       9.90
5:05am            252          0          0         97       65.2      29.64       9.90
5:10am            252          0          0         97       65.1      29.64       9.90
5:15am            252          0          0         97       65.1      29.64       9.90
5:20am            252          0          1         97       65.1      29.65       9.90
5:25am            252          0          1         97       65.1      29.65       9.90
5:30am            252          0          1         97       65.0      29.65       9.90
5:35am            277          0          2         97       65.0      29.65       9.90
5:40am            265          0          2         97       65.1      29.65       9.90
5:45am            265          0          2         97       65.1      29.65       9.90
5:50am            285          0          2         97       65.2      29.65       9.90
5:55am            279          0          2         97       65.2      29.65       9.90
6:00am            279          0          2         97       65.3      29.66       9.90
6:05am            282          0          0         97       65.4      29.66       9.90
6:10am            281          0          0         97       65.4      29.66       9.90
6:15am            271          0          0         97       65.5      29.66       9.90
6:20am            270          0          0         97       65.6      29.66       9.90
6:25am            227          0          0         97       65.7      29.66       9.90
6:30am            226          0          0         97       65.8      29.66       9.90
6:35am            225          0          0         97       65.9      29.66       9.90
6:40am            226          0          0         97       66.0      29.66       9.90
6:45am            226          0          0         97       66.2      29.67       9.90
6:50am            226          0          0         97       66.4      29.67       9.90
6:55am            226          0          0         97       66.7      29.67       9.90
7:00am            226          0          0         96       67.1      29.67       9.90
7:05am            226          0          0         96       67.4      29.67       9.90
7:10am            284          0          0         95       67.8      29.67       9.90
7:15am            256          0          0         94       68.1      29.67       9.90
7:20am            219          0          0         94       68.4      29.67       9.90
7:25am            250          0          0         93       68.8      29.67       9.90
7:30am            264          0          0         92       68.9      29.67       9.90
7:35am            269          0          0         92       69.0      29.67       9.90
7:40am            265          0          0         92       69.2      29.67       9.90
7:45am            266          0          0         92       69.2      29.68       9.90
7:50am            278          0          0         91       69.2      29.68       9.90
7:55am             42          1          2         91       69.2      29.68       9.90
8:00am            288          0          2         90       69.4      29.69       9.90
8:05am             71          0          1         89       69.6      29.69       9.90
8:10am            283          0          3         88       69.8      29.69       9.90
8:15am             74          9          9         88       69.9      29.69       9.90
8:20am            356          0          9         87       69.9      29.69       9.90
8:25am            153          0          9         87       70.2      29.69       9.90
8:30am            302          0          9         87       70.5      29.69       9.90
8:35am            191          0          1         86       70.9      29.69       9.90
8:40am             25          0          1         85       71.5      29.69       9.90
8:45am            133          0          2         84       72.1      29.69       9.90
8:50am            129          1          4         83       72.2      29.70       9.90
8:55am             72          2          4         83       72.2      29.70       9.90
9:00am            110          0          4         83       72.0      29.69       9.90
9:05am             72          1          2         83       72.0      29.69       9.90
9:10am             72          0          4         82       71.9      29.70       9.90
9:15am            198          1          4         83       71.9      29.70       9.90
9:20am            279          0          4         82       71.8      29.70       9.90
9:25am             86          0          4         83       71.8      29.70       9.90
9:30am             20          0          4         83       71.9      29.70       9.90
9:35am            101          0          1         82       72.3      29.70       9.90
9:40am            328          2          6         81       72.1      29.70       9.90
9:45am            279          0         10         81       71.9      29.71       9.90
9:50am            195          0         10         81       71.9      29.71       9.90
9:55am            269          1         10         81       72.2      29.71       9.90
10:00am            77          0         10         81       72.2      29.71       9.90
10:05am            88          0          5         80       72.2      29.71       9.90
10:10am            83          3          5         81       72.6      29.71       9.90
10:15am            18          0          5         81       72.9      29.71       9.90
10:20am           269          1          5         79       73.2      29.71       9.90
10:25am           283          2          5         79       73.0      29.71       9.90
10:30am           176          0          5         79       73.0      29.72       9.90
10:35am            79          0          7         79       73.0      29.72       9.90
10:40am           137          0          7         77       73.6      29.72       9.90
10:45am            41          3          7         78       74.2      29.72       9.90
10:50am           279          0          7         77       73.7      29.72       9.90
10:55am           231          0          7         77       74.2      29.72       9.90
11:00am           274          4          7         75       74.2      29.72       9.90
11:05am            79          4          4         78       74.4      29.72       9.90
11:10am            44          3          6         74       74.8      29.72       9.90
11:15am           256          0          6         74       75.4      29.72       9.90
11:20am            29          1          7         72       76.1      29.72       9.90
11:25am           286          3          8         71       75.3      29.72       9.90
11:30am           328          2          8         73       74.6      29.73       9.90
11:35am           103          0          3         73       74.4      29.73       9.90
11:40am           244          3          5         72       74.3      29.73       9.90
11:45am            96          3         10         72       73.5      29.73       9.90
11:49am            76          8         10         71       73.3      29.73       9.90
11:55am           143          1         10         73       73.2      29.74       9.90
12:00pm            71          3         10         70       74.0      29.74       9.90
12:05pm           272          3          8         71       74.0      29.73       9.90
12:10pm           327          1          8         70       74.4      29.74       9.90
12:15pm            86          0          8         70       74.2      29.74       9.90
12:20pm            92          9          9         68       74.2      29.73       9.90
12:25pm           117          1          9         68       75.0      29.74       9.90
12:30pm             1          4          9         66       74.6      29.74       9.90
12:35pm           103          1         11         70       73.9      29.74       9.90
12:40pm            87          4         16         68       74.0      29.73       9.90
12:45pm           198          0         16         67       74.7      29.73       9.90
12:50pm            94          0         16         66       74.6      29.73       9.90
12:55pm           141          0         16         68       74.7      29.73       9.90
1:00pm             51          1         16         66       74.8      29.73       9.90
1:05pm             80          5          5         65       75.7      29.73       9.90
1:10pm             15          1          8         64       75.3      29.73       9.90
1:15pm            129          1          8         64       75.6      29.73       9.90
1:20pm             18          5         12         61       76.0      29.73       9.90
1:25pm            247          0         12         65       75.5      29.72       9.90
1:30pm            123          2         12         63       76.1      29.72       9.90
1:35pm            268          2          4         63       77.0      29.72       9.90
1:40pm             79          4         12         61       76.7      29.72       9.90
1:45pm             79          5         12         60       76.1      29.72       9.90
1:50pm            148          3         12         58       75.9      29.72       9.90
1:55pm            233          2         12         60       76.4      29.72       9.90
2:00pm            213          2         12         58       76.7      29.72       9.90
2:05pm            265          1          5         59       76.9      29.72       9.90
2:10pm            131          0          7         59       77.1      29.72       9.90
2:15pm            238          1          7         57       78.0      29.72       9.90
2:20pm            131          3         15         54       77.5      29.72       9.90
2:25pm            224          1         15         57       76.8      29.72       9.90
2:30pm            199          4         15         56       77.6      29.72       9.90
2:35pm             55          2         13         57       77.4      29.72       9.90
2:40pm            155          2         13         55       77.3      29.72       9.90
2:45pm            199          0         13         57       77.6      29.72       9.90
2:50pm             49          1         13         54       77.9      29.73       9.90
2:55pm            169          0         13         58       77.4      29.73       9.90
3:00pm            345          1         13         55       77.1      29.73       9.90
3:05pm            133          0         10         55       76.9      29.73       9.90
3:10pm            263          1         10         56       76.8      29.73       9.90
3:15pm            127          1         10         57       77.2      29.73       9.90
3:20pm            274          0         10         56       77.9      29.73       9.90
3:25pm             79          6         10         53       77.8      29.73       9.90
3:30pm             63          0         10         54       78.1      29.73       9.90
3:35pm             53          4          9         55       78.5      29.74       9.90
3:40pm            108          0          9         52       79.2      29.74       9.90
3:45pm            169          1          9         50       79.2      29.74       9.90
3:50pm            339          8          9         51       78.7      29.74       9.90
3:55pm             18          2          9         53       78.4      29.74       9.90
4:00pm             59          0          9         51       79.1      29.74       9.90
4:05pm            139          1          5         50       79.6      29.74       9.90
4:10pm            288          1         11         50       78.8      29.74       9.90
4:15pm            249          1         11         51       78.7      29.75       9.90
4:20pm            241          3         11         51       78.1      29.75       9.90
4:25pm            211          1         11         52       78.9      29.75       9.90
4:29pm            239          0         11         50       79.6      29.75       9.90
4:35pm             47          5          9         50       79.1      29.76       9.90
4:40pm            109          7          9         53       78.1      29.76       9.90
4:45pm            157          2          9         51       77.9      29.76       9.90
4:50pm            203          1          9         53       78.4      29.76       9.90
4:55pm             80          0          9         50       78.7      29.76       9.90
5:00pm            200          1          9         50       78.3      29.76       9.90
5:05pm            168          3          5         50       78.3      29.76       9.90
5:10pm            191          1          7         50       78.0      29.77       9.90
5:15pm            103          1          7         51       77.8      29.77       9.90
5:20pm             52          3          7         51       77.5      29.77       9.90
5:25pm             90          1         10         53       77.3      29.77       9.90
5:30pm             96          2         10         52       77.4      29.78       9.90
5:34pm            205          0          8         50       76.8      29.78       9.90
5:40pm             87          0          9         51       76.6      29.78       9.90
5:45pm             92          1          9         51       76.1      29.79       9.90
5:50pm             98          0          9         51       75.5      29.79       9.90
5:55pm            144          0          9         51       75.8      29.79       9.90
6:00pm             46          0          9         50       76.2      29.79       9.90
6:05pm            271          0          5         51       76.3      29.79       9.90
6:10pm            101          1          6         50       76.2      29.80       9.90
6:15pm              4          0          7         52       74.8      29.79       9.90
6:20pm            335          0          7         56       72.7      29.79       9.90
6:25pm            269          0          7         58       71.5      29.79       9.90
6:30pm            348          2          7         58       70.9      29.79       9.90
6:35pm            245          0          5         58       70.3      29.80       9.90
6:40pm            191          0         10         58       69.8      29.80       9.90
6:45pm            288          4         10         59       69.4      29.80       9.90
6:50pm            181          0         10         59       69.3      29.80       9.90
6:55pm             70          0         10         60       69.1      29.80       9.90
7:00pm            224          0         10         60       68.9      29.80       9.90
7:05pm            326          0          5         61       68.7      29.81       9.90
7:10pm            243          4          5         60       68.4      29.81       9.90
7:15pm             53          1          6         60       68.1      29.81       9.90
7:20pm            246          0          6         61       67.9      29.81       9.90
7:25pm            149          0          6         60       67.6      29.82       9.90
7:30pm            359          0          6         61       67.2      29.82       9.90
7:35pm            225          0          1         63       66.9      29.82       9.90
7:40pm             81          1          3         63       66.7      29.82       9.90
7:45pm            269          2          3         64       66.4      29.82       9.90
7:50pm             94          0          3         65       66.1      29.82       9.90
7:55pm            124          0          3         65       65.8      29.82       9.90
8:00pm            124          1          3         66       65.5      29.82       9.90
8:05pm             44          0          1         67       65.2      29.83       9.90
8:10pm            115          3          9         67       65.0      29.82       9.90
8:15pm             52          0          9         68       64.7      29.82       9.90
8:20pm            116          0          9         68       64.4      29.82       9.90
8:25pm            139          0          9         69       64.2      29.83       9.90
8:30pm            207          0          9         70       63.9      29.83       9.90
8:35pm            181          0          1         71       63.5      29.83       9.90
8:40pm             48          0          2         71       63.4      29.83       9.90
8:45pm            122          0          2         71       63.3      29.83       9.90
8:50pm            276          0          4         71       63.2      29.83       9.90
8:54pm            259          0          4         73       62.9      29.84       9.90
9:00pm             51          0          6         73       62.8      29.84       9.90
9:05pm            158          0          0         73       62.4      29.84       9.90
9:10pm            163          0          0         75       62.0      29.84       9.90
9:15pm            164          0          0         76       61.6      29.84       9.90
9:20pm            166          0          0         77       61.3      29.85       9.90
9:25pm            166          0          0         77       60.8      29.85       9.90
9:30pm            167          0          0         78       60.5      29.85       9.90
9:35pm            244          0          0         79       60.3      29.85       9.90
9:40pm            244          0          0         79       60.0      29.85       9.90
9:45pm            244          0          0         80       59.7      29.86       9.90
9:50pm            244          0          0         81       59.4      29.86       9.90
9:55pm            244          0          1         81       59.2      29.86       9.90
10:00pm           244          0          1         80       59.3      29.86       9.90
10:05pm           227          0          1         81       59.3      29.86       9.90
10:10pm           227          0          1         81       59.3      29.86       9.90
10:15pm           227          0          1         82       59.3      29.86       9.90
10:20pm           227          0          1         83       59.0      29.86       9.90
10:25pm           227          0          1         84       58.6      29.86       9.90
10:30pm           278          0          2         84       58.2      29.87       9.90
10:35pm           269          0          0         86       57.9      29.87       9.90
10:40pm           269          0          0         86       57.5      29.87       9.90
10:45pm           269          0          0         87       57.5      29.87       9.90
10:50pm           269          0          0         87       57.2      29.87       9.90
10:55pm           269          0          0         88       56.8      29.88       9.90
11:00pm           269          0          0         89       56.5      29.88       9.90
11:05pm           269          0          0         89       56.4      29.88       9.90
11:10pm           269          0          0         89       56.2      29.88       9.90
11:15pm           269          0          0         89       56.0      29.88       9.90
11:20pm           269          0          0         89       56.0      29.88       9.90
11:25pm           269          0          0         89       56.1      29.88       9.90
11:30pm           269          0          0         88       56.0      29.88       9.90
11:35pm           269          0          0         88       55.9      29.88       9.90
11:40pm           269          0          0         89       55.8      29.89       9.90
11:45pm           269          0          0         89       55.5      29.88       9.90
11:50pm           269          0          0         90       55.2      29.88       9.90
11:55pm           269          0          0         91       55.1      29.89       9.90
