7/26/18
Time         Wind Dir   Wind Spd  Wind Gust   Humidity       Temp  Raw Barom   Tot Rain
                    °        mph        mph          %         °F         in         in
12:00am           281          3          4         94       69.7      29.83      16.21
12:05am           291          0          4         93       69.4      29.82      16.21
12:10am           291          0          4         94       69.3      29.82      16.22
12:15am           291          0          4         94       69.2      29.82      16.22
12:20am           291          0          4         95       69.1      29.82      16.23
12:25am           291          0          4         95       69.0      29.82      16.23
12:30am           283          0          4         96       69.1      29.82      16.24
12:35am           270          1          2         96       69.0      29.82      16.24
12:40am           267          0          2         96       68.9      29.82      16.24
12:45am           266          0          2         96       68.8      29.82      16.24
12:50am           266          0          2         96       68.8      29.81      16.25
12:55am           267          0          2         96       68.7      29.81      16.25
1:00am            266          0          2         96       68.7      29.81      16.25
1:05am            267          0          0         96       68.7      29.81      16.26
1:10am            266          0          0         96       68.7      29.81      16.26
1:15am            266          0          0         96       68.8      29.80      16.27
1:20am            266          0          0         96       68.8      29.80      16.27
1:25am            266          0          0         97       68.8      29.80      16.27
1:30am            266          0          0         97       69.0      29.79      16.28
1:35am            151          0          1         97       69.1      29.79      16.28
1:40am             91          0          1         97       69.3      29.79      16.36
1:45am             60          0          1         97       69.3      29.79      16.40
1:50am            245          0          5         97       69.3      29.79      16.40
1:55am            217          0          5         97       69.4      29.79      16.40
2:00am            201          0          5         96       69.4      29.78      16.40
2:05am            214          0          2         96       69.4      29.78      16.41
2:10am            214          0          2         96       69.3      29.78      16.41
2:15am            138          0          2         96       69.3      29.77      16.41
2:20am            138          0          2         96       69.2      29.77      16.41
2:25am            138          0          2         96       69.2      29.77      16.41
2:30am            138          0          2         97       69.3      29.77      16.41
2:35am             93          0          1         97       69.4      29.76      16.41
2:40am             89          0          1         97       69.4      29.76      16.41
2:45am             90          0          1         97       69.4      29.76      16.42
2:50am             89          0          1         97       69.4      29.76      16.42
2:55am             72          1          3         97       69.4      29.75      16.42
3:00am             88          0          3         97       69.5      29.75      16.42
3:05am             84          0          4         96       69.4      29.75      16.42
3:10am            131          0          4         96       69.3      29.75      16.42
3:15am            122          1          4         96       69.3      29.74      16.42
3:20am             64          0          4         96       69.3      29.74      16.42
3:25am             90          0          4         96       69.3      29.74      16.42
3:30am             78          0          4         96       69.3      29.74      16.42
3:35am             71          2          5         96       69.3      29.74      16.42
3:40am             84          0          5         96       69.4      29.74      16.42
3:45am            197          0          5         96       69.3      29.74      16.43
3:50am            127          0          5         96       69.3      29.74      16.43
3:55am            113          0          5         96       69.3      29.74      16.44
4:00am             82          1          5         96       69.2      29.74      16.44
4:05am            148          0          2         96       69.2      29.74      16.46
4:10am            128          0          2         96       69.2      29.73      16.49
4:15am            132          0          2         96       69.1      29.73      16.50
4:20am            164          0          3         96       69.1      29.73      16.52
4:25am            219          0          3         96       69.1      29.73      16.54
4:30am            267          0          3         96       69.0      29.73      16.55
4:35am            237          1          2         96       69.0      29.73      16.57
4:40am            274          1          3         96       68.9      29.73      16.57
4:45am            226          0          3         96       68.8      29.73      16.60
4:50am            280          0          3         96       68.7      29.73      16.62
4:55am            318          0          3         96       68.6      29.73      16.62
5:00am            335          0          3         96       68.5      29.73      16.63
5:05am            335          0          0         96       68.4      29.73      16.63
5:10am            335          0          0         96       68.3      29.72      16.63
5:15am             30          0          1         96       68.3      29.72      16.64
5:20am             38          0          1         96       68.2      29.72      16.64
5:25am             38          0          1         96       68.2      29.72      16.64
5:30am            325          0          1         96       68.1      29.72      16.64
5:35am            312          0          1         97       68.1      29.72      16.64
5:40am            312          0          1         96       68.1      29.72      16.64
5:45am            312          0          1         96       68.1      29.72      16.64
5:50am            312          0          1         96       68.0      29.72      16.64
5:55am            312          0          1         96       67.9      29.72      16.64
6:00am            312          0          1         96       67.9      29.72      16.64
6:05am            312          0          0         97       67.9      29.72      16.64
6:10am            312          0          0         97       67.8      29.72      16.64
6:15am            312          0          0         97       67.9      29.72      16.64
6:20am            312          0          0         97       67.9      29.72      16.64
6:25am            312          0          0         97       67.9      29.73      16.64
6:30am            312          0          0         97       67.9      29.73      16.64
6:35am            262          0          0         97       68.0      29.73      16.64
6:40am            264          0          1         97       68.1      29.73      16.64
6:45am            277          0          1         97       68.3      29.73      16.64
6:50am            281          0          1         97       68.2      29.73      16.64
6:55am            278          0          2         97       68.3      29.73      16.64
7:00am            278          0          2         97       68.4      29.73      16.64
7:05am            278          0          1         97       68.5      29.73      16.64
7:10am            243          0          1         97       68.6      29.73      16.64
7:15am            204          0          1         97       68.8      29.73      16.64
7:20am            263          0          1         97       69.0      29.73      16.64
7:25am            263          0          1         97       69.2      29.73      16.64
7:30am            263          0          1         97       69.4      29.73      16.64
7:35am            268          0          2         97       69.7      29.73      16.64
7:40am            262          0          2         96       69.9      29.74      16.64
7:45am            295          1          2         95       69.9      29.74      16.64
7:50am            220          0          2         96       69.9      29.74      16.64
7:55am            204          0          2         96       70.1      29.74      16.64
8:00am            262          0          3         95       70.1      29.74      16.64
8:05am            291          0          3         95       70.3      29.74      16.64
8:10am            270          0          3         95       70.5      29.74      16.64
8:15am            269          1          4         95       70.6      29.74      16.64
8:20am            265          1          4         95       70.8      29.73      16.64
8:25am            281          0          4         95       71.0      29.74      16.64
8:30am            219          1          4         94       71.1      29.73      16.64
8:35am            262          0          7         93       71.0      29.73      16.64
8:40am            294          2          7         93       71.0      29.73      16.64
8:45am            253          0          7         93       71.2      29.73      16.64
8:50am            301          2          7         92       71.5      29.73      16.64
8:55am            258          0          7         92       71.9      29.73      16.64
9:00am            281          7          7         91       71.8      29.73      16.64
9:05am            295          2          8         90       71.9      29.73      16.64
9:10am            254          0          8         91       72.0      29.73      16.64
9:15am            229          0          8         91       72.0      29.74      16.64
9:20am            278          1          8         92       72.0      29.74      16.64
9:25am            290          1          8         91       72.3      29.74      16.64
9:30am            272          4          8         90       72.3      29.74      16.64
9:35am            257          0          4         91       72.2      29.74      16.64
9:40am            243          1          4         91       72.3      29.74      16.64
9:45am            266          0          4         91       72.0      29.74      16.64
9:50am            269          2          4         91       72.0      29.74      16.64
9:55am            281          0          4         91       71.9      29.74      16.64
10:00am           226          0          4         92       72.0      29.74      16.64
10:05am           283          0          2         92       72.3      29.74      16.64
10:10am           269          1          3         91       72.5      29.74      16.64
10:15am           290          2          3         91       72.7      29.74      16.64
10:20am           284          1          3         91       72.6      29.75      16.64
10:25am           286          0          3         91       72.7      29.75      16.64
10:30am           283          0          3         91       72.9      29.75      16.64
10:35am           164          0          5         90       73.0      29.75      16.64
10:40am           267          2          8         89       73.3      29.75      16.64
10:45am           246          0          8         89       73.0      29.75      16.64
10:50am           274          2          8         90       73.1      29.75      16.64
10:55am           166          0          8         89       73.1      29.75      16.64
11:00am           271          0          8         88       73.1      29.75      16.64
11:05am           288          1          3         89       73.3      29.75      16.64
11:10am           269          1          7         89       73.2      29.75      16.64
11:15am           212          0          7         89       73.6      29.75      16.64
11:20am           284          0          7         88       73.5      29.75      16.64
11:25am           272          0          7         89       73.7      29.75      16.64
11:30am           293          4          7         88       73.6      29.75      16.64
11:35am           278          0          4         88       73.4      29.75      16.64
11:40am           290          2          4         89       73.5      29.75      16.64
11:45am           278          0          4         89       73.5      29.75      16.64
11:50am           200          0          4         90       73.5      29.75      16.64
11:55am           256          0          4         89       73.1      29.75      16.64
12:00pm           291          1          4         90       72.9      29.75      16.64
12:05pm           276          1          3         91       73.3      29.75      16.64
12:10pm           264          0          4         91       73.5      29.75      16.64
12:15pm           269          2          4         90       74.0      29.75      16.64
12:20pm           257          0          4         90       74.2      29.75      16.64
12:25pm           279          3          4         88       75.1      29.75      16.64
12:30pm           267          0          4         87       75.1      29.75      16.64
12:35pm           295          2          4         86       75.2      29.74      16.64
12:40pm           278          0          4         86       75.6      29.74      16.64
12:45pm           277          5          5         83       76.3      29.74      16.64
12:50pm           240          1          5         81       76.6      29.74      16.64
12:55pm           281          3          5         81       76.3      29.74      16.64
1:00pm            193          0          6         83       76.2      29.74      16.64
1:05pm            222          0          4         84       76.2      29.74      16.64
1:10pm            252          1          4         86       75.7      29.74      16.64
1:15pm            252          0          5         87       75.3      29.74      16.65
1:20pm            243          0          5         89       75.2      29.74      16.65
1:25pm            220          0          6         89       75.1      29.74      16.65
1:30pm            151          0          6         88       75.0      29.74      16.65
1:35pm            265          2          5         87       74.9      29.74      16.65
1:40pm            226          3          6         87       74.5      29.74      16.65
1:45pm            274          2          7         87       74.3      29.74      16.65
1:50pm            274          1          7         89       74.3      29.75      16.65
1:55pm            196          0          7         89       74.2      29.75      16.65
2:00pm            264          6          7         89       73.7      29.75      16.65
2:05pm            229          0          7         89       73.1      29.75      16.65
2:10pm            280          1          7         92       72.6      29.75      16.67
2:15pm            295          0          7         92       72.4      29.75      16.69
2:20pm            238          0          7         93       72.0      29.75      16.71
2:25pm            293          2          7         91       71.6      29.75      16.72
2:30pm            273          0          7         92       71.7      29.75      16.72
2:35pm            250          0          4         93       71.9      29.75      16.72
2:40pm            299          1          4         93       72.3      29.75      16.72
2:45pm            198          0          4         93       72.8      29.75      16.72
2:50pm            290          2          4         91       73.6      29.74      16.72
2:55pm            269          0          4         91       73.8      29.75      16.72
3:00pm            212          1          4         90       74.3      29.74      16.72
3:05pm            276          0          3         89       74.7      29.74      16.72
3:10pm            291          3          7         90       74.6      29.74      16.72
3:15pm            283          1          7         88       74.8      29.75      16.72
3:20pm            243          0          7         90       75.2      29.75      16.72
3:25pm            222          0          7         89       75.6      29.75      16.72
3:30pm            280          5          7         86       75.7      29.74      16.72
3:35pm            202          0          6         87       76.4      29.74      16.72
3:40pm            275          2          6         84       77.2      29.74      16.72
3:45pm            285          0          8         83       77.5      29.74      16.72
3:50pm            299          2          8         81       78.3      29.74      16.72
3:55pm            240          1          8         81       78.0      29.74      16.72
4:00pm            281          0          8         81       76.7      29.74      16.72
4:05pm            203          0          2         84       78.0      29.74      16.72
4:10pm            297          1          8         78       79.2      29.74      16.72
4:15pm            284          5          8         74       79.8      29.73      16.72
4:20pm            216          2          8         75       79.8      29.74      16.72
4:25pm            250          0          8         77       79.4      29.74      16.72
4:30pm            238          1          8         77       79.7      29.74      16.72
4:35pm            148          1          9         74       80.8      29.74      16.72
4:40pm            213          0          9         73       80.5      29.74      16.72
4:45pm            266          1          9         76       80.0      29.75      16.72
4:50pm            258          7         11         72       80.2      29.75      16.72
4:55pm            200          0         11         75       80.4      29.75      16.72
5:00pm            212          0         11         71       81.1      29.75      16.72
5:05pm            270          4          7         72       81.4      29.75      16.72
5:10pm            224          2          7         73       81.2      29.75      16.72
5:15pm            288          7         10         72       80.9      29.75      16.72
5:20pm            273          4         10         71       80.2      29.75      16.72
5:25pm            254          6         10         73       79.7      29.75      16.72
5:30pm            166          0         10         77       78.1      29.75      16.72
5:35pm            256          0          7         79       77.7      29.75      16.72
5:40pm            307          5          7         77       79.0      29.75      16.72
5:45pm            258          2         10         72       79.5      29.75      16.72
5:50pm            157          0         10         72       80.2      29.75      16.72
5:55pm            221          0         10         69       80.3      29.75      16.72
6:00pm            167          0         10         70       80.0      29.75      16.72
6:05pm            256          0          6         70       80.0      29.75      16.72
6:10pm            198          3          7         70       80.1      29.75      16.72
6:15pm            162          3          9         69       80.2      29.75      16.72
6:20pm            212          2          9         71       78.5      29.75      16.72
6:25pm            269          1          9         72       77.1      29.75      16.72
6:30pm            274          1          9         71       76.1      29.76      16.72
6:35pm            288          4          8         73       75.6      29.76      16.72
6:40pm            274          0          9         73       75.2      29.76      16.72
6:45pm            262          6          9         74       74.7      29.76      16.72
6:50pm            180          0          9         75       74.4      29.77      16.72
6:55pm            196          0          9         76       74.3      29.77      16.72
7:00pm            260          0          9         76       74.0      29.77      16.72
7:05pm            289          2          2         79       73.7      29.77      16.72
7:10pm            243          0          3         79       73.6      29.77      16.72
7:15pm            260          0          3         79       73.5      29.77      16.72
7:20pm            215          0          3         81       73.0      29.77      16.72
7:25pm            285          0          3         83       72.6      29.78      16.72
7:30pm            280          0          3         85       72.3      29.78      16.72
7:35pm            243          0          0         86       71.8      29.79      16.72
7:40pm            270          1          1         86       71.5      29.79      16.72
7:45pm            269          0          1         86       71.5      29.79      16.72
7:50pm            269          0          1         86       71.3      29.79      16.72
7:55pm            269          0          1         87       70.9      29.79      16.72
8:00pm            269          0          1         88       70.4      29.79      16.72
8:05pm            269          0          0         89       70.0      29.79      16.72
8:10pm            269          0          0         90       69.7      29.80      16.72
8:15pm            269          0          1         90       69.3      29.80      16.72
8:20pm            269          0          1         90       69.0      29.80      16.72
8:25pm            281          0          1         91       68.6      29.80      16.72
8:30pm            295          0          1         92       68.2      29.80      16.72
8:35pm            295          0          0         93       67.8      29.80      16.72
8:40pm            295          0          0         93       67.5      29.80      16.72
8:45pm            289          1          2         94       67.3      29.80      16.72
8:50pm            279          1          2         94       67.2      29.80      16.72
8:55pm            285          1          2         95       66.9      29.80      16.72
9:00pm            281          1          2         95       66.8      29.80      16.72
9:05pm            255          0          1         95       66.7      29.81      16.72
9:10pm            255          0          1         95       66.6      29.81      16.72
9:15pm            259          0          1         95       66.4      29.81      16.72
9:20pm            259          0          1         95       66.2      29.82      16.72
9:25pm            259          0          1         95       66.0      29.82      16.72
9:30pm            259          0          1         95       65.9      29.82      16.72
9:35pm            259          0          1         96       65.8      29.82      16.72
9:40pm            266          0          1         96       65.6      29.82      16.72
9:45pm            270          0          1         96       65.4      29.83      16.72
9:50pm            269          0          1         96       65.3      29.83      16.72
9:55pm            269          0          1         96       65.1      29.83      16.72
10:00pm           276          1          1         96       65.1      29.83      16.72
10:05pm           269          0          1         96       65.1      29.83      16.72
10:10pm           277          0          3         96       65.1      29.83      16.72
10:15pm           271          0          3         96       65.1      29.83      16.72
10:20pm           271          0          3         96       65.0      29.83      16.72
10:25pm           264          1          3         96       64.9      29.84      16.72
10:30pm           288          1          3         96       64.7      29.84      16.72
10:35pm           267          0          1         96       64.5      29.84      16.72
10:40pm           252          0          2         96       64.4      29.84      16.72
10:45pm           271          0          2         96       64.3      29.84      16.72
10:50pm           271          0          2         96       64.1      29.84      16.72
10:55pm           271          0          2         97       63.9      29.84      16.72
11:00pm           271          0          2         97       63.8      29.84      16.72
11:05pm           274          0          1         97       63.7      29.84      16.72
11:10pm           274          0          1         97       63.6      29.84      16.72
11:15pm           274          0          1         97       63.4      29.83      16.72
11:20pm           274          0          1         97       63.4      29.84      16.72
11:25pm           274          0          3         97       63.3      29.84      16.72
11:30pm           279          0          3         97       63.2      29.84      16.72
11:35pm           278          0          1         97       63.1      29.84      16.72
11:40pm           273          0          1         97       63.1      29.84      16.72
11:45pm           264          0          1         97       62.9      29.84      16.72
11:50pm           272          0          2         97       62.8      29.84      16.72
11:55pm           274          0          3         97       62.9      29.84      16.72
