7/29/18
Time         Wind Dir   Wind Spd  Wind Gust   Humidity       Temp  Raw Barom   Tot Rain
                    °        mph        mph          %         °F         in         in
12:00am           136          0          0         96       61.8      29.91      17.10
12:05am           136          0          0         96       61.6      29.91      17.10
12:10am           136          0          0         96       61.6      29.91      17.10
12:15am           255          0          1         96       61.4      29.91      17.10
12:20am           233          0          1         96       61.5      29.91      17.10
12:25am           233          0          1         96       61.4      29.91      17.10
12:30am           233          0          1         96       61.3      29.91      17.10
12:35am           233          0          0         96       61.2      29.91      17.10
12:40am           233          0          0         96       61.2      29.91      17.10
12:45am           233          0          0         96       61.0      29.91      17.10
12:50am           233          0          0         97       60.9      29.91      17.10
12:55am           274          1          1         97       61.0      29.91      17.10
1:00am            264          0          1         97       61.1      29.91      17.10
1:05am            273          0          1         97       61.2      29.91      17.10
1:10am            271          0          1         97       61.1      29.91      17.10
1:14am            271          0          1         97       61.0      29.91      17.10
1:19am            271          0          1         97       60.9      29.91      17.10
1:25am            271          0          1         97       60.8      29.92      17.10
1:29am            271          0          1         97       60.7      29.92      17.10
1:35am            271          0          0         97       60.6      29.91      17.10
1:40am            271          0          0         97       60.4      29.92      17.10
1:45am            271          0          0         97       60.4      29.92      17.11
1:50am            271          0          0         97       60.4      29.92      17.11
1:55am            271          0          1         97       60.4      29.92      17.11
2:00am            271          0          1         97       60.2      29.92      17.11
2:05am            219          0          1         97       60.2      29.92      17.11
2:10am            219          0          1         97       60.2      29.92      17.11
2:15am            198          0          1         97       60.2      29.92      17.11
2:20am            198          0          1         97       60.2      29.92      17.11
2:25am            199          0          1         97       60.3      29.92      17.11
2:30am            262          0          1         97       60.3      29.92      17.11
2:35am            213          0          1         97       60.4      29.92      17.11
2:40am            245          0          1         97       60.5      29.92      17.11
2:45am            257          0          1         97       60.6      29.92      17.11
2:50am            249          0          2         97       60.5      29.93      17.11
2:55am            249          0          2         97       60.4      29.93      17.11
3:00am            257          0          3         97       60.6      29.93      17.11
3:05am            243          0          2         97       60.6      29.93      17.11
3:10am            233          0          2         97       60.5      29.93      17.11
3:15am            271          0          2         97       60.4      29.93      17.11
3:20am            259          0          2         97       60.4      29.93      17.11
3:25am            258          0          2         97       60.5      29.93      17.11
3:30am            259          0          2         97       60.5      29.93      17.11
3:35am            266          0          1         97       60.5      29.93      17.11
3:40am            236          0          1         97       60.4      29.93      17.11
3:45am            236          0          1         97       60.4      29.93      17.11
3:50am            236          0          1         97       60.2      29.93      17.11
3:55am            236          0          1         97       60.1      29.93      17.11
4:00am            266          0          1         97       60.0      29.93      17.11
4:05am            266          0          0         97       59.8      29.93      17.11
4:10am            267          0          0         97       59.6      29.93      17.11
4:15am            266          0          0         97       59.5      29.93      17.11
4:20am            266          0          0         97       59.2      29.93      17.11
4:25am            266          0          0         97       59.1      29.93      17.11
4:30am            267          0          0         97       58.8      29.93      17.11
4:34am            266          0          0         97       58.7      29.93      17.11
4:40am            266          0          0         97       58.7      29.93      17.11
4:45am            267          0          0         98       58.6      29.93      17.11
4:50am            266          0          0         98       58.7      29.93      17.11
4:55am            266          0          0         98       58.7      29.93      17.11
5:00am            266          0          0         98       58.4      29.93      17.11
5:05am            266          0          0         98       58.3      29.93      17.11
5:10am            266          0          0         98       58.3      29.93      17.11
5:15am            266          0          0         98       58.2      29.93      17.11
5:20am            266          0          0         98       58.2      29.93      17.11
5:25am            266          0          0         98       58.2      29.93      17.11
5:30am            267          0          0         98       58.2      29.93      17.11
5:35am            267          0          0         98       58.2      29.94      17.11
5:40am            266          0          1         98       58.2      29.94      17.11
5:45am            266          0          1         98       58.3      29.94      17.11
5:50am            267          0          1         98       58.2      29.94      17.11
5:55am            266          0          1         98       58.3      29.94      17.11
6:00am            266          0          1         98       58.3      29.95      17.11
6:05am            274          0          1         98       58.2      29.95      17.11
6:10am            288          1          1         98       58.5      29.95      17.11
6:15am            288          0          1         97       58.7      29.95      17.11
6:20am            248          0          1         97       59.3      29.95      17.11
6:25am            265          0          1         96       59.8      29.95      17.11
6:30am            265          0          1         96       60.1      29.95      17.11
6:35am            262          0          1         95       60.6      29.96      17.11
6:40am            252          0          1         95       60.9      29.96      17.11
6:45am            283          0          2         94       60.8      29.96      17.11
6:50am            279          1          2         94       60.9      29.96      17.11
6:55am            276          0          2         94       61.0      29.96      17.11
7:00am            264          0          4         94       61.6      29.97      17.11
7:05am            281          1          3         92       62.2      29.96      17.11
7:10am            284          0          3         91       62.8      29.97      17.11
7:15am            266          1          4         91       63.1      29.97      17.11
7:20am            289          3          4         91       63.6      29.97      17.11
7:25am            298          2          4         90       63.8      29.97      17.11
7:30am            274          3          4         90       63.9      29.97      17.12
7:35am            257          0          5         90       64.1      29.97      17.12
7:40am            291          0          5         89       64.7      29.97      17.12
7:45am            266          4          5         88       65.2      29.97      17.12
7:50am            295          0          5         87       65.6      29.97      17.12
7:55am            263          0          5         86       65.4      29.97      17.12
8:00am            295          3          5         86       65.6      29.96      17.12
8:05am            283          1          7         85       65.8      29.96      17.12
8:10am            290          1          7         84       66.0      29.96      17.12
8:15am            257          2          7         83       66.3      29.96      17.12
8:20am            283          1          7         82       66.7      29.96      17.12
8:25am            243          5          9         80       66.6      29.96      17.12
8:30am            259          0          9         84       67.0      29.96      17.12
8:35am             78          0          5         82       67.5      29.96      17.12
8:39am            259          7          7         82       67.9      29.96      17.12
8:45am            247          0         10         78       68.1      29.96      17.12
8:50am            191          3         10         79       68.4      29.96      17.12
8:55am            257          2         10         76       68.4      29.96      17.12
9:00am            194          0         10         76       68.6      29.96      17.12
9:05am            269          6          9         74       68.8      29.96      17.12
9:10am            209          2          9         75       68.8      29.96      17.12
9:15am            259          2          9         76       69.0      29.97      17.12
9:20am            266          0          9         73       69.1      29.97      17.12
9:25am            265          2          9         72       69.3      29.96      17.12
9:30am            207          1          9         74       69.8      29.96      17.12
9:35am            297          0          4         71       70.1      29.96      17.12
9:40am            210          0          8         73       69.7      29.96      17.12
9:45am            304          2          8         72       69.7      29.96      17.12
9:50am            284          2          8         73       69.9      29.96      17.12
9:55am            196          2          8         73       70.3      29.97      17.12
10:00am           219          2          8         70       70.5      29.97      17.12
10:05am           259          0          7         70       70.6      29.97      17.12
10:10am           281          2          7         70       70.9      29.97      17.12
10:15am           276          1          7         70       71.0      29.97      17.12
10:20am           243          3          7         70       70.7      29.97      17.12
10:25am           239          0          7         70       70.4      29.97      17.12
10:30am           287          4          7         70       70.6      29.96      17.12
10:35am           252          1          5         71       71.4      29.96      17.12
10:40am           236          0          5         70       71.8      29.96      17.12
10:45am           274          3          8         70       71.5      29.96      17.12
10:50am           197          0          8         72       71.2      29.96      17.12
10:55am           210          4          8         70       72.1      29.96      17.12
11:00am           268          0          8         65       72.8      29.96      17.12
11:05am           268          5          7         65       73.5      29.96      17.12
11:10am           276          4          7         66       73.4      29.96      17.12
11:15am           332          4          7         67       72.9      29.96      17.12
11:20am           266          0          7         66       72.7      29.97      17.12
11:25am           290          1          7         66       72.2      29.96      17.12
11:30am           284          0          7         66       72.7      29.96      17.12
11:35am           287          8          8         65       73.5      29.96      17.12
11:40am           304          1          8         60       73.7      29.96      17.12
11:45am           235          0          8         63       73.5      29.96      17.12
11:50am           299          4          8         64       73.3      29.96      17.12
11:55am           291          6          8         61       73.8      29.96      17.12
12:00pm           278          1          8         61       73.4      29.96      17.12
12:05pm           139          0          5         64       72.9      29.96      17.12
12:10pm           286          3          6         60       73.2      29.96      17.12
12:15pm           191          1          6         63       73.1      29.96      17.12
12:20pm           204          0          7         63       73.2      29.97      17.12
12:25pm            85          0          7         60       74.2      29.97      17.12
12:30pm           253          0          7         56       75.1      29.97      17.12
12:35pm           351          2          6         57       76.0      29.97      17.12
12:40pm           281          1          6         56       75.1      29.96      17.12
12:45pm           297          0          6         60       74.3      29.97      17.12
12:50pm           276          2          6         60       74.4      29.97      17.12
12:55pm           278          4          6         60       74.3      29.97      17.12
1:00pm            255          1          6         57       75.3      29.97      17.12
1:05pm            278          4          6         55       75.8      29.97      17.12
1:10pm            297          4          9         57       75.3      29.96      17.12
1:15pm            250          4          9         56       74.6      29.96      17.12
1:20pm            232          0          9         55       74.8      29.96      17.12
1:25pm            272          1          9         56       76.1      29.96      17.12
1:30pm            212          0          9         55       76.0      29.96      17.12
1:35pm             41          0          5         58       76.0      29.96      17.12
1:40pm            153          1          5         56       76.0      29.96      17.12
1:45pm             36          2          5         56       75.7      29.96      17.12
1:50pm            100          0          5         58       75.4      29.96      17.12
1:55pm            345          2          6         58       75.2      29.96      17.12
2:00pm            281          6          8         57       75.1      29.96      17.12
2:05pm            229          0          7         59       75.0      29.96      17.12
2:10pm            244          1          7         57       75.7      29.96      17.12
2:15pm             68          0          7         57       75.6      29.96      17.12
2:20pm             84          1          7         58       75.1      29.96      17.12
2:25pm            281          6          7         60       75.1      29.96      17.12
2:30pm            282          3          7         52       75.4      29.96      17.12
2:35pm            298          0          4         51       75.9      29.96      17.12
2:40pm            302          1          5         51       76.2      29.96      17.12
2:45pm            226          4          6         57       75.7      29.95      17.12
2:50pm            260          0          6         52       75.9      29.95      17.12
2:55pm            279          2          6         51       77.2      29.96      17.12
3:00pm            229          4          6         49       78.2      29.96      17.12
3:05pm            290          3          7         48       77.5      29.96      17.12
3:10pm            253          1          7         52       76.7      29.96      17.12
3:15pm             32          2          7         49       76.2      29.96      17.12
3:20pm            145          0          7         50       76.0      29.96      17.12
3:25pm            108          0          7         52       76.4      29.96      17.12
3:30pm            274          2          7         50       77.0      29.96      17.12
3:35pm             70          0          6         50       78.1      29.96      17.12
3:40pm            217          1          6         46       78.9      29.97      17.12
3:45pm            271          4          7         47       79.5      29.97      17.12
3:50pm            248          4          8         48       79.3      29.96      17.12
3:55pm            274          1          8         50       77.9      29.97      17.12
4:00pm            257          2          8         48       79.0      29.97      17.12
4:05pm            285          1          7         47       78.5      29.97      17.12
4:10pm            221          0          7         52       77.4      29.97      17.12
4:15pm             10          0          7         52       76.6      29.97      17.12
4:20pm            250          0          7         52       76.3      29.97      17.12
4:25pm            238          0          7         55       77.3      29.96      17.12
4:30pm            134          0          7         50       79.0      29.96      17.12
4:35pm            103          0          2         51       80.0      29.96      17.12
4:40pm            261          0          2         49       80.0      29.96      17.12
4:45pm            250          0          3         47       80.8      29.96      17.12
4:50pm            117          0          4         44       81.0      29.96      17.12
4:55pm             84          0          4         48       79.9      29.96      17.12
5:00pm            265          0          4         48       78.9      29.96      17.12
5:05pm            231          0          3         51       79.5      29.96      17.12
5:10pm            126          0          6         48       80.5      29.96      17.12
5:15pm            252          2          6         48       80.8      29.96      17.12
5:20pm            250          1          8         48       80.3      29.96      17.12
5:25pm            172          0          8         48       80.5      29.96      17.12
5:30pm            167          0          8         48       80.1      29.96      17.12
5:35pm            296          4          6         49       80.3      29.96      17.12
5:40pm            278          1          6         46       81.1      29.96      17.12
5:45pm            110          0          6         47       81.3      29.96      17.12
5:50pm             36          0          6         47       81.8      29.96      17.12
5:55pm            205          0          6         47       82.3      29.96      17.12
6:00pm            270          0          6         46       81.0      29.96      17.12
6:05pm            276          2          4         50       78.3      29.96      17.12
6:10pm            255          0          5         51       78.4      29.96      17.12
6:15pm            147          0          5         48       80.8      29.96      17.12
6:20pm             80          0          5         49       80.4      29.96      17.12
6:25pm            181          0          5         53       78.3      29.97      17.12
6:30pm            212          1          5         51       77.0      29.96      17.12
6:35pm            267          1          1         53       76.3      29.96      17.12
6:40pm            254          0          4         54       75.5      29.97      17.12
6:45pm            336          0          4         57       74.5      29.97      17.12
6:50pm            258          0          4         57       73.8      29.97      17.12
6:55pm             68          0          4         58       73.5      29.97      17.12
7:00pm             77          0          4         58       73.3      29.97      17.12
7:05pm             70          0          0         60       73.1      29.98      17.12
7:10pm             69          0          0         61       72.8      29.98      17.12
7:15pm             66          0          0         63       72.2      29.98      17.12
7:20pm             65          0          0         64       72.0      29.98      17.12
7:25pm             66          0          0         65       71.7      29.98      17.12
7:30pm            283          0          1         66       71.4      29.98      17.12
7:35pm            262          0          2         68       71.1      29.98      17.12
7:40pm            262          0          2         68       70.7      29.98      17.12
7:45pm            262          0          2         70       70.2      29.98      17.12
7:50pm            262          0          2         72       69.8      29.99      17.12
7:55pm            262          0          2         72       69.3      29.99      17.12
8:00pm            262          0          2         72       68.8      29.99      17.12
8:05pm            262          0          0         73       68.3      29.99      17.12
8:10pm            262          0          0         74       67.9      29.99      17.12
8:15pm            262          0          0         75       67.6      29.99      17.12
8:20pm            262          0          0         75       67.3      29.99      17.12
8:25pm            262          0          0         77       66.9      30.00      17.12
8:30pm            262          1          1         78       66.4      30.00      17.12
8:35pm            262          0          0         79       66.0      30.00      17.12
8:40pm            262          0          0         80       65.5      30.00      17.12
8:45pm            262          0          0         81       65.1      30.00      17.12
8:50pm            262          0          0         82       64.8      30.00      17.12
8:55pm            262          0          0         82       64.4      30.00      17.12
9:00pm            262          0          0         83       64.1      30.00      17.12
9:05pm            262          0          0         83       63.7      30.00      17.12
9:10pm            262          0          0         84       63.3      30.00      17.12
9:15pm            262          0          0         84       63.1      30.00      17.12
9:20pm            262          0          0         86       62.7      30.00      17.12
9:25pm            262          0          0         87       62.5      30.00      17.12
9:30pm            262          0          0         88       62.3      30.00      17.12
9:35pm            262          0          0         89       62.0      30.00      17.12
9:40pm            262          0          0         89       61.8      30.00      17.12
9:45pm            262          0          0         90       61.8      30.00      17.12
9:50pm            262          0          0         90       61.7      30.00      17.12
9:55pm            262          0          0         90       61.6      30.01      17.12
10:00pm           262          0          0         91       61.5      30.01      17.12
10:05pm           262          0          0         91       61.4      30.01      17.12
10:10pm           262          0          0         91       61.1      30.01      17.12
10:15pm           262          0          0         92       60.8      30.02      17.12
10:20pm           262          0          0         92       60.5      30.02      17.12
10:25pm           262          0          0         93       60.4      30.02      17.12
10:30pm           262          0          0         93       60.3      30.03      17.12
10:35pm           262          0          0         93       60.1      30.03      17.12
10:40pm           262          0          0         93       59.9      30.03      17.12
10:45pm           262          0          0         93       59.8      30.03      17.12
10:50pm           262          0          0         93       59.7      30.03      17.12
10:55pm           262          0          0         94       59.6      30.03      17.12
11:00pm           262          0          0         94       59.3      30.03      17.12
11:05pm           262          0          0         94       59.2      30.03      17.12
11:10pm           262          0          0         94       59.1      30.03      17.12
11:15pm           262          0          0         94       59.0      30.03      17.12
11:20pm           262          0          0         94       58.8      30.03      17.12
11:25pm           262          0          0         95       58.9      30.03      17.12
11:30pm           262          0          0         95       59.0      30.03      17.12
11:35pm           262          0          0         95       59.0      30.03      17.12
11:40pm           262          0          0         95       58.8      30.03      17.12
11:45pm           262          0          0         95       58.7      30.03      17.12
11:50pm           262          0          0         95       58.6      30.03      17.12
11:55pm           262          0          0         95       58.4      30.03      17.12
