8/2/18
Time         Wind Dir   Wind Spd  Wind Gust   Humidity       Temp  Raw Barom   Tot Rain
                    °        mph        mph          %         °F         in         in
12:00am           148          0          0         97       69.7      29.93      17.67
12:05am           148          0          0         97       69.8      29.93      17.67
12:10am           148          0          0         97       69.8      29.93      17.67
12:15am           148          0          0         97       69.8      29.92      17.67
12:20am           148          0          0         97       69.9      29.92      17.67
12:25am           148          0          0         97       69.9      29.93      17.67
12:30am           148          0          0         97       69.9      29.92      17.67
12:35am           148          0          0         97       69.9      29.92      17.68
12:40am           148          0          0         98       70.0      29.92      17.68
12:45am           148          0          0         98       70.1      29.92      17.68
12:50am           148          0          0         98       70.1      29.92      17.68
12:55am           148          0          0         98       70.1      29.92      17.68
1:00am            148          0          0         98       70.1      29.92      17.68
1:05am            283          0          0         97       70.1      29.92      17.68
1:10am            283          0          0         97       69.9      29.92      17.68
1:15am            283          0          0         97       69.9      29.92      17.68
1:20am            283          0          0         97       69.9      29.92      17.68
1:25am            283          0          0         97       69.8      29.92      17.68
1:30am            283          0          0         98       69.8      29.92      17.68
1:35am            283          0          0         98       69.9      29.92      17.68
1:40am            283          0          0         98       69.8      29.92      17.68
1:45am            283          0          0         98       69.9      29.92      17.68
1:50am            283          0          0         98       69.8      29.92      17.68
1:55am            305          0          0         98       69.8      29.92      17.68
2:00am             30          0          1         98       69.9      29.92      17.68
2:05am             20          0          1         98       69.9      29.92      17.68
2:10am             20          0          1         98       70.0      29.92      17.68
2:15am             20          0          1         98       70.0      29.92      17.68
2:20am             20          0          1         98       69.9      29.92      17.68
2:25am             20          0          1         98       69.9      29.92      17.68
2:30am             20          0          1         98       69.9      29.91      17.68
2:35am             20          0          0         98       69.9      29.91      17.68
2:40am             20          0          0         98       69.9      29.91      17.68
2:45am             20          0          0         98       70.1      29.90      17.68
2:50am             63          0          2         98       70.2      29.89      17.68
2:55am             91          0          3         98       70.4      29.89      17.68
3:00am            268          0          3         98       70.1      29.91      17.68
3:05am            268          0          0         98       70.0      29.90      17.68
3:10am            269          0          0         98       69.8      29.90      17.68
3:15am            268          0          0         98       69.9      29.90      17.68
3:20am            285          0          1         98       69.7      29.90      17.68
3:25am            285          0          1         98       69.5      29.90      17.68
3:30am            285          0          1         98       69.4      29.90      17.68
3:35am            285          0          0         98       69.4      29.90      17.68
3:40am            274          0          1         98       69.3      29.90      17.68
3:45am            274          0          1         98       69.3      29.90      17.68
3:50am            274          0          1         98       69.3      29.90      17.68
3:55am            274          0          1         98       69.3      29.90      17.68
4:00am            274          0          1         98       69.3      29.90      17.68
4:05am            275          0          1         98       69.1      29.90      17.68
4:10am            277          0          1         98       68.9      29.91      17.68
4:15am            283          0          1         98       68.9      29.92      17.68
4:20am            283          0          1         98       69.2      29.92      17.68
4:25am            288          0          1         98       69.9      29.92      17.68
4:30am            291          0          1         98       70.3      29.92      17.68
4:35am            281          0          2         98       70.1      29.92      17.68
4:40am            282          0          2         98       69.9      29.92      17.68
4:45am            276          0          2         98       69.7      29.92      17.68
4:50am            276          0          2         98       69.4      29.92      17.68
4:55am            275          0          2         98       69.1      29.92      17.68
5:00am            283          1          2         98       69.0      29.92      17.68
5:05am            264          0          3         98       69.2      29.92      17.68
5:10am            281          2          3         98       69.3      29.92      17.68
5:15am            261          0          3         98       69.3      29.92      17.68
5:20am            265          0          3         98       69.4      29.92      17.68
5:25am            265          0          3         98       69.7      29.92      17.68
5:30am            271          0          3         98       70.0      29.93      17.68
5:35am            252          0          1         98       69.9      29.93      17.68
5:40am            263          0          3         98       70.1      29.93      17.68
5:45am            255          0          3         98       70.1      29.92      17.68
5:50am            255          0          3         98       70.1      29.93      17.68
5:55am            255          0          3         98       70.1      29.93      17.68
6:00am            255          0          3         98       70.0      29.93      17.68
6:05am            268          0          1         98       69.8      29.93      17.68
6:10am            268          0          1         98       69.8      29.93      17.68
6:15am            269          0          1         98       69.9      29.93      17.68
6:20am            268          0          1         98       69.9      29.93      17.68
6:25am            268          0          1         98       70.0      29.93      17.68
6:30am            268          0          1         98       70.1      29.93      17.68
6:35am            269          0          0         98       70.1      29.92      17.68
6:40am            268          0          0         98       70.3      29.92      17.68
6:45am            274          0          1         98       70.4      29.93      17.68
6:50am            283          0          3         98       70.7      29.94      17.68
6:55am            249          0          3         98       71.0      29.94      17.68
7:00am            278          1          3         98       71.1      29.94      17.68
7:05am            285          0          2         98       71.3      29.94      17.68
7:10am            276          0          2         98       71.5      29.95      17.68
7:15am            204          0          2         98       71.5      29.94      17.68
7:20am            281          0          2         98       71.6      29.95      17.68
7:25am            278          0          2         98       71.8      29.95      17.68
7:30am            269          3          5         98       72.0      29.95      17.68
7:35am            236          0          4         97       72.3      29.95      17.68
7:40am            280          0          4         97       72.6      29.95      17.68
7:45am            293          2          4         97       72.7      29.95      17.68
7:50am            292          2          4         97       72.8      29.95      17.68
7:55am            255          1          4         96       73.3      29.95      17.68
8:00am            294          4          6         95       73.3      29.95      17.68
8:05am            279          4          6         95       73.3      29.95      17.68
8:10am            288          2          6         95       73.2      29.96      17.68
8:15am            290          2          6         95       73.1      29.96      17.68
8:20am            288          5          6         95       73.0      29.96      17.68
8:25am            219          0          6         95       72.9      29.97      17.68
8:30am            265          0          7         95       72.9      29.97      17.68
8:35am            294          0          6         95       72.9      29.97      17.68
8:40am            266          1          7         94       72.9      29.97      17.68
8:45am            227          0          7         94       73.3      29.97      17.68
8:50am            258          0          7         94       73.8      29.97      17.68
8:55am            287          5          7         94       74.1      29.98      17.68
9:00am            270          2          7         93       74.2      29.97      17.68
9:05am            258          0         10         93       74.7      29.98      17.68
9:10am            260          4         10         91       74.7      29.97      17.68
9:15am            152          1         10         92       74.8      29.97      17.68
9:20am            282          3         10         92       75.0      29.97      17.68
9:25am            272          1         10         92       75.6      29.97      17.68
9:30am            288          5         10         91       75.6      29.97      17.68
9:35am            292          3          6         90       75.5      29.97      17.68
9:40am            240          1          6         91       75.4      29.97      17.68
9:45am            216          2          8         90       75.3      29.98      17.68
9:50am            217          5          8         91       75.5      29.98      17.68
9:55am            233          1          8         89       75.7      29.97      17.68
10:00am           331          1          8         89       75.5      29.98      17.68
10:05am           274          5          7         89       75.8      29.98      17.68
10:10am           156          1          7         89       76.9      29.98      17.68
10:15am           207          7         10         85       77.5      29.98      17.68
10:20am           264          4         13         86       77.1      29.99      17.68
10:25am           235          0         13         86       77.0      29.99      17.68
10:30am           285          0         13         85       76.8      29.99      17.68
10:35am           219          1          9         87       76.5      29.99      17.68
10:40am           269          3          9         86       76.4      29.99      17.68
10:45am           159          2          9         88       76.9      29.99      17.68
10:50am           247         11         12         85       77.0      29.99      17.68
10:55am           299          9         13         84       76.8      29.99      17.68
11:00am           297          8         13         83       76.5      29.99      17.68
11:05am           157          3         11         85       76.4      29.99      17.68
11:10am           181          4         11         85       77.2      29.99      17.68
11:15am           285          4         11         83       77.7      29.99      17.68
11:20am           265          1         11         82       78.4      29.99      17.68
11:25am           263          0         11         79       78.7      29.99      17.68
11:30am           283         12         13         77       78.8      29.99      17.68
11:35am           268          5         12         77       78.9      29.99      17.68
11:40am           270          4         12         77       78.9      29.99      17.68
11:45am           225          4         12         76       79.0      29.99      17.68
11:50am           251          2         12         76       79.2      29.99      17.68
11:55am           289          2         12         75       79.1      29.98      17.68
12:00pm           298          2         12         76       78.6      29.98      17.68
12:05pm           297          2          7         76       78.6      29.98      17.68
12:10pm           321          9         12         77       79.6      29.98      17.68
12:15pm           161          0         12         76       80.1      29.98      17.68
12:20pm           273          2         12         73       81.2      29.98      17.68
12:25pm           278          2         12         69       81.1      29.98      17.68
12:30pm           235          2         12         71       80.7      29.98      17.68
12:35pm           269          7         11         70       81.2      29.98      17.68
12:40pm           263          1         11         70       81.1      29.98      17.68
12:45pm           268          2         11         71       81.3      29.98      17.68
12:50pm           288          4         11         68       81.7      29.98      17.68
12:55pm           278          4         11         70       81.0      29.98      17.68
1:00pm            265          2         11         73       80.9      29.98      17.68
1:05pm            270          1          7         71       80.7      29.98      17.68
1:10pm            277          2          8         74       80.3      29.98      17.68
1:15pm            303          6          8         76       80.6      29.98      17.68
1:20pm            264          7         13         68       81.0      29.97      17.68
1:25pm            283          4         13         66       80.9      29.97      17.68
1:30pm            210          1         16         67       80.5      29.97      17.68
1:35pm            138          1         11         66       81.2      29.97      17.68
1:40pm            237          2         14         64       80.8      29.97      17.68
1:45pm            198          4         14         68       80.6      29.97      17.68
1:50pm            258          8         14         65       81.2      29.97      17.68
1:55pm            253          3         14         66       81.6      29.98      17.68
2:00pm            244         12         14         67       82.1      29.98      17.68
2:05pm            255          5         12         63       82.5      29.97      17.68
2:10pm            275          3         13         63       82.1      29.97      17.68
2:15pm            155          2         13         64       82.2      29.97      17.68
2:20pm            208          3         13         62       82.5      29.97      17.68
2:25pm            293          4         13         65       82.6      29.97      17.68
2:30pm            258          1         13         64       82.8      29.97      17.68
2:35pm            285          4         11         62       83.0      29.98      17.68
2:40pm            281          2         11         63       82.6      29.98      17.68
2:45pm            249          2         11         63       82.5      29.98      17.68
2:50pm            278          0         11         63       83.3      29.98      17.68
2:55pm            254          5         11         61       83.2      29.98      17.68
3:00pm            245          1         11         62       82.8      29.98      17.68
3:05pm            294          5          6         62       82.9      29.97      17.68
3:10pm            298          3         11         60       83.3      29.97      17.68
3:15pm            271          5         11         63       83.5      29.97      17.68
3:20pm            273          3         12         61       83.1      29.97      17.68
3:25pm            252          0         12         60       82.9      29.98      17.68
3:30pm            290          1         12         62       82.5      29.98      17.68
3:35pm            257          2          8         63       82.1      29.98      17.68
3:40pm            253          0          9         65       82.2      29.98      17.68
3:45pm            277          5          9         62       83.7      29.98      17.68
3:50pm            269          0          9         62       84.1      29.98      17.68
3:55pm            275          0          9         61       83.7      29.98      17.68
4:00pm            240          3          9         62       83.7      29.98      17.68
4:05pm            250          0          8         65       83.0      29.97      17.68
4:10pm            265          2          8         64       83.1      29.98      17.68
4:15pm            216          1          8         64       83.0      29.98      17.68
4:20pm            111          0          8         64       82.8      29.97      17.68
4:25pm            180          0          8         64       82.4      29.97      17.68
4:30pm            204          0          8         64       82.5      29.97      17.68
4:35pm            227          1          2         64       82.5      29.97      17.68
4:40pm            250          0          6         66       82.0      29.97      17.68
4:45pm            279          0          6         66       82.3      29.97      17.68
4:50pm            262          1          6         62       83.9      29.97      17.68
4:55pm            290          4          6         61       85.2      29.97      17.68
5:00pm            276          4          6         60       85.9      29.97      17.68
5:05pm            265          1          7         58       85.9      29.97      17.68
5:10pm            253          2          7         55       86.4      29.97      17.68
5:15pm            285          0          7         57       86.1      29.97      17.68
5:20pm            269          1          7         59       84.6      29.97      17.68
5:25pm            246          1          7         62       83.0      29.97      17.68
5:30pm             74          0          7         65       82.0      29.97      17.68
5:35pm            289          0          3         67       81.4      29.97      17.68
5:40pm              8          0          3         69       80.8      29.97      17.68
5:45pm            284          0          3         67       80.3      29.97      17.68
5:50pm            291          4          4         68       80.2      29.97      17.68
5:55pm            206          0          4         69       80.0      29.97      17.68
6:00pm            272          0          4         70       79.9      29.97      17.68
6:05pm            138          0          1         70       79.7      29.97      17.68
6:10pm            254          0          2         70       79.6      29.97      17.68
6:15pm            273          1          3         69       79.4      29.97      17.68
6:20pm            288          0          3         71       79.0      29.97      17.68
6:25pm            244          0          3         72       78.9      29.97      17.68
6:30pm            290          0          3         74       78.8      29.97      17.68
6:35pm            286          0          0         74       78.7      29.97      17.68
6:40pm            185          0          0         75       78.5      29.97      17.68
6:45pm            203          0          0         75       78.3      29.98      17.68
6:50pm            274          0          0         75       78.1      29.97      17.68
6:55pm            274          0          0         75       77.9      29.97      17.68
7:00pm            274          0          0         75       77.8      29.97      17.68
7:05pm            274          0          0         75       77.7      29.97      17.68
7:10pm            274          0          0         75       77.8      29.98      17.68
7:15pm            274          0          0         75       77.6      29.98      17.68
7:20pm            274          0          0         74       77.4      29.98      17.68
7:25pm            274          0          0         75       77.3      29.98      17.68
7:30pm            274          0          0         77       77.1      29.98      17.68
7:35pm            209          0          0         75       76.8      29.98      17.68
7:40pm            297          0          2         75       76.6      29.99      17.68
7:45pm            209          1          2         75       76.3      29.99      17.68
7:50pm            215          0          2         72       76.1      29.99      17.68
7:55pm            243          0          2         75       75.9      29.99      17.68
8:00pm            220          0          2         76       75.6      29.99      17.68
8:05pm            220          0          0         76       75.2      29.99      17.68
8:10pm            220          0          0         77       74.7      29.98      17.68
8:15pm            221          0          1         77       74.4      29.98      17.68
8:20pm            221          0          1         79       74.2      29.98      17.68
8:25pm            221          0          1         79       74.1      29.98      17.68
8:30pm            221          0          1         79       73.9      29.99      17.68
8:35pm            297          0          1         80       73.7      29.99      17.68
8:40pm            262          0          1         81       73.3      29.99      17.68
8:45pm            262          0          1         82       73.0      30.00      17.68
8:50pm            272          0          1         83       72.7      30.00      17.68
8:55pm            278          0          1         84       72.4      30.00      17.68
9:00pm            278          0          1         85       72.0      30.00      17.68
9:05pm            278          0          0         86       71.6      29.99      17.68
9:10pm            278          0          0         86       71.4      29.99      17.68
9:15pm            278          0          0         87       71.3      30.00      17.68
9:20pm            278          0          0         87       71.1      30.00      17.68
9:25pm            278          0          0         88       70.8      30.00      17.68
9:30pm            278          0          0         88       70.5      30.01      17.68
9:35pm            281          0          0         89       70.4      30.01      17.68
9:40pm            279          0          1         90       70.2      30.01      17.68
9:45pm            279          0          1         90       70.2      30.01      17.68
9:50pm            279          0          1         89       70.2      30.01      17.68
9:55pm            258          0          1         88       70.2      30.01      17.68
10:00pm           271          0          1         88       70.2      30.01      17.68
10:05pm           205          0          0         88       70.1      30.01      17.68
10:10pm           289          0          1         88       70.1      30.01      17.68
10:15pm           289          0          1         88       70.0      30.01      17.68
10:20pm           289          0          1         88       69.9      30.01      17.68
10:25pm           288          0          1         88       69.8      30.01      17.68
10:30pm           278          0          1         89       69.8      30.01      17.68
10:35pm           278          0          1         89       69.6      30.01      17.68
10:40pm           278          0          1         89       69.4      30.01      17.68
10:45pm           278          0          1         90       69.2      30.01      17.68
10:50pm           278          0          1         91       69.0      30.01      17.68
10:55pm           278          0          1         91       68.9      30.01      17.68
11:00pm           278          0          1         91       68.7      30.01      17.68
11:05pm           278          0          0         92       68.5      30.01      17.68
11:10pm           278          0          1         92       68.3      30.01      17.68
11:15pm           278          0          1         92       68.1      30.01      17.68
11:20pm           277          0          1         93       68.1      30.01      17.68
11:25pm           286          0          1         92       68.1      30.01      17.68
11:30pm           304          0          3         92       68.2      30.01      17.68
11:35pm           259          0          1         91       68.5      30.01      17.68
11:40pm           269          0          1         90       68.6      30.01      17.68
11:45pm           250          0          2         91       68.6      30.02      17.68
11:50pm           282          1          3         91       68.5      30.02      17.68
11:55pm           274          0          4         88       69.1      30.02      17.68
