8/6/18
Time         Wind Dir   Wind Spd  Wind Gust   Humidity       Temp  Raw Barom   Tot Rain
                    °        mph        mph          %         °F         in         in
12:00am           272          0          1         97       66.6      30.03      20.23
12:05am           272          0          0         97       66.5      30.03      20.23
12:10am           271          0          0         97       66.4      30.03      20.23
12:15am           272          0          0         97       66.4      30.03      20.23
12:20am           272          0          0         97       66.4      30.03      20.23
12:25am           272          0          0         97       66.3      30.03      20.23
12:30am           272          0          0         97       66.3      30.03      20.23
12:35am           272          0          0         98       66.3      30.03      20.23
12:40am           272          0          0         97       66.2      30.03      20.23
12:45am           272          0          0         97       66.1      30.02      20.23
12:50am           272          0          0         97       66.0      30.02      20.23
12:55am           272          0          0         97       65.8      30.02      20.23
1:00am            272          0          0         97       65.7      30.02      20.23
1:05am            272          0          0         97       65.6      30.02      20.23
1:10am            272          0          0         97       65.6      30.02      20.23
1:15am            271          0          0         98       65.7      30.02      20.23
1:20am            272          0          0         98       65.8      30.02      20.23
1:25am            272          0          0         98       65.7      30.01      20.23
1:30am            272          0          0         98       65.7      30.01      20.23
1:35am            271          0          0         98       65.6      30.01      20.23
1:40am            272          0          0         98       65.5      30.01      20.23
1:45am            272          0          0         98       65.4      30.01      20.23
1:50am            272          0          0         98       65.2      30.01      20.23
1:55am            272          0          0         97       65.0      30.00      20.23
2:00am            272          0          0         98       64.9      30.00      20.23
2:05am            272          0          0         98       64.8      30.00      20.23
2:10am            272          0          0         98       64.8      30.00      20.23
2:15am            272          0          0         98       64.7      30.00      20.23
2:20am            272          0          0         98       64.5      30.00      20.23
2:25am            272          0          0         98       64.3      30.00      20.23
2:30am            272          0          0         98       64.3      30.00      20.23
2:35am            272          0          0         98       64.1      30.00      20.23
2:40am            272          0          0         98       64.1      30.00      20.23
2:45am            272          0          0         98       64.1      30.00      20.23
2:50am            272          0          0         98       64.1      29.99      20.23
2:55am            272          0          0         98       64.1      29.99      20.23
3:00am            272          0          0         98       64.0      29.99      20.23
3:05am            272          0          0         98       63.9      29.99      20.23
3:10am            272          0          0         98       63.8      29.99      20.23
3:15am            272          0          0         98       63.7      29.99      20.23
3:20am            272          0          0         98       63.5      29.99      20.23
3:25am            272          0          0         98       63.4      29.99      20.23
3:30am            272          0          0         98       63.3      30.00      20.23
3:35am            272          0          0         98       63.2      30.00      20.23
3:40am            272          0          0         98       63.0      29.99      20.23
3:45am            272          0          0         98       62.9      29.99      20.23
3:50am            272          0          0         98       62.8      30.00      20.23
3:55am            272          0          0         98       62.8      30.00      20.23
4:00am            271          0          0         98       62.7      30.00      20.23
4:05am            271          0          0         98       62.6      30.00      20.23
4:10am            271          0          0         98       62.5      30.00      20.23
4:15am            271          0          0         98       62.4      30.00      20.23
4:20am            271          0          0         98       62.4      30.00      20.23
4:25am            271          0          0         98       62.4      30.00      20.23
4:30am            271          0          0         98       62.3      30.01      20.23
4:35am            271          0          0         98       62.2      30.00      20.23
4:40am            247          0          0         98       62.3      30.00      20.23
4:45am            247          0          0         98       62.4      30.00      20.23
4:50am            247          0          0         98       62.4      30.00      20.23
4:55am            269          0          0         98       62.5      30.00      20.23
5:00am            256          0          0         98       62.4      30.00      20.23
5:05am            255          0          1         98       62.2      30.00      20.23
5:10am            257          0          1         98       62.2      30.00      20.23
5:15am            257          0          1         98       62.1      29.99      20.23
5:20am            257          0          1         98       62.0      29.99      20.23
5:25am            257          0          1         98       62.0      30.00      20.23
5:30am            257          0          1         98       61.9      30.00      20.23
5:35am            257          0          0         98       61.8      30.00      20.23
5:40am            257          0          0         98       61.8      30.00      20.23
5:45am            257          0          0         98       61.7      30.00      20.23
5:50am            257          0          0         98       61.6      30.00      20.23
5:55am            257          0          0         98       61.6      30.00      20.23
6:00am            257          0          0         98       61.6      30.00      20.24
6:05am            257          0          0         98       61.6      30.01      20.24
6:10am            257          0          0         98       61.7      30.00      20.24
6:15am            257          0          0         98       62.2      30.01      20.24
6:20am            257          0          0         98       62.8      30.01      20.24
6:25am            257          0          0         98       63.2      30.00      20.24
6:30am            257          0          1         98       63.3      30.00      20.24
6:35am            257          0          0         97       63.5      30.00      20.24
6:40am            268          1          1         97       63.9      30.00      20.24
6:45am            268          0          1         96       64.1      30.00      20.24
6:50am            268          0          1         96       64.5      30.00      20.24
6:55am            268          0          1         96       64.7      30.00      20.24
7:00am            268          0          1         96       64.9      30.00      20.24
7:05am            279          0          0         95       65.2      30.00      20.24
7:10am            262          0          0         95       65.1      30.00      20.24
7:15am            262          0          0         95       65.4      30.00      20.24
7:20am            263          0          0         95       65.7      30.00      20.24
7:25am            275          0          0         95       65.9      30.00      20.24
7:30am            255          0          0         95       66.5      30.00      20.24
7:35am            250          0          0         95       67.1      30.00      20.24
7:40am            250          0          0         94       67.9      30.00      20.24
7:45am            242          0          0         93       68.2      30.00      20.24
7:50am            290          2          3         92       68.2      30.00      20.24
7:55am            282          2          3         92       68.3      30.00      20.24
8:00am            277          1          3         92       68.8      30.00      20.24
8:05am            284          0          2         91       69.1      30.00      20.24
8:10am            278          1          2         91       69.8      30.00      20.24
8:15am            275          0          2         90       70.4      30.00      20.24
8:20am            256          0          2         89       71.0      30.00      20.24
8:25am            268          2          3         89       71.3      30.00      20.24
8:30am            276          1          4         88       71.4      30.00      20.24
8:35am            281          1          3         88       71.8      30.00      20.24
8:40am            257          0          3         89       72.5      30.00      20.24
8:45am            259          0          3         88       72.9      30.00      20.24
8:50am            255          0          4         86       73.2      30.00      20.24
8:55am            259          0          4         86       73.6      29.99      20.24
9:00am            283          1          4         85       73.8      29.99      20.24
9:05am            257          1          3         86       74.2      29.99      20.24
9:10am            271          0          3         86       74.6      29.99      20.24
9:15am            277          2          4         84       74.9      29.99      20.24
9:20am            283          0          4         85       75.3      29.99      20.24
9:25am            299          3          4         83       75.7      29.99      20.24
9:30am            269          0          4         83       76.0      29.99      20.24
9:35am            245          1          5         83       76.3      29.99      20.24
9:40am            274          1          5         83       76.7      29.99      20.24
9:45am            279          2          5         83       77.0      29.99      20.24
9:50am            295          4          5         81       77.3      29.99      20.24
9:55am            274          0          5         83       77.5      29.99      20.24
10:00am           288          2          5         81       78.1      29.99      20.24
10:05am           234          0          4         82       78.5      29.99      20.24
10:10am           295          2          6         79       78.7      29.99      20.24
10:15am           293          1          6         78       79.0      29.98      20.24
10:20am           288          3          7         76       79.2      29.98      20.24
10:25am           285          3          7         76       79.5      29.98      20.24
10:30am           293          4          7         76       79.9      29.98      20.24
10:35am           257          2          6         73       80.3      29.98      20.24
10:40am           245          1          6         74       80.5      29.99      20.24
10:45am           269          0          7         72       80.8      29.98      20.24
10:50am           241          0          8         71       80.9      29.99      20.24
10:55am           272          0          8         68       81.2      29.99      20.24
11:00am           301          0          8         70       81.2      29.99      20.24
11:05am           270          4          7         68       81.5      29.99      20.24
11:10am           281          1          7         71       81.7      29.99      20.24
11:15am           290          0          7         70       81.9      29.99      20.24
11:20am           271          0          9         69       82.1      29.98      20.24
11:25am           254          3          9         70       82.3      29.98      20.24
11:30am           223          3          9         69       82.5      29.98      20.24
11:35am           154          1          6         68       82.6      29.97      20.24
11:40am           283          5          8         64       82.7      29.97      20.24
11:45am           289          2          9         68       82.7      29.97      20.24
11:50am           284          4          9         67       82.9      29.97      20.24
11:55am           259          2          9         66       83.2      29.97      20.24
12:00pm           303          3          9         66       83.3      29.97      20.24
12:05pm           248          0          6         66       83.7      29.96      20.24
12:10pm           188          3          6         66       83.9      29.97      20.24
12:15pm           178          1          6         65       84.2      29.97      20.24
12:20pm           293          1          7         63       84.2      29.97      20.24
12:25pm           202          1          8         64       84.2      29.96      20.24
12:30pm           270          1          8         66       84.4      29.96      20.24
12:35pm           200          0          5         64       84.6      29.96      20.24
12:40pm           308          3          5         60       85.5      29.96      20.24
12:45pm           290          1          8         59       85.5      29.96      20.24
12:50pm           245          4          8         61       85.6      29.96      20.24
12:55pm           298          1          8         59       85.3      29.96      20.24
1:00pm            286          1          8         62       85.6      29.96      20.24
1:05pm            226          1          6         59       86.0      29.96      20.24
1:10pm            283          4         12         58       86.0      29.96      20.24
1:15pm            275          1         12         59       86.1      29.96      20.24
1:20pm            270          2         12         60       86.5      29.95      20.24
1:25pm            280          0         12         59       87.0      29.95      20.24
1:30pm            241          3         12         58       87.3      29.95      20.24
1:35pm            181          0         11         59       87.0      29.95      20.24
1:40pm            278          4         11         57       87.5      29.95      20.24
1:45pm            232          1         11         57       87.9      29.95      20.24
1:50pm            304          2         11         57       88.4      29.94      20.24
1:55pm            247          1         11         56       88.1      29.94      20.24
2:00pm            224          1         11         61       88.4      29.94      20.24
2:05pm            263          1         11         57       87.9      29.94      20.24
2:10pm            251          3         11         57       88.1      29.94      20.24
2:15pm            102          0         11         58       88.3      29.94      20.24
2:20pm            269          2         11         58       88.4      29.93      20.24
2:25pm            280          3         11         54       88.0      29.93      20.24
2:30pm            287         11         11         54       88.2      29.93      20.24
2:35pm            264          2         11         54       88.3      29.93      20.24
2:40pm            289          2         11         54       88.6      29.93      20.24
2:45pm            260          3         11         56       88.5      29.93      20.24
2:50pm            290          1         11         57       88.5      29.93      20.24
2:55pm            165          0         11         55       89.1      29.93      20.24
3:00pm            259          3         11         54       89.3      29.93      20.24
3:05pm            280          6          8         53       89.7      29.92      20.24
3:10pm            230          1          9         53       89.3      29.92      20.24
3:15pm            290          1          9         52       89.6      29.92      20.24
3:20pm            285          4          9         51       89.9      29.92      20.24
3:25pm            217          0          9         54       90.3      29.92      20.24
3:30pm            273          4         11         52       90.0      29.92      20.24
3:35pm            276          2          9         52       90.0      29.92      20.24
3:40pm            269          4          9         50       90.3      29.92      20.24
3:45pm            274          9         11         49       90.1      29.92      20.24
3:50pm            138          2         11         51       90.2      29.91      20.24
3:55pm            213          1         11         49       90.8      29.91      20.24
4:00pm            203          1         11         48       91.4      29.91      20.24
4:05pm            274          4         11         46       91.3      29.91      20.24
4:10pm            166          2         11         49       91.1      29.90      20.24
4:15pm            262          3         11         48       90.9      29.90      20.24
4:20pm            259          1         11         47       91.0      29.90      20.24
4:25pm            257          0         11         48       90.9      29.90      20.24
4:30pm            207          0         11         50       91.0      29.90      20.24
4:35pm            245          2          8         48       91.0      29.90      20.24
4:40pm            285          2          8         48       91.2      29.90      20.24
4:45pm            157          1          8         49       91.4      29.90      20.24
4:50pm            232          1          8         46       91.1      29.89      20.24
4:55pm            179          0          8         48       90.9      29.90      20.24
5:00pm            172          0          8         48       91.2      29.89      20.24
5:05pm            210          1          7         49       91.6      29.90      20.24
5:10pm            286          2          8         49       91.4      29.90      20.24
5:15pm            224          2          8         50       91.5      29.90      20.24
5:20pm            264          2          8         47       91.1      29.90      20.24
5:25pm            281          3          8         50       90.8      29.90      20.24
5:30pm            208          2          8         49       90.8      29.90      20.24
5:35pm            285          0          8         50       90.5      29.89      20.24
5:40pm            220          1          8         51       90.8      29.90      20.24
5:45pm            273          3          8         49       91.2      29.90      20.24
5:50pm            226          0          8         51       91.0      29.89      20.24
5:55pm            294          6          9         51       90.8      29.89      20.24
6:00pm            231          0          9         51       89.8      29.89      20.24
6:05pm            291          1          3         54       89.9      29.89      20.24
6:10pm            209          0          3         53       90.2      29.89      20.24
6:15pm            281          1          4         55       89.4      29.89      20.24
6:20pm            242          0          7         58       87.5      29.89      20.24
6:25pm            289          5          9         58       86.4      29.89      20.24
6:30pm            283          4          9         61       85.7      29.89      20.24
6:35pm            252          0          4         61       85.2      29.89      20.24
6:40pm            270          2          5         62       84.9      29.89      20.24
6:45pm            257          1          5         62       84.5      29.89      20.24
6:50pm            243          1          5         62       84.3      29.89      20.24
6:55pm            270          0          5         64       84.0      29.89      20.24
7:00pm            281          3          6         62       83.8      29.89      20.24
7:05pm            259          0          4         64       83.6      29.89      20.24
7:10pm            262          0          4         65       83.2      29.89      20.24
7:15pm            268          0          4         67       82.9      29.89      20.24
7:20pm            257          0          4         69       82.5      29.89      20.24
7:25pm            270          0          4         69       82.0      29.89      20.24
7:30pm            257          0          4         69       81.6      29.89      20.24
7:35pm            257          0          1         72       81.1      29.89      20.24
7:40pm            257          0          1         73       80.6      29.89      20.24
7:45pm            250          0          1         74       80.0      29.90      20.24
7:50pm            250          0          1         75       79.4      29.90      20.24
7:55pm            260          0          1         75       78.9      29.90      20.24
8:00pm            255          0          1         75       78.6      29.90      20.24
8:05pm            277          1          2         74       78.6      29.90      20.24
8:10pm            294          0          3         73       79.0      29.90      20.24
8:15pm            282          0          3         73       79.2      29.91      20.24
8:20pm            282          0          3         71       79.1      29.91      20.24
8:25pm            286          0          3         72       79.1      29.91      20.24
8:30pm            286          0          3         73       78.8      29.91      20.24
8:35pm            286          0          0         74       78.3      29.91      20.24
8:40pm            274          0          1         77       77.8      29.91      20.24
8:45pm            274          0          1         78       77.2      29.91      20.24
8:50pm            257          0          1         79       76.8      29.92      20.24
8:55pm            265          1          1         80       76.6      29.92      20.24
9:00pm            264          0          1         80       76.5      29.92      20.24
9:05pm            290          0          2         80       76.3      29.92      20.24
9:10pm            298          0          2         79       76.6      29.92      20.24
9:15pm            303          1          2         78       77.0      29.92      20.24
9:20pm            284          0          2         79       77.0      29.92      20.24
9:25pm            282          0          2         80       76.4      29.92      20.24
9:30pm            284          0          2         82       75.8      29.93      20.24
9:35pm            284          0          1         83       75.6      29.92      20.24
9:40pm            283          0          1         84       75.3      29.93      20.24
9:45pm            277          0          1         84       75.2      29.93      20.24
9:50pm            269          0          1         84       75.0      29.93      20.24
9:55pm            283          0          2         85       74.6      29.92      20.24
10:00pm           254          1          2         86       74.1      29.92      20.24
10:05pm           257          1          2         87       73.9      29.92      20.24
10:10pm           285          1          2         87       74.0      29.91      20.24
10:15pm           296          0          2         86       74.1      29.91      20.24
10:20pm           283          0          2         87       74.0      29.91      20.24
10:25pm           278          0          2         86       74.0      29.91      20.24
10:30pm           268          1          3         86       74.1      29.91      20.24
10:35pm           293          1          3         86       74.3      29.91      20.24
10:40pm           279          2          3         86       74.0      29.91      20.24
10:45pm           263          0          4         87       73.7      29.91      20.24
10:50pm           279          2          4         87       73.7      29.91      20.24
10:55pm           290          1          4         87       73.7      29.91      20.24
11:00pm           292          0          4         86       73.8      29.91      20.24
11:05pm           269          1          2         87       73.5      29.91      20.24
11:10pm           245          0          3         85       74.4      29.91      20.24
11:15pm           270          0          3         83       75.2      29.91      20.24
11:20pm           226          0          3         82       75.5      29.90      20.24
11:25pm           289          3          4         82       75.6      29.90      20.24
11:30pm           284          0          4         83       75.3      29.91      20.24
11:35pm           266          3          3         83       75.0      29.91      20.24
11:40pm           283          2          3         85       74.3      29.91      20.24
11:45pm           280          3          3         86       73.5      29.91      20.24
11:50pm           280          2          4         87       73.1      29.91      20.24
11:55pm           276          3          4         87       73.2      29.90      20.24
