9/26/18
Time         Wind Dir   Wind Spd  Wind Gust   Humidity       Temp  Raw Barom   Tot Rain
                    °        mph        mph          %         °F         in         in
12:00am            79          0          4         97       57.0      30.08      27.62
12:05am            75          3          4         98       57.1      30.08      27.62
12:10am           143          0          4         98       57.2      30.08      27.62
12:15am            86          0          4         98       57.2      30.07      27.62
12:20am            77          0          4         98       57.3      30.07      27.62
12:25am            60          0          4         98       57.3      30.07      27.63
12:30am            79          0          4         98       57.2      30.07      27.63
12:35am            65          1          2         98       57.1      30.07      27.63
12:40am            91          0          2         98       57.1      30.06      27.63
12:45am            94          0          3         98       57.1      30.06      27.63
12:50am            68          2          3         98       57.0      30.06      27.63
12:55am            81          0          3         98       57.0      30.06      27.63
1:00am             85          0          3         98       56.9      30.05      27.63
1:05am            101          0          3         98       57.0      30.05      27.63
1:10am             84          0          3         98       57.0      30.05      27.63
1:15am             86          0          3         98       57.0      30.05      27.63
1:20am             79          0          3         98       57.1      30.05      27.63
1:25am             74          0          3         98       57.1      30.05      27.63
1:30am             74          0          3         98       57.2      30.05      27.63
1:35am             74          0          0         98       57.3      30.05      27.63
1:40am             48          0          1         98       57.5      30.04      27.63
1:45am             87          0          3         98       57.5      30.04      27.63
1:50am             63          0          3         98       57.6      30.04      27.63
1:55am             88          0          3         98       57.6      30.03      27.63
2:00am             79          0          3         98       57.7      30.03      27.63
2:05am             79          0          0         98       57.7      30.03      27.63
2:10am             79          0          0         98       57.7      30.03      27.63
2:15am             82          0          1         98       57.6      30.03      27.63
2:20am             11          0          2         98       57.8      30.02      27.63
2:25am             41          0          2         98       57.9      30.02      27.63
2:30am            307          0          2         98       57.9      30.02      27.63
2:35am            307          0          0         98       57.9      30.02      27.63
2:40am             22          0          0         98       58.0      30.01      27.63
2:45am             20          0          0         98       58.2      30.01      27.63
2:50am            313          0          0         98       58.4      30.01      27.63
2:55am            313          0          0         98       58.4      30.01      27.63
3:00am            313          0          0         98       58.4      30.00      27.63
3:05am             77          0          1         98       58.5      30.00      27.63
3:10am             89          0          2         98       58.8      30.00      27.63
3:15am             98          0          2         98       58.8      30.00      27.63
3:20am             98          0          2         98       58.8      30.00      27.63
3:25am             98          0          2         98       58.8      29.99      27.63
3:30am            103          0          2         98       59.1      29.99      27.63
3:35am            242          0          2         98       60.3      29.98      27.63
3:40am            274          0          2         98       61.4      29.98      27.63
3:45am            296          2          6         98       62.1      29.98      27.63
3:50am            280          0          6         98       62.4      29.97      27.63
3:55am            262          0          6         98       62.5      29.97      27.63
4:00am            276          0          6         98       62.6      29.97      27.63
4:05am            257          0          3         98       62.7      29.96      27.63
4:10am            212          0          4         98       62.9      29.96      27.63
4:15am            286          0          7         98       63.0      29.97      27.63
4:20am            207          0          8         98       63.1      29.96      27.63
4:25am            284          1          8         98       63.0      29.96      27.63
4:30am            278          0          8         98       63.1      29.96      27.63
4:35am            274          0          6         98       63.2      29.96      27.63
4:40am            304          0          6         98       63.2      29.96      27.63
4:45am            274          0          6         98       63.3      29.96      27.63
4:50am            210          0          6         98       63.3      29.96      27.63
4:55am            270          1          6         98       63.4      29.95      27.63
5:00am            257          0          7         98       63.4      29.95      27.63
5:05am            264          0          3         98       63.4      29.95      27.63
5:10am            257          0          3         98       63.3      29.95      27.63
5:15am            278          0          3         98       63.3      29.96      27.63
5:20am            276          0          3         98       63.4      29.95      27.63
5:25am            267          0          3         98       63.5      29.95      27.63
5:30am            262          0          3         98       63.6      29.95      27.63
5:35am            228          0          3         98       63.6      29.94      27.63
5:40am            290          1          6         98       63.8      29.94      27.63
5:45am            141          0          6         98       63.8      29.94      27.63
5:50am            249          0          6         98       63.8      29.94      27.63
5:55am            267          0          6         98       63.9      29.94      27.63
6:00am            262          0          6         98       64.0      29.94      27.63
6:05am            291          1          3         98       64.0      29.94      27.63
6:10am            260          0          3         97       63.9      29.94      27.63
6:15am            271          0          3         97       63.9      29.94      27.63
6:20am            285          0          3         98       64.1      29.94      27.63
6:25am            193          0          3         97       64.0      29.94      27.63
6:30am            278          0          3         98       64.2      29.94      27.63
6:35am            285          0          2         98       64.3      29.94      27.63
6:40am            221          0          2         97       64.1      29.93      27.63
6:45am            264          0          3         97       64.1      29.93      27.63
6:50am            248          0          3         98       64.4      29.93      27.63
6:55am            114          0          3         97       64.3      29.93      27.63
6:59am            266          0          3         98       64.5      29.93      27.63
7:05am            210          0          1         98       64.7      29.93      27.63
7:10am            321          2          2         98       65.1      29.93      27.63
7:15am            306          0         10         98       65.6      29.93      27.63
7:20am            269          0         10         97       65.7      29.93      27.63
7:25am            308          2         10         97       65.9      29.93      27.63
7:30am            212          0         10         97       66.2      29.92      27.63
7:35am            151          1         10         96       66.3      29.92      27.63
7:40am            282          4         10         96       66.3      29.92      27.63
7:45am            240          0         10         96       66.4      29.92      27.63
7:50am            313          5         10         96       66.5      29.92      27.63
7:55am            266          0         10         96       66.7      29.92      27.63
8:00am            283          4         10         96       67.0      29.92      27.63
8:05am            303          5         10         95       67.0      29.92      27.63
8:10am            293          4         10         95       67.0      29.92      27.63
8:15am            264          3         12         95       67.0      29.92      27.63
8:20am            271          1         12         95       67.1      29.92      27.63
8:25am            257          0         13         95       67.1      29.92      27.63
8:30am            271          2         13         95       67.0      29.91      27.63
8:35am            286          4          9         95       67.0      29.91      27.63
8:40am            240          0          9         95       67.1      29.91      27.63
8:45am            288          1         10         95       67.1      29.92      27.63
8:50am            294          9         10         95       67.1      29.92      27.63
8:55am            255          5         10         95       67.2      29.92      27.63
9:00am            198          7         10         95       67.3      29.92      27.63
9:05am            266          3          8         95       67.4      29.92      27.63
9:10am            274          4          9         95       67.5      29.92      27.63
9:15am            283          4          9         95       67.4      29.92      27.63
9:20am            288          3          9         95       67.5      29.92      27.63
9:25am            289          5          9         95       67.6      29.92      27.63
9:30am            293          1          9         95       67.8      29.91      27.63
9:35am            271          5          8         95       68.1      29.91      27.63
9:40am            257          4          8         94       68.3      29.91      27.63
9:45am            228          0          8         94       68.4      29.91      27.63
9:50am            210          0          8         94       68.4      29.91      27.63
9:55am            271          4          8         94       68.3      29.91      27.63
10:00am           283          2          8         94       68.3      29.91      27.63
10:05am           274          3          7         94       68.3      29.91      27.63
10:10am           290          5         10         94       68.4      29.91      27.63
10:15am           354          7         10         94       68.5      29.90      27.63
10:20am           250          4         12         94       68.6      29.90      27.63
10:25am           304          8         12         94       68.9      29.90      27.63
10:30am           272          2         18         93       69.1      29.89      27.63
10:35am           265          2          7         93       69.4      29.89      27.63
10:40am           240          4         16         92       69.8      29.89      27.63
10:45am           207          5         16         91       70.1      29.89      27.63
10:50am           311          8         16         90       70.5      29.88      27.63
10:55am           245          9         16         90       70.7      29.88      27.63
11:00am           219          5         16         89       70.9      29.88      27.63
11:05am           231          5         11         89       71.2      29.88      27.63
11:10am           259          0         12         89       71.5      29.88      27.63
11:15am           247          3         12         88       72.0      29.88      27.63
11:20am           268          0         12         87       72.4      29.88      27.63
11:25am           297          8         15         86       72.2      29.87      27.63
11:30am           238          3         15         88       72.0      29.87      27.63
11:35am           184          2          9         87       71.9      29.87      27.63
11:40am           285          5          9         88       71.8      29.87      27.63
11:45am           328          3         10         87       71.8      29.87      27.63
11:50am           285          6         13         88       71.6      29.87      27.63
11:55am           326          4         13         87       71.9      29.86      27.63
12:00pm           268          1         13         87       72.2      29.86      27.63
12:05pm           236          0          7         88       72.5      29.86      27.63
12:10pm           256          6          8         87       72.5      29.86      27.63
12:15pm           252          7         12         86       72.4      29.85      27.63
12:20pm           293          1         20         87       72.6      29.85      27.63
12:25pm           297          0         20         86       72.7      29.85      27.63
12:30pm           188          1         20         86       72.8      29.85      27.63
12:35pm           297          1          6         86       73.0      29.84      27.63
12:40pm           256          6         12         85       73.3      29.84      27.63
12:45pm           304          5         12         84       73.3      29.85      27.63
12:50pm           278          4         12         84       73.3      29.84      27.63
12:55pm           231          0         12         85       73.1      29.84      27.63
1:00pm            271          0         12         86       73.0      29.83      27.63
1:05pm            219          2          8         85       73.0      29.83      27.63
1:10pm            268          2          9         85       72.9      29.82      27.63
1:15pm            245          2         13         85       72.9      29.82      27.63
1:20pm            213          2         13         85       72.8      29.82      27.63
1:25pm            181          5         13         85       72.8      29.82      27.63
1:30pm            231          0         13         86       72.7      29.82      27.63
1:35pm            250          3         12         86       72.8      29.82      27.63
1:40pm            290          1         12         85       72.9      29.81      27.63
1:45pm            281          5         12         85       72.9      29.81      27.63
1:50pm            299          6         12         85       73.2      29.81      27.63
1:55pm            138          1         17         85       73.3      29.81      27.63
2:00pm            284          6         17         85       73.3      29.81      27.63
2:05pm            246          0         11         85       73.5      29.80      27.63
2:10pm            254          4         11         84       73.7      29.80      27.63
2:15pm            285          6         17         84       74.1      29.80      27.63
2:20pm              4          1         17         83       74.4      29.80      27.63
2:25pm            292          7         17         83       74.6      29.79      27.63
2:30pm            297          8         17         82       74.8      29.79      27.63
2:35pm            285          1         19         83       74.6      29.78      27.63
2:40pm            300          5         19         83       74.4      29.78      27.63
2:45pm            288          4         19         83       74.3      29.77      27.63
2:50pm            207          4         19         84       74.3      29.77      27.63
2:54pm            255          0         19         83       74.9      29.76      27.63
3:00pm            255          2         19         82       75.0      29.76      27.63
3:05pm            296         11         14         82       75.1      29.76      27.63
3:10pm            268          1         14         82       75.9      29.76      27.63
3:15pm            273          4         14         80       76.7      29.75      27.63
3:20pm            259          1         14         79       77.3      29.75      27.63
3:25pm            261          3         14         79       76.9      29.75      27.63
3:30pm            157          3         14         80       76.4      29.75      27.63
3:35pm            225          2         10         81       76.0      29.75      27.63
3:40pm            324          5         11         81       75.8      29.75      27.63
3:45pm            195          3         21         81       75.7      29.75      27.63
3:50pm            266          6         21         81       75.6      29.75      27.63
3:55pm            307          4         21         82       75.4      29.75      27.63
4:00pm            291         12         21         82       75.3      29.75      27.63
4:05pm            254          4         15         82       75.3      29.75      27.63
4:10pm            292          7         15         82       75.7      29.74      27.63
4:15pm            318          9         17         80       76.3      29.74      27.63
4:20pm            328          0         17         80       76.6      29.74      27.63
4:25pm            304          6         17         80       76.6      29.74      27.63
4:30pm             27          4         17         79       76.6      29.74      27.63
4:35pm            290          4         14         80       76.2      29.73      27.63
4:40pm            302          1         14         81       76.0      29.73      27.63
4:45pm            268          1         14         80       76.3      29.73      27.63
4:50pm            299          4         14         80       75.9      29.74      27.63
4:55pm            298          6         14         81       75.7      29.74      27.63
5:00pm            246          0         14         81       75.4      29.74      27.63
5:05pm            230          1          9         82       75.1      29.73      27.63
5:10pm            228          1         12         83       75.0      29.73      27.63
5:15pm            214          3         12         83       74.8      29.73      27.63
5:20pm            212          5         12         83       74.8      29.73      27.63
5:25pm            293          1         12         83       74.7      29.72      27.63
5:29pm            283          0         12         83       74.7      29.72      27.63
5:35pm            286          2          9         83       74.6      29.72      27.63
5:40pm            276          5          9         84       74.4      29.73      27.63
5:45pm            255          2         11         84       74.3      29.72      27.63
5:50pm            288          0         13         85       74.2      29.73      27.63
5:55pm            275          2         13         85       74.2      29.74      27.63
6:00pm            282          1         13         85       74.2      29.74      27.63
6:05pm            302          1         10         85       74.1      29.73      27.63
6:10pm            293          8         10         86       74.1      29.73      27.63
6:15pm            302          4         15         86       73.9      29.73      27.63
6:20pm            293          3         15         88       73.3      29.73      27.64
6:25pm            229          1         15         90       72.8      29.73      27.64
6:30pm            289          3         15         90       72.5      29.73      27.64
6:35pm            234          0          6         91       72.3      29.73      27.64
6:40pm            271          1          6         91       72.2      29.73      27.64
6:45pm            281          1          9         92       72.1      29.73      27.64
6:50pm            243          3          9         91       72.1      29.72      27.64
6:55pm            180          0          9         92       72.1      29.72      27.64
7:00pm            285          0          9         92       72.0      29.72      27.64
7:04pm            297          5          9         92       72.0      29.72      27.64
7:10pm            323          0          9         92       72.0      29.72      27.64
7:15pm            281          3         10         92       72.1      29.72      27.64
7:20pm            304          2         10         91       72.3      29.71      27.64
7:25pm            307          2         10         91       72.4      29.71      27.64
7:30pm            252          1         10         91       72.3      29.71      27.64
7:35pm            169          3         11         91       72.3      29.71      27.64
7:40pm            203          1         11         91       72.4      29.71      27.64
7:45pm            254          8         11         91       72.5      29.71      27.67
7:50pm            284          2         15         92       71.9      29.72      27.73
7:55pm            283          1         15         94       71.3      29.73      27.79
8:00pm            285          4         15         95       70.7      29.74      27.81
8:05pm            255          3         16         95       69.8      29.75      27.84
8:10pm            244          3         16         95       69.2      29.76      27.85
8:15pm            268          0         16         96       68.9      29.77      27.86
8:20pm            194          3         16         96       68.6      29.77      27.88
8:25pm            276          3         16         96       68.2      29.76      27.89
8:30pm            266          1         16         96       67.9      29.77      27.89
8:35pm            248          2          6         96       67.6      29.77      27.90
8:40pm            229          0          8         96       67.5      29.77      27.91
8:45pm            230          0          8         96       67.4      29.76      27.93
8:50pm            256          0          8         97       67.3      29.76      27.96
8:55pm            255          0          8         97       67.3      29.77      27.98
9:00pm            237          0          8         97       67.2      29.78      27.98
9:05pm            295          0          2         97       67.1      29.78      27.98
9:10pm            212          0          3         97       67.1      29.78      27.98
9:15pm            277          0          3         97       67.0      29.78      27.98
9:20pm            272          0          4         97       67.0      29.79      27.98
9:25pm            185          0          4         97       67.0      29.80      27.98
9:30pm            256          0          4         97       66.9      29.80      27.98
9:35pm            272          0          0         97       66.9      29.80      27.98
9:40pm            294          0          0         97       66.9      29.80      27.98
9:44pm            203          0          0         97       66.9      29.81      27.98
9:50pm            217          0          0         97       66.8      29.81      27.98
9:55pm            250          0          0         97       66.7      29.81      27.98
10:00pm           276          0          0         97       66.7      29.81      27.98
10:05pm           276          0          0         97       66.6      29.81      27.98
10:10pm           286          0          0         97       66.4      29.81      27.98
10:15pm           232          0          0         97       66.4      29.82      27.98
10:20pm           256          0          0         97       66.3      29.82      27.98
10:25pm           260          0          0         97       66.2      29.82      27.98
10:30pm           285          3          4         97       66.0      29.82      27.98
10:35pm           243          0          4         97       65.6      29.82      27.98
10:40pm           205          0          4         97       65.2      29.82      27.98
10:45pm           259          1          4         97       64.9      29.82      27.98
10:50pm           258          0          4         97       64.6      29.82      27.98
10:55pm           259          0          4         97       64.4      29.83      27.98
11:00pm           252          1          4         97       64.1      29.83      27.98
11:05pm           233          4          4         97       63.9      29.83      27.98
11:10pm           220          0          4         97       63.7      29.83      27.98
11:15pm           239          0          4         97       63.5      29.84      27.98
11:20pm           202          0          4         97       63.3      29.83      27.98
11:25pm           190          2          8         96       63.0      29.84      27.99
11:29pm           300          1          8         96       62.8      29.84      27.99
11:35pm           167          0          1         96       62.6      29.84      27.99
11:40pm           240          0          3         95       62.4      29.85      27.99
11:45pm           271          2          3         95       62.2      29.85      27.99
11:50pm           294          0          5         95       62.0      29.85      27.99
11:55pm           213          0          5         94       61.6      29.85      27.99
