10/14/18
Time         Wind Dir   Wind Spd  Wind Gust   Humidity       Temp  Raw Barom   Tot Rain
                    °        mph        mph          %         °F         in         in
12:00am           248          0          0         94       35.2      29.95      31.41
12:05am           248          0          0         95       35.2      29.95      31.41
12:10am           248          0          0         95       35.6      29.96      31.41
12:15am           248          0          0         94       35.5      29.97      31.41
12:20am           248          0          0         94       35.4      29.96      31.41
12:25am           248          0          0         94       35.4      29.96      31.41
12:30am           248          0          0         94       35.3      29.97      31.41
12:35am           248          0          0         94       35.4      29.97      31.41
12:40am           248          0          0         94       35.1      29.97      31.41
12:45am           248          0          0         94       34.9      29.97      31.41
12:50am           275          0          0         94       34.8      29.98      31.41
12:55am           275          0          0         95       34.7      29.98      31.41
1:00am            276          0          0         95       34.7      29.99      31.41
1:05am            275          0          1         95       34.4      29.99      31.41
1:10am            264          0          1         95       34.1      29.99      31.41
1:15am            243          0          1         96       34.1      29.99      31.41
1:20am            245          0          1         96       34.0      29.99      31.41
1:25am            245          0          1         96       33.9      29.99      31.41
1:30am            245          0          1         96       33.8      30.00      31.41
1:35am            245          0          0         96       33.8      29.99      31.41
1:40am            245          0          0         96       33.7      30.00      31.41
1:45am            274          0          0         96       33.6      30.00      31.41
1:50am            274          0          0         96       33.3      30.00      31.41
1:55am            274          0          0         96       33.1      30.00      31.41
2:00am            274          0          0         96       32.9      30.01      31.41
2:05am            274          0          0         96       32.8      30.01      31.41
2:10am            274          0          0         97       32.9      30.01      31.41
2:15am            274          0          0         97       33.0      30.01      31.41
2:20am            274          0          0         97       32.9      30.01      31.41
2:25am            274          0          0         97       32.7      30.01      31.41
2:30am            274          0          0         97       32.5      30.01      31.41
2:35am            274          0          0         97       32.4      30.02      31.41
2:40am            274          0          0         97       32.5      30.03      31.41
2:45am            266          0          0         97       32.5      30.03      31.41
2:50am            266          0          0         97       32.4      30.03      31.41
2:55am            266          0          0         97       32.2      30.03      31.41
3:00am            266          0          0         97       32.0      30.03      31.41
3:05am            266          0          0         97       31.8      30.03      31.41
3:10am            266          0          0         97       31.6      30.03      31.41
3:15am            276          0          0         97       31.8      30.03      31.41
3:20am            276          0          0         97       32.0      30.03      31.41
3:25am            279          0          0         97       32.1      30.04      31.41
3:30am            269          0          0         97       32.0      30.04      31.41
3:35am            269          0          0         97       31.7      30.04      31.41
3:40am            269          0          0         97       31.7      30.04      31.41
3:45am            269          0          0         97       31.6      30.04      31.41
3:50am            269          0          0         97       31.4      30.04      31.41
3:55am            269          0          0         97       31.2      30.04      31.41
4:00am            269          0          0         97       31.2      30.04      31.41
4:05am            269          0          0         97       31.3      30.04      31.41
4:10am            269          0          0         97       31.3      30.04      31.41
4:15am            269          0          0         97       31.3      30.04      31.41
4:20am            269          0          0         97       31.4      30.03      31.41
4:25am            269          0          0         97       31.3      30.04      31.41
4:30am            270          0          0         97       31.3      30.05      31.41
4:35am            270          0          0         97       31.3      30.05      31.41
4:40am            270          0          0         97       31.3      30.05      31.41
4:45am            273          0          0         97       31.2      30.05      31.41
4:50am            270          0          0         97       31.2      30.05      31.41
4:55am            270          0          0         97       31.2      30.06      31.41
5:00am            271          0          0         97       31.2      30.06      31.41
5:05am            271          0          0         97       31.2      30.06      31.41
5:10am            271          0          0         97       30.9      30.06      31.41
5:15am            271          0          0         97       30.7      30.06      31.41
5:20am            271          0          0         97       30.4      30.06      31.41
5:25am            271          0          0         97       30.4      30.07      31.41
5:30am            271          0          0         97       30.2      30.07      31.41
5:35am            271          0          0         97       30.0      30.07      31.41
5:40am            271          0          0         97       30.0      30.07      31.41
5:45am            271          0          0         97       30.2      30.06      31.41
5:50am            271          0          0         97       30.3      30.07      31.41
5:54am            271          0          0         97       30.3      30.07      31.41
6:00am            271          0          0         97       30.4      30.08      31.41
6:05am            271          0          0         97       30.7      30.08      31.41
6:10am            271          0          0         97       30.8      30.08      31.41
6:15am            271          0          0         97       30.8      30.08      31.41
6:20am            271          0          0         97       30.5      30.08      31.41
6:25am            277          0          0         97       30.4      30.08      31.41
6:30am            280          0          0         97       30.4      30.09      31.41
6:35am            280          0          0         97       30.2      30.09      31.41
6:40am            280          0          0         97       30.0      30.09      31.41
6:45am            280          0          0         97       29.8      30.09      31.41
6:50am            280          0          0         97       29.7      30.10      31.41
6:55am            280          0          0         97       29.6      30.10      31.41
7:00am            280          0          0         97       29.5      30.10      31.41
7:05am            280          0          0         97       29.8      30.10      31.41
7:10am            280          0          0         97       30.0      30.10      31.41
7:15am            280          0          0         97       30.2      30.10      31.41
7:20am            280          0          0         98       30.4      30.10      31.41
7:25am            262          0          0         98       31.0      30.11      31.41
7:30am            278          0          0         98       31.4      30.11      31.41
7:35am            269          0          0         98       31.6      30.11      31.41
7:40am            269          0          0         98       31.7      30.11      31.41
7:45am            273          0          0         98       31.9      30.11      31.41
7:50am            273          0          0         98       32.2      30.11      31.41
7:55am            273          0          0         98       32.5      30.11      31.41
8:00am            274          0          0         98       32.9      30.11      31.41
8:04am            279          0          0         98       33.1      30.11      31.41
8:10am            257          0          0         98       33.6      30.11      31.41
8:15am            266          0          0         98       34.1      30.11      31.41
8:20am            253          0          0         98       34.4      30.11      31.41
8:25am            255          0          2         98       35.0      30.12      31.41
8:30am            299          0          2         98       35.3      30.12      31.41
8:35am            269          0          1         97       35.1      30.12      31.41
8:40am            255          0          1         97       35.1      30.12      31.41
8:45am            278          0          1         97       35.3      30.12      31.41
8:50am            208          0          1         97       35.4      30.12      31.41
8:55am            223          0          1         97       35.8      30.12      31.41
9:00am            224          0          1         97       36.2      30.12      31.41
9:05am            288          0          0         97       37.1      30.12      31.41
9:10am            215          1          3         96       37.2      30.12      31.41
9:15am            250          0          3         95       37.3      30.12      31.41
9:20am            258          0          3         95       37.6      30.13      31.41
9:25am            215          0          3         95       38.2      30.13      31.41
9:30am            250          0          3         95       38.8      30.13      31.41
9:35am            274          0          2         94       39.2      30.13      31.41
9:39am            276          1          4         93       39.4      30.13      31.41
9:45am            275          1          6         91       39.9      30.13      31.41
9:50am            276          2          6         89       40.3      30.13      31.41
9:55am            283          1          7         86       40.5      30.13      31.41
10:00am           285          0          7         84       40.9      30.13      31.42
10:05am           283          0          7         81       41.3      30.13      31.42
10:10am           266          2          7         81       41.6      30.13      31.42
10:14am           283          4          7         81       42.1      30.13      31.42
10:20am           251          1          8         80       42.5      30.13      31.42
10:25am           291          3          8         78       42.7      30.13      31.42
10:30am           117          0          8         78       43.1      30.14      31.42
10:34am           286          2          7         79       44.0      30.14      31.42
10:40am           295          2          7         76       44.8      30.14      31.42
10:45am           255          2         10         73       45.4      30.14      31.42
10:50am           276          3         10         70       45.7      30.14      31.42
10:55am           255          0         10         68       45.9      30.14      31.42
11:00am           269          8         10         69       46.2      30.14      31.42
11:05am           278          1         10         70       46.3      30.13      31.42
11:10am           243          1         10         69       46.3      30.13      31.42
11:15am           299          3         10         67       46.5      30.13      31.42
11:20am           226          1         10         67       45.9      30.13      31.42
11:25am           295          1         10         69       46.1      30.13      31.42
11:30am           303          3         10         66       46.3      30.13      31.42
11:35am           283          1         10         66       46.4      30.13      31.42
11:40am           292          6         10         68       47.2      30.13      31.42
11:45am           195          2         10         67       47.8      30.13      31.42
11:50am           281          1         10         63       48.0      30.13      31.42
11:55am           270          0         10         64       48.2      30.13      31.42
12:00pm           298          2         10         62       48.8      30.14      31.42
12:04pm           193          2          7         63       49.1      30.14      31.42
12:10pm           287          5         12         61       49.2      30.15      31.42
12:15pm           233          3         12         62       49.3      30.15      31.42
12:20pm           277          2         12         63       49.4      30.15      31.42
12:25pm           287          5         12         60       49.4      30.14      31.42
12:30pm           245          2         12         63       50.0      30.13      31.42
12:35pm           271          5          9         63       49.4      30.13      31.42
12:40pm           250          3          9         61       49.3      30.13      31.42
12:45pm           293          3          9         62       49.6      30.12      31.42
12:50pm           271          6          9         61       50.2      30.13      31.42
12:55pm           297          2          9         61       50.6      30.12      31.42
1:00pm             85          0          9         59       50.8      30.12      31.42
1:05pm            131          0          3         60       51.3      30.12      31.42
1:10pm            268          1          8         58       51.6      30.12      31.42
1:15pm            209          3          8         58       51.7      30.12      31.42
1:20pm            310          3          8         56       51.9      30.12      31.42
1:25pm            281          0          8         56       52.6      30.11      31.42
1:30pm            280          5          8         53       53.1      30.11      31.42
1:35pm            255          3          8         52       53.2      30.12      31.42
1:40pm            207          1          8         53       53.3      30.11      31.42
1:45pm            271          0          8         52       53.7      30.12      31.42
1:50pm            166          1          9         51       54.1      30.11      31.42
1:55pm            285          2          9         53       53.8      30.11      31.42
2:00pm            292          0          9         51       53.9      30.10      31.42
2:05pm            264          5          7         49       54.3      30.10      31.42
2:10pm            272          4          7         53       55.0      30.10      31.42
2:15pm            289          8         12         48       55.4      30.10      31.42
2:20pm            285          6         12         47       54.9      30.10      31.42
2:25pm            267          5         12         50       54.7      30.11      31.42
2:30pm            278          0         12         48       55.2      30.11      31.42
2:35pm            291          6         11         50       56.2      30.11      31.42
2:40pm            226          1         11         47       55.6      30.11      31.42
2:45pm            290          3         11         48       55.8      30.12      31.42
2:50pm            302          3         11         47       55.7      30.11      31.42
2:55pm            300          6         11         48       56.3      30.11      31.42
3:00pm             42         10         11         46       56.4      30.12      31.42
3:05pm            196          0         10         50       56.2      30.12      31.42
3:10pm            269          4         10         46       56.5      30.12      31.42
3:15pm            299          5         10         47       56.1      30.12      31.42
3:20pm            200          2         10         47       56.3      30.11      31.42
3:25pm            276          1         10         46       56.8      30.11      31.42
3:30pm            226          3         10         46       57.4      30.11      31.42
3:35pm            182          1          8         45       57.3      30.12      31.42
3:40pm            273          2          8         46       57.4      30.11      31.42
3:45pm            210          3          8         47       57.1      30.12      31.42
3:50pm            253          3          9         45       57.1      30.11      31.42
3:55pm            268          0          9         46       57.2      30.11      31.42
4:00pm            285          5          9         45       56.6      30.11      31.42
4:05pm            285          5          8         47       55.7      30.11      31.42
4:10pm            283          3          8         47       55.7      30.11      31.42
4:15pm            248          4          8         49       55.8      30.12      31.42
4:20pm            288          2          8         47       55.4      30.12      31.42
4:25pm            252          1          8         46       55.2      30.12      31.42
4:30pm            207          0          8         45       55.0      30.12      31.42
4:35pm            277          1          3         47       55.5      30.12      31.42
4:40pm            264          2          4         45       55.8      30.11      31.42
4:45pm            270          1          8         43       55.0      30.12      31.42
4:50pm            227          3          8         47       55.0      30.12      31.42
4:55pm            247          1          8         45       55.3      30.12      31.42
5:00pm            278          1          8         46       54.8      30.12      31.42
5:05pm            286          3          5         45       54.9      30.12      31.42
5:10pm            146          0          6         46       55.5      30.12      31.42
5:15pm            276          1          6         44       56.1      30.12      31.42
5:20pm            212          4          6         47       55.9      30.12      31.42
5:25pm            250          0          6         48       54.9      30.12      31.42
5:30pm            272          0          7         50       54.1      30.13      31.42
5:35pm            248          0          2         51       53.4      30.12      31.42
5:40pm            217          0          2         53       52.3      30.13      31.42
5:45pm            217          0          2         55       51.4      30.13      31.42
5:50pm            217          0          2         57       50.4      30.13      31.42
5:55pm            217          0          2         60       49.4      30.13      31.42
6:00pm            217          0          2         61       48.6      30.13      31.42
6:05pm            217          0          0         64       47.9      30.13      31.42
6:10pm            217          0          0         66       47.3      30.13      31.42
6:15pm            217          0          0         68       46.7      30.13      31.42
6:20pm            217          0          0         69       46.2      30.13      31.42
6:25pm            217          0          0         71       45.7      30.13      31.42
6:30pm            217          0          0         73       45.1      30.13      31.42
6:35pm            217          0          0         75       44.5      30.13      31.42
6:40pm            217          0          0         75       44.2      30.14      31.42
6:45pm            217          0          0         77       43.9      30.14      31.42
6:50pm            217          0          0         78       43.6      30.14      31.42
6:55pm            217          0          0         79       43.2      30.14      31.42
7:00pm            217          0          0         81       42.8      30.14      31.42
7:05pm            217          0          0         83       42.7      30.14      31.42
7:10pm            277          0          1         82       42.7      30.13      31.42
7:15pm            281          0          1         83       42.4      30.14      31.42
7:20pm            281          0          1         84       42.0      30.14      31.42
7:25pm            281          0          1         85       41.6      30.14      31.42
7:30pm            281          0          1         86       41.3      30.14      31.42
7:35pm            281          0          1         87       41.3      30.14      31.42
7:40pm            281          0          1         88       41.4      30.14      31.42
7:45pm            281          0          1         88       41.3      30.14      31.42
7:50pm            281          0          1         88       41.0      30.14      31.42
7:55pm            281          0          1         88       40.7      30.14      31.42
8:00pm            281          0          1         90       40.6      30.14      31.42
8:05pm            281          0          1         90       40.7      30.14      31.42
8:10pm            281          0          1         90       40.7      30.14      31.42
8:15pm            281          0          1         90       40.3      30.14      31.42
8:20pm            290          0          1         90       40.4      30.14      31.42
8:25pm            290          0          1         89       40.4      30.14      31.42
8:30pm            290          0          1         90       40.1      30.14      31.42
8:35pm            288          0          1         91       40.0      30.14      31.42
8:40pm            287          0          1         91       40.0      30.14      31.42
8:45pm            287          0          1         92       40.0      30.14      31.42
8:50pm            287          0          1         92       39.8      30.14      31.42
8:55pm            283          0          1         92       39.5      30.14      31.42
9:00pm            284          0          1         92       39.2      30.15      31.42
9:05pm            284          0          0         93       39.1      30.15      31.42
9:10pm            284          0          1         93       39.1      30.14      31.42
9:15pm            281          0          1         93       39.2      30.14      31.42
9:20pm            281          0          1         93       39.1      30.15      31.42
9:25pm            282          0          1         93       38.8      30.15      31.42
9:30pm            281          0          1         93       38.4      30.15      31.42
9:35pm            282          0          0         93       38.0      30.15      31.42
9:40pm            282          0          0         94       37.7      30.15      31.42
9:45pm            281          0          0         94       37.6      30.15      31.42
9:50pm            281          0          0         95       37.6      30.15      31.42
9:55pm            281          0          0         95       37.4      30.16      31.42
10:00pm           281          0          0         95       37.1      30.16      31.42
10:05pm           281          0          0         95       36.9      30.16      31.42
10:10pm           281          0          0         95       37.1      30.16      31.42
10:15pm           281          0          0         95       37.1      30.16      31.42
10:20pm           281          0          0         96       37.2      30.16      31.42
10:25pm           282          0          0         96       37.5      30.16      31.42
10:30pm           281          0          0         96       37.6      30.16      31.42
10:35pm           282          0          0         96       37.9      30.16      31.42
10:40pm           283          0          1         95       37.6      30.16      31.42
10:45pm           285          0          1         95       37.3      30.16      31.42
10:50pm           276          0          1         95       36.9      30.16      31.42
10:55pm           281          0          1         95       36.7      30.16      31.42
11:00pm           281          0          1         96       36.7      30.17      31.42
11:05pm           281          0          0         96       36.6      30.16      31.42
11:10pm           281          0          0         96       36.5      30.16      31.42
11:15pm           281          0          0         96       36.5      30.16      31.42
11:20pm           281          0          0         96       36.4      30.16      31.42
11:25pm           281          0          0         96       36.2      30.16      31.42
11:30pm           281          0          0         96       36.2      30.16      31.42
11:35pm           281          0          0         96       36.3      30.16      31.42
11:40pm           281          0          0         96       36.3      30.16      31.42
11:45pm           281          0          0         96       36.3      30.16      31.42
11:50pm           277          0          1         96       36.2      30.16      31.42
11:55pm           277          0          1         96       36.0      30.16      31.42
