10/11/18
Time         Wind Dir   Wind Spd  Wind Gust   Humidity       Temp  Raw Barom   Tot Rain
                    °        mph        mph          %         °F         in         in
12:00am           270          3          7         92       65.1      29.82      29.58
12:30am           270          4          9         92       66.2      29.81      29.58
1:00am            270          3          7         93       65.8      29.81      29.58
1:30am            270          0          6         95       64.3      29.80      29.58
2:00am            292          1          9         95       66.4      29.80      29.58
2:30am            270          1          5         93       67.1      29.79      29.58
3:00am            270          1          6         92       67.2      29.78      29.58
3:30am            270          0          2         93       66.0      29.76      29.58
4:00am             68          1          4         95       64.6      29.76      29.58
4:30am             68          2          8         96       64.1      29.75      29.58
5:00am             68          5         11         96       62.6      29.74      29.59
5:30am             68          4         12         97       60.8      29.73      29.62
6:00am             90          4         14         96       58.7      29.73      29.66
6:30am             90          5         17         97       57.1      29.72      29.73
7:00am             90          6         17         97       55.6      29.72      29.90
7:30am            112          5         16         97       54.5      29.72      30.25
8:00am             90          6         19         97       53.6      29.73      30.41
8:30am             90          6         19         98       53.0      29.73      30.60
9:00am             68          6         16         98       52.7      29.72      30.63
9:30am             68          6         18         98       52.6      29.73      30.67
10:00am            68          5         19         98       52.3      29.73      30.75
10:30am            68          5         17         98       52.2      29.71      30.83
11:00am            90          5         17         98       52.4      29.70      30.86
11:30am            68          5         14         98       52.6      29.68      30.86
12:00pm            90          5         16         98       52.5      29.67      30.88
12:30pm            68          4         17         98       52.6      29.67      30.89
1:00pm             68          3         12         98       53.0      29.66      30.94
1:30pm             68          3         11         98       53.0      29.64      30.99
2:00pm             68          4         11         98       53.0      29.62      31.04
2:30pm             68          3         11         98       53.0      29.62      31.09
3:00pm             68          2         12         98       53.0      29.60      31.16
3:55pm            106          0          9         98       52.8      29.55      31.26
4:00pm            147          6         13         98       52.6      29.55      31.27
4:05pm            119          0         10         98       52.6      29.54      31.28
4:10pm             75          9         13         98       52.6      29.54      31.29
4:15pm            116          1         15         98       52.6      29.53      31.29
4:20pm             63          9         15         98       52.6      29.53      31.29
4:25pm             72          1         15         98       52.6      29.53      31.29
4:30pm             69          8         15         98       52.6      29.54      31.29
4:35pm             41          6         10         98       52.4      29.54      31.29
4:40pm             69          0         10         98       52.5      29.55      31.29
4:45pm             91          4         10         98       52.5      29.55      31.29
4:50pm             81          1         10         98       52.6      29.56      31.29
4:55pm            112          1         10         98       52.6      29.56      31.29
5:00pm            117          0         10         98       52.6      29.57      31.29
5:05pm             74          2          4         98       52.6      29.56      31.29
5:10pm            101          0          8         98       52.6      29.56      31.29
5:15pm             63          5          9         98       52.6      29.56      31.29
5:20pm             81          2          9         98       52.6      29.55      31.29
5:25pm            155          2          9         98       52.6      29.55      31.29
5:30pm            142          0          9         98       52.6      29.56      31.29
5:35pm            150          0          4         98       52.6      29.56      31.29
5:40pm             78          7          8         98       52.5      29.56      31.29
5:45pm            143          1          8         98       52.5      29.56      31.29
5:50pm            142          2          9         98       52.5      29.56      31.29
5:55pm             94          5          9         98       52.5      29.56      31.29
6:00pm            139          0          9         98       52.6      29.55      31.29
6:05pm             70          0          7         98       52.6      29.55      31.29
6:10pm            121          0          7         98       52.6      29.54      31.29
6:15pm            117          0          7         98       52.6      29.55      31.29
6:20pm             82          1          7         98       52.5      29.54      31.29
6:25pm             63          2          7         98       52.4      29.54      31.29
6:30pm             70          4          7         98       52.2      29.53      31.30
6:35pm             20          3          6         98       52.2      29.54      31.30
6:40pm             69          5          6         98       52.4      29.54      31.30
6:45pm             71          0          6         98       52.5      29.55      31.30
6:50pm            101          0          6         98       52.7      29.54      31.30
6:55pm            129          0          6         98       52.6      29.55      31.30
7:00pm             98          0          6         98       52.6      29.53      31.30
7:05pm             81          0          4         98       52.6      29.53      31.30
7:10pm             53          2          9         98       52.6      29.53      31.30
7:15pm             74          8          9         98       52.6      29.52      31.30
7:20pm            142          0          9         98       52.6      29.53      31.30
7:25pm             63          2          9         98       52.5      29.53      31.30
7:30pm            112          0          9         98       52.5      29.53      31.30
7:35pm             57          0          3         98       52.4      29.53      31.30
7:40pm            129          0          3         98       52.4      29.54      31.30
7:45pm             75          0          3         98       52.5      29.54      31.30
7:50pm             87          0          4         98       52.6      29.52      31.30
7:55pm             85          0          4         98       52.6      29.51      31.30
7:59pm             71          2          5         98       52.6      29.50      31.30
8:05pm             85          0          2         98       52.7      29.50      31.30
8:10pm             84          0          5         98       52.8      29.50      31.30
8:15pm             74          0          5         98       52.8      29.51      31.30
8:20pm             93          0          5         98       52.9      29.51      31.30
8:25pm             63          0          5         98       53.0      29.50      31.30
8:30pm             58          2          6         98       52.7      29.51      31.30
8:35pm             88          0          5         98       52.4      29.50      31.30
8:40pm            108          1          5         98       52.4      29.50      31.30
8:45pm             75          2          7         98       52.2      29.50      31.30
8:50pm             54          1          7         98       52.1      29.50      31.30
8:55pm             82          3          7         98       52.0      29.49      31.30
9:00pm            117          0          7         98       52.1      29.49      31.30
9:05pm            120          0          4         98       52.1      29.49      31.30
9:10pm             60          0          4         98       52.2      29.50      31.30
9:15pm             89          0          4         98       52.2      29.50      31.30
9:20pm             79          0          4         98       52.2      29.51      31.30
9:25pm            101          0          4         98       52.3      29.51      31.30
9:30pm            103          0          4         98       52.5      29.51      31.30
9:35pm             82          0          0         98       52.6      29.51      31.30
9:40pm             80          0          2         98       52.7      29.51      31.30
9:45pm             59          0          2         98       52.7      29.51      31.30
9:50pm             64          0          2         98       52.8      29.51      31.30
9:55pm             39          0          2         98       52.9      29.52      31.31
9:59pm             45          0          2         98       52.9      29.52      31.32
10:05pm            65          0          0         98       52.9      29.51      31.32
10:10pm            91          0          1         98       52.8      29.51      31.32
10:15pm            83          0          1         98       52.8      29.51      31.32
10:20pm            72          1          3         98       52.8      29.51      31.32
10:25pm            83          3          5         98       52.8      29.50      31.32
10:30pm            91          0          5         98       52.9      29.50      31.32
10:35pm            74          0          2         98       52.8      29.50      31.32
10:40pm            86          0          3         98       52.8      29.50      31.32
10:45pm            98          0          3         98       52.9      29.50      31.32
10:50pm            85          0          3         98       52.9      29.50      31.32
10:55pm            83          0          3         98       52.9      29.49      31.32
11:00pm            86          0          3         98       52.9      29.50      31.32
11:05pm            77          1          1         98       52.9      29.50      31.32
11:10pm            80          0          1         98       53.0      29.50      31.32
11:15pm            25          0          1         98       53.0      29.50      31.32
11:20pm            72          0          1         98       53.1      29.51      31.32
11:25pm            89          0          1         98       53.2      29.50      31.32
11:30pm            89          0          1         98       53.2      29.51      31.32
11:35pm            80          0          1         98       53.2      29.51      31.32
11:40pm            85          0          1         98       53.2      29.51      31.32
11:45pm            98          0          1         98       53.2      29.50      31.32
11:50pm            77          0          1         98       53.3      29.50      31.32
11:55pm           108          0          1         98       53.4      29.50      31.32
