11/4/18
Time         Wind Dir   Wind Spd  Wind Gust   Humidity       Temp  Raw Barom   Tot Rain
                    °        mph        mph          %         °F         in         in
12:00am           212          3         18         69       38.7      30.07      35.70
12:05am           267          1         11         68       38.6      30.08      35.70
12:10am           259          3         11         70       38.6      30.08      35.70
12:15am           264          7         13         70       38.4      30.08      35.70
12:20am           323         11         13         69       38.3      30.08      35.70
12:25am           266          7         15         70       38.5      30.08      35.70
12:30am           238          7         15         69       38.4      30.08      35.70
12:35am           257         11         21         70       38.4      30.08      35.70
12:40am           292          6         21         70       38.4      30.09      35.70
12:45am           251          7         21         70       38.2      30.09      35.70
12:50am           198          1         21         70       38.1      30.09      35.70
12:55am           155          2         21         71       38.0      30.10      35.70
1:00am            298          1         21         72       37.8      30.11      35.70
1:05am            278          2          6         72       37.5      30.11      35.70
1:10am            243          0          9         72       37.5      30.12      35.70
1:15am            247          4         12         71       37.5      30.12      35.70
1:20am            217          3         12         72       37.6      30.12      35.70
1:25am            252          4         12         72       37.4      30.13      35.70
1:30am            284          3         12         73       37.3      30.13      35.70
1:35am            232          2         12         72       37.2      30.13      35.70
1:40am            274          5         12         73       37.1      30.14      35.70
1:45am            266          1         12         73       37.0      30.14      35.70
1:50am            156          1         12         73       37.0      30.14      35.70
1:55am            252         10         12         74       36.9      30.15      35.70
1:00am            257          7         18         72       37.1      30.15      35.70
1:05am            275         11         18         72       37.2      30.15      35.70
1:10am            304          4         18         72       37.2      30.15      35.70
1:15am            300          4         18         72       37.1      30.15      35.70
1:20am            263          4         18         73       36.9      30.15      35.70
1:25am            267          8         18         73       36.8      30.15      35.70
1:30am            272          1         18         73       36.7      30.15      35.70
1:35am            259          3         18         73       36.6      30.16      35.70
1:40am            274          3         18         73       36.6      30.17      35.70
1:45am            278          9         18         73       36.6      30.17      35.70
1:50am            207          1         18         72       36.5      30.17      35.70
1:55am            276          4         18         73       36.4      30.17      35.70
2:00am            143          0         18         73       36.3      30.18      35.70
2:05am            260          2          6         73       36.2      30.18      35.70
2:10am            248          0          6         73       36.1      30.19      35.70
2:15am            215          0          7         74       36.0      30.19      35.70
2:20am            232          0          7         74       35.8      30.20      35.70
2:25am            275          1          8         74       35.9      30.20      35.70
2:30am            253          0          8         74       35.7      30.20      35.70
2:35am            264          1          2         75       35.5      30.20      35.70
2:40am            251          1          6         74       35.5      30.21      35.70
2:45am            250          6         12         74       35.7      30.20      35.70
2:50am            254          4         12         74       35.7      30.20      35.70
2:55am            271          6         12         74       35.6      30.20      35.70
3:00am            210          1         12         74       35.5      30.21      35.70
3:05am            277          3         12         73       35.6      30.21      35.70
3:10am            309          3         12         74       35.4      30.22      35.70
3:15am              1          0         12         75       35.3      30.22      35.70
3:20am            257          0         12         75       34.9      30.23      35.70
3:25am            257          0         12         77       34.7      30.23      35.70
3:30am            266          3         12         78       34.4      30.23      35.70
3:35am            245          0          3         79       34.1      30.23      35.70
3:40am            228          1          3         79       34.0      30.23      35.70
3:45am            254          1          3         80       33.9      30.23      35.70
3:50am            244          0          6         80       33.9      30.23      35.70
3:55am            212          0          6         80       33.8      30.24      35.70
4:00am            252          0          6         80       33.6      30.25      35.70
4:05am            250          0          2         81       33.5      30.25      35.70
4:10am            229          0          3         81       33.6      30.26      35.70
4:15am            218          0          4         81       33.7      30.26      35.70
4:20am            241          0          4         81       33.7      30.27      35.70
4:25am             39          1          6         81       33.9      30.27      35.70
4:30am            245          0          6         81       34.0      30.27      35.70
4:35am            271          5          5         81       34.0      30.28      35.70
4:40am            255          3          8         80       34.3      30.28      35.70
4:45am            245          4          8         79       34.4      30.28      35.70
4:50am            283          3          8         79       34.5      30.29      35.70
4:55am            251          0          8         79       34.7      30.29      35.70
5:00am            226          0          8         78       34.8      30.29      35.70
5:05am            277          3          3         78       34.8      30.29      35.70
5:10am            213          0          6         78       34.8      30.29      35.70
5:15am            230          0          6         78       34.8      30.29      35.70
5:20am            283          4          6         78       34.8      30.30      35.70
5:25am            211          1          8         78       34.9      30.30      35.70
5:30am            193          0          8         79       34.9      30.30      35.70
5:35am            284          2          5         79       34.8      30.30      35.70
5:40am            291          0          6         78       34.8      30.30      35.70
5:45am            263          1          6         79       34.7      30.31      35.70
5:50am            278          1          6         78       34.5      30.31      35.70
5:55am            284          2          6         79       34.5      30.32      35.70
6:00am            293          2          6         78       34.5      30.32      35.70
6:05am            283          1          4         79       34.6      30.33      35.70
6:10am            264          4          6         78       34.7      30.33      35.70
6:15am            252          2          6         78       34.8      30.34      35.70
6:20am            262          0          6         79       34.8      30.34      35.70
6:25am            273          4         10         78       34.8      30.34      35.70
6:30am            253          6         10         77       35.0      30.34      35.70
6:35am            274          3         12         75       35.1      30.34      35.70
6:40am            260          3         14         76       35.2      30.34      35.70
6:45am            281          5         14         76       35.3      30.35      35.70
6:50am            221          3         14         74       35.3      30.35      35.70
6:55am            286          2         14         75       35.5      30.37      35.70
7:00am            246          2         14         74       35.6      30.37      35.70
7:05am            276          4          9         74       35.7      30.37      35.70
7:10am            267          8          9         74       35.7      30.38      35.70
7:15am            250          1          9         74       35.7      30.38      35.70
7:20am            261          1          9         75       35.8      30.38      35.70
7:25am            260          0          9         75       35.9      30.39      35.70
7:30am            214          0          9         75       35.9      30.39      35.70
7:35am            277          3          6         75       36.0      30.39      35.70
7:40am            264          2          6         75       36.1      30.40      35.70
7:45am            248          1          6         75       36.2      30.40      35.70
7:50am            215          0          6         76       36.2      30.40      35.70
7:55am            259          0          6         76       36.2      30.41      35.70
8:00am            281          3          6         77       36.3      30.41      35.70
8:05am            259          5          5         75       36.4      30.41      35.70
8:10am            293          1          8         76       36.6      30.42      35.70
8:15am            259          0          8         74       37.0      30.41      35.70
8:20am            219          3          8         73       37.5      30.41      35.70
8:25am            273          3          8         71       37.4      30.41      35.70
8:30am            273          1          8         73       37.4      30.42      35.70
8:35am            276          2          6         72       37.4      30.42      35.70
8:40am            263         10         10         72       37.5      30.43      35.70
8:45am            106          2         10         71       37.6      30.44      35.70
8:50am            306          7         10         71       37.9      30.43      35.70
8:55am            262          1         10         71       37.9      30.43      35.70
9:00am             26          0         10         72       38.4      30.43      35.70
9:05am            273          1          9         69       38.8      30.43      35.70
9:10am            270          4          9         69       38.8      30.43      35.70
9:15am            296          1         11         68       39.3      30.43      35.70
9:20am            288          2         12         68       39.5      30.43      35.70
9:25am            139          0         12         67       39.7      30.43      35.70
9:30am            169          0         12         66       39.6      30.43      35.70
9:35am            100          0          9         67       40.2      30.44      35.70
9:40am            205          3         10         65       40.0      30.43      35.70
9:45am            293          7         10         66       40.2      30.43      35.70
9:50am            285          2         12         64       39.7      30.44      35.70
9:55am            123          0         12         66       39.6      30.44      35.70
9:59am            194          0         12         65       40.1      30.44      35.70
10:05am           220          3         11         65       40.6      30.44      35.70
10:10am           269          1         11         63       40.8      30.43      35.70
10:15am           289          2         11         66       41.1      30.44      35.70
10:20am           216          1         11         62       41.3      30.44      35.70
10:25am            37          0         11         63       41.0      30.44      35.70
10:30am           281          0         11         64       41.6      30.44      35.70
10:35am           302          1          9         62       41.5      30.44      35.70
10:40am           279         11         11         63       41.6      30.44      35.70
10:45am           262          2         11         62       41.7      30.44      35.70
10:50am           285          5         11         62       41.9      30.44      35.70
10:55am            50          2         11         64       41.7      30.45      35.70
11:00am           289          1         11         62       42.3      30.45      35.70
11:05am           232          2          4         62       43.1      30.45      35.70
11:10am           273          7          8         58       43.3      30.45      35.70
11:15am           231          0         11         60       42.8      30.45      35.70
11:20am           220          0         11         61       42.5      30.45      35.70
11:25am           231          5         11         59       42.9      30.45      35.70
11:30am           259          2         11         59       42.8      30.44      35.70
11:35am           229          4          9         62       42.9      30.44      35.70
11:40am           264          1          9         61       43.4      30.44      35.70
11:45am           274          3          9         59       43.9      30.44      35.70
11:50am           287          0         10         57       43.6      30.44      35.70
11:55am           262          4         10         58       43.3      30.44      35.70
12:00pm           285          1         10         60       43.6      30.44      35.70
12:05pm           250          1          7         59       43.7      30.44      35.70
12:10pm           266          3         10         58       43.7      30.43      35.70
12:15pm           260          4         10         58       43.6      30.43      35.70
12:20pm           280          1         10         60       43.9      30.43      35.70
12:25pm           288          3         10         59       44.3      30.43      35.70
12:30pm           264          1         10         59       44.4      30.43      35.70
12:35pm           257          3          9         56       45.0      30.43      35.70
12:40pm           224          1          9         56       44.7      30.44      35.70
12:45pm           164          0          9         57       45.3      30.44      35.70
12:50pm           282          0          9         54       45.7      30.44      35.70
12:55pm           255          4          9         55       45.3      30.44      35.70
1:00pm             37          0          9         56       44.9      30.44      35.70
1:05pm            224          0          5         55       45.2      30.44      35.70
1:10pm             32          5          6         55       45.2      30.44      35.70
1:15pm            266          0          6         55       45.4      30.43      35.70
1:20pm            276          1          7         53       45.6      30.43      35.70
1:25pm            264          0          7         54       45.6      30.43      35.70
1:30pm            243          1          7         53       46.0      30.43      35.70
1:35pm            258          3          5         54       46.0      30.44      35.70
1:40pm            243          0          7         54       46.0      30.44      35.70
1:45pm            182          0          7         54       46.0      30.44      35.70
1:50pm            264          5          7         56       45.9      30.43      35.70
1:55pm            258          1          7         54       45.5      30.43      35.70
2:00pm            275          0          7         56       45.5      30.43      35.70
2:05pm            284          6          6         55       45.9      30.43      35.70
2:10pm            155          1          6         55       45.5      30.44      35.70
2:15pm            248          0          6         55       45.3      30.43      35.70
2:20pm            253          2          6         56       45.4      30.44      35.70
2:25pm            283          1          6         55       45.4      30.43      35.70
2:30pm            307          2          6         55       45.2      30.43      35.70
2:35pm             46          3          3         56       45.1      30.44      35.70
2:40pm            292          1          3         56       45.1      30.44      35.70
2:45pm            271          0          4         56       44.9      30.44      35.70
2:50pm            134          0          4         57       45.1      30.44      35.70
2:55pm            245          0          4         56       45.3      30.45      35.70
3:00pm            117          0          4         58       44.9      30.45      35.70
3:05pm             70          0          5         58       44.6      30.45      35.70
3:10pm            104          2          5         58       44.1      30.45      35.70
3:15pm            291          0          5         58       44.0      30.45      35.70
3:20pm             86          0          5         60       43.9      30.45      35.70
3:25pm            148          0          5         60       43.7      30.45      35.70
3:30pm            253          0          5         59       43.7      30.45      35.70
3:35pm             84          0          2         60       43.4      30.45      35.70
3:40pm            102          0          2         60       43.2      30.45      35.70
3:45pm            119          0          2         62       43.0      30.45      35.70
3:50pm            252          0          2         62       42.9      30.45      35.70
3:54pm            252          0          2         63       42.7      30.45      35.70
4:00pm            168          0          2         63       42.4      30.45      35.70
4:05pm             80          0          1         64       42.0      30.45      35.70
4:10pm             79          0          2         63       41.6      30.45      35.70
4:15pm             79          0          2         64       41.2      30.45      35.70
4:20pm             70          0          2         64       40.9      30.46      35.70
4:25pm             70          0          2         65       40.5      30.46      35.70
4:30pm            304          0          2         66       40.1      30.45      35.70
4:35pm            240          1          1         67       39.8      30.46      35.70
4:40pm            245          0          1         66       39.5      30.46      35.70
4:45pm            104          0          1         65       39.2      30.46      35.70
4:50pm            124          0          1         67       39.0      30.46      35.70
4:55pm            153          1          1         68       38.7      30.46      35.70
5:00pm            130          0          1         70       38.5      30.47      35.70
5:05pm             15          1          1         70       38.4      30.47      35.70
5:10pm            105          0          1         70       38.2      30.47      35.70
5:15pm            269          0          1         70       37.9      30.47      35.70
5:20pm            128          0          1         71       37.6      30.47      35.70
5:25pm            155          0          3         72       37.5      30.47      35.70
5:30pm            230          0          3         72       37.3      30.47      35.70
5:35pm            104          1          3         72       37.3      30.48      35.70
5:40pm            136          0          3         73       37.2      30.48      35.70
5:45pm             84          0          3         73       37.1      30.48      35.70
5:50pm            237          0          3         74       37.3      30.48      35.70
5:55pm            144          0          3         72       37.0      30.48      35.70
6:00pm            205          0          3         73       36.7      30.48      35.70
6:05pm            148          0          1         73       36.3      30.49      35.70
6:10pm            127          0          1         73       36.0      30.49      35.70
6:15pm             75          0          2         73       36.0      30.49      35.70
6:20pm            285          0          2         73       35.8      30.49      35.70
6:25pm            235          0          2         73       35.6      30.49      35.70
6:30pm            229          0          2         73       35.5      30.50      35.70
6:35pm             85          0          1         74       35.3      30.50      35.70
6:40pm            257          0          1         73       35.2      30.50      35.70
6:45pm            244          0          1         73       35.1      30.50      35.70
6:50pm            195          1          1         73       35.0      30.50      35.70
6:55pm            281          0          2         74       35.1      30.50      35.70
7:00pm             79          0          2         75       34.7      30.50      35.70
7:05pm             19          0          1         77       34.4      30.50      35.70
7:10pm            286          0          1         77       34.1      30.50      35.70
7:15pm            286          0          1         79       33.7      30.50      35.70
7:20pm            286          0          1         79       33.5      30.50      35.70
7:25pm            286          0          1         79       33.2      30.50      35.70
7:30pm            285          0          1         79       33.5      30.50      35.70
7:35pm            275          0          0         78       33.5      30.50      35.70
7:40pm            275          0          0         80       33.4      30.50      35.70
7:45pm            275          0          0         81       32.9      30.51      35.70
7:50pm            276          0          0         82       32.7      30.51      35.70
7:55pm            274          0          1         82       32.5      30.51      35.70
8:00pm            272          0          1         83       32.3      30.51      35.70
8:05pm            272          0          0         84       32.1      30.51      35.70
8:10pm            265          0          0         84       32.0      30.51      35.70
8:15pm            265          0          0         84       31.8      30.52      35.70
8:20pm            265          0          0         85       31.5      30.52      35.70
8:25pm            265          0          0         85       31.4      30.52      35.70
8:30pm            265          0          1         86       31.3      30.52      35.70
8:35pm            278          0          0         86       31.2      30.52      35.70
8:40pm            260          0          0         87       31.2      30.52      35.70
8:45pm            238          0          0         87       30.9      30.52      35.70
8:50pm            238          0          0         88       30.6      30.52      35.70
8:55pm            219          0          0         88       30.4      30.52      35.70
9:00pm            255          0          0         89       30.4      30.52      35.70
9:05pm            257          0          0         89       30.5      30.52      35.70
9:10pm            257          0          0         89       30.2      30.52      35.70
9:15pm            257          0          0         89       30.0      30.52      35.70
9:20pm            261          0          0         89       29.9      30.52      35.70
9:25pm            261          0          0         90       30.1      30.52      35.70
9:30pm            272          0          0         90       30.1      30.51      35.70
9:35pm            197          0          0         90       30.0      30.52      35.70
9:40pm            197          0          0         90       29.8      30.51      35.70
9:45pm            240          0          0         90       29.9      30.51      35.70
9:50pm            243          0          0         90       29.9      30.51      35.70
9:55pm            206          0          0         90       29.8      30.51      35.70
10:00pm           206          0          0         90       29.6      30.52      35.70
10:05pm           256          0          0         91       29.6      30.52      35.70
10:10pm           256          0          0         91       29.5      30.52      35.70
10:14pm           256          0          0         92       29.3      30.52      35.70
10:20pm           256          0          0         92       29.3      30.52      35.70
10:25pm           256          0          0         92       29.2      30.52      35.70
10:30pm           256          0          0         92       29.1      30.50      35.70
10:35pm           201          0          0         93       29.3      30.51      35.70
10:40pm           201          0          0         92       29.2      30.51      35.70
10:45pm           248          0          0         93       29.2      30.51      35.70
10:50pm           243          0          0         92       29.2      30.51      35.70
10:55pm           243          0          0         92       28.9      30.51      35.70
11:00pm           153          0          0         93       29.1      30.51      35.70
11:05pm           115          0          0         94       29.6      30.51      35.70
11:10pm            11          0          0         93       30.0      30.51      35.70
11:15pm           152          0          0         93       29.9      30.50      35.70
11:20pm           257          0          0         93       29.9      30.50      35.70
11:25pm            96          1          1         95       30.8      30.50      35.70
11:30pm            99          1          3         95       31.8      30.50      35.70
11:35pm           131          0          1         94       32.1      30.51      35.70
11:40pm            94          1          2         93       32.0      30.50      35.70
11:45pm            61          6          6         90       32.6      30.51      35.70
11:50pm           100          0          7         87       33.1      30.51      35.70
11:55pm           101          4          9         84       33.5      30.51      35.70
