12/13/18
Time         Wind Dir   Wind Spd  Wind Gust   Humidity       Temp  Raw Barom   Tot Rain
                    °        mph        mph          %         °F         in         in
12:00am           225          0          1         87        6.5      30.31      39.83
12:30am           248          0          1         88        5.7      30.32      39.83
1:00am            248          0          1         89        5.1      30.33      39.83
1:30am            270          0          1         89        4.3      30.33      39.83
2:00am            270          0          1         89        3.2      30.35      39.83
2:30am            270          0          0         89        2.3      30.36      39.83
3:00am            270          0          0         89        1.9      30.37      39.83
3:30am            270          0          0         88        1.1      30.38      39.83
4:00am            270          0          0         88        0.9      30.39      39.83
4:30am            270          0          0         88        1.4      30.40      39.83
5:00am            270          0          0         88        0.8      30.41      39.83
5:30am            270          0          0         88        1.1      30.41      39.83
6:00am            270          0          1         87        1.8      30.41      39.83
6:30am            270          0          1         87        0.8      30.44      39.83
7:00am            270          0          1         87        0.6      30.45      39.83
7:30am            270          0          0         87        0.3      30.46      39.83
8:00am            270          0          1         88        1.1      30.47      39.83
8:30am            270          0          0         88        2.7      30.48      39.83
9:00am            270          0          0         89        5.0      30.49      39.83
9:30am            270          0          0         89        9.7      30.50      39.83
10:00am           270          0          0         85       14.5      30.51      39.83
10:30am           270          0          0         75       16.4      30.50      39.83
11:00am           270          0          0         79       16.4      30.49      39.83
11:30am           270          0          0         75       19.0      30.49      39.83
12:00pm            90          1          7         70       19.5      30.50      39.83
12:30pm            90          2          8         71       18.9      30.49      39.83
1:00pm             90          2          6         71       19.8      30.49      39.83
1:30pm             90          2          7         71       20.1      30.49      39.83
2:00pm             90          2          7         71       20.3      30.49      39.83
2:30pm            112          2          6         70       20.8      30.49      39.83
3:15pm            321          0          2         71       21.7      30.50      39.83
3:20pm             93          0          2         71       21.8      30.50      39.83
3:25pm            130          1          4         71       21.8      30.50      39.83
3:30pm            111          0          4         73       21.7      30.50      39.83
3:35pm            148          0          2         73       21.5      30.50      39.83
3:40pm            214          0          2         72       21.4      30.50      39.83
3:45pm            149          0          2         72       21.3      30.50      39.83
3:50pm            103          0          2         73       21.2      30.50      39.83
3:55pm            143          0          2         73       21.1      30.50      39.83
4:00pm            140          0          2         74       20.9      30.50      39.83
4:05pm            214          0          0         74       20.6      30.50      39.83
4:10pm             79          0          0         75       20.4      30.51      39.83
4:15pm             97          0          1         75       20.2      30.51      39.83
4:20pm             83          0          1         76       20.1      30.51      39.83
4:25pm             88          1          1         76       19.8      30.51      39.83
4:30pm            101          0          1         77       19.7      30.51      39.83
4:35pm            101          0          0         77       19.4      30.51      39.83
4:40pm             86          0          1         77       19.4      30.52      39.83
4:45pm             70          0          1         76       19.5      30.52      39.83
4:50pm             70          0          2         76       19.7      30.52      39.83
4:55pm             77          0          2         76       19.8      30.52      39.83
5:00pm             89          1          2         75       20.0      30.52      39.83
5:05pm             98          1          4         75       20.0      30.52      39.83
5:10pm             98          1          4         75       20.0      30.52      39.83
5:15pm             87          1          5         75       20.0      30.52      39.83
5:20pm             98          1          5         75       20.0      30.52      39.83
5:25pm             85          0          5         76       20.0      30.53      39.83
5:30pm             77          0          5         76       20.0      30.53      39.83
5:35pm             95          0          2         76       20.1      30.53      39.83
5:40pm             95          0          2         77       20.1      30.53      39.83
5:45pm            138          1          3         76       20.2      30.53      39.83
5:50pm            178          0          4         77       20.2      30.53      39.83
5:55pm             77          3          5         77       20.2      30.53      39.83
5:59pm            101          0          5         77       20.3      30.53      39.83
6:05pm             95          0          1         77       20.4      30.53      39.83
6:10pm             94          0          4         76       20.4      30.54      39.83
6:15pm            123          0          4         77       20.4      30.54      39.83
6:20pm            104          0          4         77       20.5      30.54      39.83
6:25pm             72          0          4         76       20.5      30.54      39.83
6:30pm             72          0          4         76       20.5      30.54      39.83
6:35pm             72          0          0         77       20.6      30.54      39.83
6:40pm            126          0          0         77       20.7      30.54      39.83
6:45pm             56          0          0         76       20.7      30.54      39.83
6:50pm            118          0          0         77       20.8      30.55      39.83
6:55pm             58          1          3         77       20.9      30.55      39.83
7:00pm            135          0          4         76       20.9      30.55      39.83
7:05pm            100          0          1         77       21.0      30.55      39.83
7:10pm            106          0          2         77       21.1      30.55      39.83
7:15pm             85          0          3         78       21.1      30.55      39.83
7:20pm             80          0          3         77       21.1      30.55      39.83
7:25pm             76          2          3         77       21.0      30.55      39.83
7:30pm            101          0          3         78       21.0      30.55      39.83
7:35pm            102          0          2         79       21.1      30.55      39.83
7:40pm            135          0          2         77       21.1      30.55      39.83
7:45pm             86          0          2         77       21.1      30.55      39.83
7:50pm            141          0          2         77       21.1      30.54      39.83
7:55pm             96          0          2         76       21.1      30.55      39.83
8:00pm             89          0          3         76       21.0      30.55      39.83
8:05pm             86          0          1         77       21.0      30.55      39.83
8:10pm            101          0          1         77       21.1      30.54      39.83
8:15pm            101          0          1         77       21.0      30.54      39.83
8:20pm             77          0          1         77       21.0      30.54      39.83
8:25pm             91          0          1         78       21.0      30.54      39.83
8:30pm            103          0          1         78       21.0      30.54      39.83
8:35pm            103          0          0         78       21.1      30.54      39.83
8:40pm            105          0          0         78       21.1      30.54      39.83
8:45pm            105          0          0         78       21.1      30.54      39.83
8:50pm            105          0          0         78       21.2      30.54      39.83
8:55pm            105          0          0         78       21.2      30.54      39.83
9:00pm            105          0          0         77       21.2      30.54      39.83
9:05pm            105          0          0         77       21.2      30.54      39.83
9:10pm            105          0          0         78       21.2      30.55      39.83
9:15pm            105          0          0         77       21.3      30.55      39.83
9:20pm            105          0          0         78       21.3      30.55      39.83
9:25pm            105          0          0         78       21.3      30.55      39.83
9:30pm            105          0          0         78       21.3      30.55      39.83
9:35pm            105          0          0         78       21.4      30.55      39.83
9:40pm            119          0          0         78       21.5      30.55      39.83
9:45pm            226          0          0         78       21.5      30.55      39.83
9:50pm            176          0          0         78       21.5      30.55      39.83
9:55pm            176          0          0         78       21.6      30.55      39.83
10:00pm           176          0          0         79       21.6      30.55      39.83
10:05pm           176          0          0         79       21.6      30.55      39.83
10:10pm           176          0          0         79       21.7      30.55      39.83
10:15pm           176          0          0         79       21.7      30.55      39.83
10:20pm           176          0          0         79       21.7      30.55      39.83
10:25pm           176          0          0         79       21.7      30.55      39.83
10:30pm           176          0          0         79       21.7      30.55      39.83
10:35pm           176          0          0         80       21.7      30.54      39.83
10:40pm           176          0          0         79       21.8      30.54      39.83
10:45pm            98          0          0         80       21.9      30.54      39.83
10:50pm            83          0          1         80       22.0      30.54      39.83
10:55pm            83          0          1         80       22.0      30.54      39.83
11:00pm            83          0          1         80       22.0      30.54      39.83
11:05pm            84          0          0         81       22.0      30.54      39.83
11:10pm            77          0          2         80       22.1      30.54      39.83
11:15pm            89          0          2         81       22.2      30.54      39.83
11:20pm            80          0          2         81       22.3      30.54      39.83
11:25pm            80          0          2         80       22.3      30.54      39.83
11:30pm            80          0          2         81       22.3      30.54      39.83
11:35pm            80          0          0         80       22.3      30.54      39.83
11:40pm            80          0          0         81       22.3      30.54      39.83
11:45pm            79          0          0         81       22.3      30.54      39.83
11:50pm            79          0          0         81       22.3      30.54      39.83
11:55pm            80          0          0         81       22.3      30.54      39.83
