12/26/18
Time         Wind Dir   Wind Spd  Wind Gust   Humidity       Temp  Raw Barom   Tot Rain
                    °        mph        mph          %         °F         in         in
12:00am           227          0          1         73       14.5      30.25      41.44
12:05am           228          0          0         73       14.4      30.25      41.44
12:10am           227          0          0         74       14.2      30.25      41.44
12:15am           227          0          0         75       14.1      30.25      41.44
12:20am           228          0          0         76       13.9      30.25      41.44
12:25am           227          0          0         77       13.8      30.25      41.44
12:30am           228          0          0         78       13.9      30.25      41.44
12:35am           228          0          1         78       13.9      30.26      41.44
12:40am           227          0          1         77       13.8      30.26      41.44
12:45am           227          0          1         77       13.6      30.26      41.44
12:50am           228          0          1         77       13.3      30.26      41.44
12:55am           227          0          1         78       13.0      30.26      41.44
1:00am            227          0          1         79       12.9      30.26      41.44
1:05am            227          0          0         80       12.9      30.26      41.44
1:10am            228          0          0         80       12.8      30.26      41.44
1:15am            228          0          0         82       12.8      30.26      41.44
1:20am            227          0          0         83       12.6      30.27      41.44
1:25am            227          0          0         83       12.4      30.27      41.44
1:30am            227          0          0         84       12.3      30.27      41.44
1:35am            227          0          0         84       12.2      30.27      41.44
1:40am            227          0          0         85       12.0      30.27      41.44
1:45am            227          0          0         84       11.9      30.28      41.44
1:50am            228          0          0         85       11.7      30.28      41.44
1:55am            227          0          0         86       11.7      30.28      41.44
2:00am            228          0          0         86       11.8      30.28      41.44
2:05am            227          0          0         87       11.9      30.29      41.44
2:10am            227          0          0         86       11.9      30.29      41.44
2:15am            227          0          0         86       11.9      30.29      41.44
2:20am            227          0          0         86       11.8      30.29      41.44
2:25am            227          0          0         86       11.7      30.30      41.44
2:30am            228          0          0         86       11.7      30.30      41.44
2:35am            228          0          0         86       11.7      30.30      41.44
2:40am            228          0          0         86       11.7      30.30      41.44
2:45am            227          0          0         85       11.6      30.30      41.44
2:50am            227          0          0         85       11.8      30.29      41.44
2:55am            228          0          0         85       11.8      30.29      41.44
3:00am            227          0          0         84       11.8      30.29      41.44
3:05am            249          0          0         84       12.0      30.29      41.44
3:10am            248          0          0         83       12.3      30.29      41.44
3:15am            248          0          0         83       12.4      30.29      41.44
3:20am            263          0          0         83       12.4      30.29      41.44
3:25am            264          0          1         83       12.3      30.29      41.44
3:30am            264          0          1         83       12.2      30.29      41.44
3:35am            247          0          0         83       12.0      30.29      41.44
3:40am            247          0          0         83       11.7      30.29      41.44
3:45am            248          0          0         84       11.5      30.29      41.44
3:50am            288          0          1         84       11.6      30.29      41.44
3:55am            272          0          1         84       11.5      30.30      41.44
4:00am            230          0          1         84       11.5      30.30      41.44
4:05am            238          0          0         84       11.4      30.30      41.44
4:10am            240          0          1         85       11.3      30.30      41.44
4:15am            231          0          1         85       11.3      30.30      41.44
4:20am            217          0          1         85       11.2      30.30      41.44
4:25am            243          0          1         85       11.2      30.30      41.44
4:30am            236          0          1         85       11.3      30.30      41.44
4:35am            240          0          1         85       11.4      30.31      41.44
4:40am            239          0          1         85       11.3      30.31      41.44
4:45am            239          0          1         85       11.0      30.30      41.44
4:50am            239          0          1         85       10.8      30.31      41.44
4:55am            239          0          1         85       10.6      30.31      41.44
5:00am            239          0          1         86       10.5      30.31      41.44
5:05am            239          0          0         86       10.4      30.31      41.44
5:10am            239          0          0         86       10.4      30.31      41.44
5:15am            239          0          0         86       10.3      30.31      41.44
5:20am            239          0          0         87       10.3      30.31      41.44
5:25am            239          0          0         87       10.5      30.31      41.44
5:30am            239          0          0         87       10.5      30.31      41.44
5:35am            239          0          0         87       10.4      30.31      41.44
5:40am            239          0          0         88       10.4      30.32      41.44
5:45am            269          0          1         88       10.7      30.32      41.44
5:50am            229          1          1         88       10.8      30.32      41.44
5:55am            251          0          1         88       10.8      30.32      41.44
6:00am            252          0          1         88       10.6      30.32      41.44
6:05am            252          0          0         88       10.5      30.32      41.44
6:10am            252          0          1         89       10.4      30.32      41.44
6:15am            267          0          1         89       10.5      30.32      41.44
6:20am            249          0          1         89       10.7      30.33      41.44
6:25am            249          0          1         88       11.0      30.33      41.44
6:30am            253          0          1         87       11.4      30.33      41.44
6:35am            279          0          1         86       11.6      30.33      41.44
6:40am            261          0          1         86       11.7      30.34      41.44
6:45am            262          0          1         86       11.8      30.33      41.44
6:50am            271          0          1         86       11.9      30.34      41.44
6:55am            260          0          1         86       11.9      30.34      41.44
7:00am            274          0          1         85       11.7      30.34      41.44
7:05am            274          0          1         87       11.5      30.34      41.44
7:10am            263          0          1         87       11.5      30.34      41.44
7:15am            268          0          1         87       11.7      30.34      41.44
7:20am            248          0          1         86       11.9      30.34      41.44
7:25am            271          0          1         85       11.9      30.34      41.44
7:30am            271          0          1         85       11.8      30.34      41.44
7:35am            271          0          0         84       11.6      30.35      41.44
7:40am            271          0          0         84       11.4      30.35      41.44
7:45am            271          0          0         84       11.5      30.35      41.44
7:50am            266          0          0         83       11.6      30.35      41.44
7:55am            285          0          0         82       12.0      30.35      41.44
8:00am            272          0          0         81       12.4      30.36      41.44
8:05am            272          0          0         80       12.6      30.36      41.44
8:10am            272          0          0         81       12.6      30.36      41.44
8:15am            272          0          0         81       12.6      30.37      41.44
8:20am            264          0          1         81       12.9      30.37      41.44
8:25am            266          0          2         78       13.8      30.38      41.44
8:30am            266          0          2         75       14.8      30.38      41.44
8:35am            301          0          3         73       15.4      30.37      41.44
8:40am            277          1          3         72       16.0      30.38      41.44
8:45am            265          0          3         72       16.3      30.38      41.44
8:50am            272          1          3         71       16.5      30.38      41.44
8:55am            275          1          3         71       16.7      30.38      41.44
9:00am            264          1          3         70       16.9      30.38      41.44
9:05am            258          0          6         69       17.2      30.38      41.44
9:10am            261          0          6         69       17.7      30.38      41.44
9:15am            279          2          6         67       17.9      30.38      41.44
9:20am            284          2          6         66       18.3      30.38      41.44
9:25am            266          1          6         66       18.8      30.38      41.44
9:30am            257          2          6         64       18.9      30.38      41.44
9:35am            254          1          4         63       19.2      30.38      41.44
9:40am            266          2          4         63       19.6      30.38      41.44
9:45am            267          3          5         62       19.8      30.38      41.44
9:50am            199          0          5         62       20.2      30.38      41.44
9:55am            287          2          6         62       20.4      30.38      41.44
10:00am           278          2          6         61       20.6      30.38      41.44
10:05am           268          3          5         61       20.9      30.38      41.44
10:10am           296          4          8         61       21.1      30.37      41.44
10:15am           278          7          8         60       21.4      30.37      41.44
10:20am           228          1          8         60       21.4      30.37      41.44
10:25am           275          3          8         61       21.8      30.37      41.44
10:30am           236          1          8         60       22.3      30.37      41.44
10:35am           238          1          8         60       22.6      30.37      41.44
10:40am           250          1          8         59       23.1      30.37      41.44
10:45am           253          4          8         59       23.4      30.37      41.44
10:50am           238          2          8         59       23.7      30.36      41.44
10:55am           292          3          8         59       24.0      30.37      41.44
11:00am           271          5          8         60       24.3      30.36      41.44
11:05am           276          4          7         58       24.6      30.36      41.44
11:10am           279          0          7         59       24.6      30.36      41.44
11:15am           276          3          7         57       25.0      30.36      41.44
11:20am           277          4          7         58       25.3      30.35      41.44
11:25am           264          2          7         58       25.4      30.35      41.44
11:30am           276          7          7         57       25.5      30.35      41.44
11:35am           270          3          8         58       25.9      30.34      41.44
11:40am           270          3          8         58       26.1      30.34      41.44
11:45am           264          2          8         56       26.3      30.34      41.44
11:50am           267          1          8         55       26.0      30.34      41.44
11:55am           220          0          8         58       26.1      30.33      41.44
12:00pm           273          1          8         56       26.3      30.33      41.44
12:05pm           264          2          6         56       26.6      30.33      41.44
12:10pm           262          1          6         57       27.5      30.33      41.44
12:15pm           250          1          6         55       27.9      30.33      41.44
12:20pm           259          2          8         53       28.0      30.33      41.44
12:25pm           276          2          8         55       28.1      30.33      41.44
12:30pm           250          1          8         53       28.5      30.33      41.44
12:35pm           231          2          8         54       28.7      30.32      41.44
12:40pm           269          2          8         55       29.4      30.32      41.44
12:45pm           229          5         10         53       29.5      30.32      41.44
12:50pm           276          4         10         54       29.3      30.32      41.44
12:55pm           275          4         10         54       28.9      30.32      41.44
1:00pm            276          6         10         55       28.8      30.33      41.44
1:05pm            234          4         12         56       29.1      30.33      41.44
1:10pm            252          4         12         56       29.7      30.33      41.44
1:15pm            265          3         12         55       29.7      30.33      41.44
1:20pm            269          4         12         56       29.3      30.33      41.44
1:25pm            282          7         12         57       28.8      30.33      41.44
1:30pm            243          6         12         58       28.4      30.33      41.44
1:35pm            283          6         11         58       28.1      30.33      41.44
1:40pm            259          6         11         58       28.5      30.33      41.44
1:45pm            250          3         11         58       28.4      30.33      41.44
1:50pm            267          8         11         59       28.2      30.33      41.44
1:55pm            275          6         11         60       28.0      30.33      41.44
2:00pm            231          3         11         61       28.1      30.33      41.44
2:05pm            285          4          8         61       28.0      30.33      41.44
2:10pm            259          2          8         61       28.0      30.33      41.44
2:15pm            272          5          8         62       28.0      30.33      41.44
2:20pm            252          2         10         61       28.2      30.33      41.44
2:25pm            252          2         10         60       28.5      30.33      41.44
2:30pm            278          5         10         61       28.2      30.33      41.44
2:35pm            261          1          5         61       28.1      30.33      41.44
2:40pm            259          0          5         62       28.1      30.33      41.44
2:45pm            274          2          5         62       28.0      30.33      41.44
2:50pm            308          5          7         62       27.8      30.33      41.44
2:55pm            236          1          7         62       27.8      30.33      41.44
3:00pm            262          3         11         62       27.7      30.33      41.44
3:05pm            259          7         11         61       27.7      30.33      41.44
3:10pm            239          5         11         62       27.8      30.33      41.44
3:15pm            256          5         12         62       27.8      30.33      41.44
3:20pm            249          2         12         62       27.7      30.33      41.44
3:25pm            219          1         12         62       27.7      30.33      41.44
3:30pm            275          2         12         63       27.8      30.34      41.44
3:35pm            251          4          7         63       27.8      30.34      41.44
3:40pm            269          7          9         62       27.7      30.34      41.44
3:45pm            233          0          9         63       27.7      30.34      41.44
3:50pm            226          0          9         64       27.7      30.34      41.44
3:55pm            248          0          9         64       27.5      30.34      41.44
4:00pm            298          3          9         64       27.4      30.34      41.44
4:05pm            288          3          8         64       27.3      30.34      41.44
4:10pm            247          4          8         65       27.2      30.34      41.44
4:15pm            257          1          8         66       27.1      30.34      41.44
4:20pm            255          0          8         66       27.0      30.34      41.44
4:25pm            278          1          8         66       26.9      30.34      41.44
4:30pm            240          2          8         67       26.6      30.34      41.44
4:35pm            252          3          4         67       26.5      30.34      41.44
4:40pm            260          2          6         67       26.5      30.34      41.44
4:45pm            255          4          6         68       26.3      30.34      41.44
4:50pm            269          3         10         69       26.2      30.34      41.44
4:55pm            238          3         10         69       26.0      30.34      41.44
5:00pm            311          3         10         69       25.9      30.34      41.44
5:05pm            273          3          6         70       25.9      30.34      41.44
5:10pm            276          2          6         70       25.8      30.34      41.44
5:15pm            256          0          6         71       25.7      30.35      41.44
5:20pm            257          0          6         71       25.5      30.35      41.44
5:25pm            255          0          6         71       25.3      30.35      41.44
5:30pm            251          1          6         72       25.1      30.35      41.44
5:35pm            264          0          1         72       25.0      30.35      41.44
5:40pm            271          0          1         73       24.7      30.34      41.44
5:45pm            271          0          1         73       24.6      30.34      41.44
5:50pm            271          0          1         74       24.5      30.35      41.44
5:55pm            271          0          1         74       24.4      30.35      41.44
6:00pm            282          0          1         74       24.3      30.35      41.44
6:05pm            281          0          0         75       24.2      30.34      41.44
6:10pm            276          0          0         75       23.9      30.34      41.44
6:15pm            251          1          1         76       23.9      30.34      41.44
6:20pm            274          0          1         76       23.9      30.35      41.44
6:25pm            264          0          1         76       23.9      30.35      41.44
6:30pm            272          0          2         77       23.8      30.35      41.44
6:35pm            267          1          2         77       23.8      30.35      41.44
6:40pm            281          2          4         78       23.8      30.34      41.44
6:45pm            265          0          4         78       23.8      30.35      41.44
6:50pm            261          1          4         79       23.6      30.35      41.44
6:55pm            250          0          4         80       23.4      30.35      41.44
6:59pm            262          0          4         80       23.2      30.35      41.44
7:05pm            281          1          2         81       23.3      30.35      41.44
7:10pm            276          0          2         81       23.4      30.34      41.44
7:15pm            273          0          2         81       23.3      30.34      41.44
7:20pm            266          0          2         82       23.4      30.34      41.44
7:25pm            266          0          2         82       23.3      30.35      41.44
7:30pm            266          0          2         82       23.2      30.35      41.44
7:35pm            263          0          1         83       23.0      30.34      41.44
7:40pm            263          0          1         83       22.9      30.34      41.44
7:45pm            265          0          1         84       22.9      30.34      41.44
7:50pm            264          0          1         84       23.0      30.34      41.44
7:55pm            274          0          1         84       23.1      30.34      41.44
8:00pm            265          0          1         84       23.2      30.34      41.44
8:05pm            265          0          1         84       23.2      30.34      41.44
8:10pm            265          0          1         84       23.0      30.34      41.44
8:15pm            268          0          1         85       23.0      30.34      41.44
8:20pm            258          0          1         85       22.9      30.34      41.44
8:25pm            264          0          1         86       23.0      30.33      41.44
8:30pm            255          0          1         86       23.2      30.33      41.44
8:35pm            276          0          1         85       23.3      30.33      41.44
8:40pm            285          1          2         85       23.4      30.33      41.44
8:45pm            246          0          2         85       23.5      30.33      41.44
8:50pm            250          0          2         86       23.6      30.33      41.44
8:55pm            264          0          2         86       23.6      30.33      41.44
9:00pm            278          0          2         86       23.6      30.33      41.44
9:05pm            265          0          1         86       23.6      30.33      41.44
9:10pm            263          0          1         86       23.5      30.33      41.44
9:15pm            263          0          3         86       23.6      30.33      41.44
9:20pm            276          2          3         86       23.8      30.33      41.44
9:25pm            249          0          3         86       24.0      30.33      41.44
9:30pm            286          1          3         86       24.0      30.33      41.44
9:35pm            278          0          2         86       24.0      30.33      41.44
9:40pm            248          0          2         87       24.1      30.33      41.44
9:45pm            236          0          2         87       24.2      30.33      41.44
9:50pm            261          0          2         87       24.4      30.33      41.44
9:55pm            249          0          2         87       24.5      30.33      41.44
10:00pm           255          0          2         87       24.7      30.33      41.44
10:05pm           271          0          3         87       24.9      30.33      41.44
10:10pm           231          0          3         86       25.1      30.33      41.44
10:15pm           250          1          3         86       25.2      30.33      41.44
10:20pm           229          0          3         86       25.4      30.33      41.44
10:25pm           247          3          3         86       25.6      30.33      41.44
10:30pm           274          1          5         85       25.9      30.33      41.44
10:35pm           268          2          6         85       26.0      30.34      41.44
10:40pm           256          0          6         85       26.2      30.33      41.44
10:45pm           262          0          6         85       26.4      30.34      41.44
10:50pm           238          1          6         85       26.6      30.33      41.44
10:55pm           269          2          6         85       26.7      30.34      41.44
11:00pm           252          1          6         85       26.9      30.34      41.44
11:05pm           245          1          4         85       27.0      30.34      41.44
11:10pm           243          1          6         85       27.0      30.34      41.44
11:15pm           262          2          6         85       27.0      30.34      41.44
11:20pm           272          2         10         85       27.0      30.34      41.44
11:25pm           250          1         10         85       27.1      30.33      41.44
11:30pm           283          1         10         85       27.0      30.34      41.44
11:35pm           271          3          4         85       27.1      30.35      41.44
11:40pm           234          1          5         85       27.3      30.35      41.44
11:45pm           292          1          5         85       27.5      30.35      41.44
11:50pm           272          1          5         85       27.6      30.35      41.44
11:55pm           266          1          5         85       27.6      30.36      41.44
