1/12/19
Time         Wind Dir   Wind Spd  Wind Gust   Humidity       Temp  Raw Barom   Tot Rain
                    °        mph        mph          %         °F         in         in
12:00am           221          0          6         75        2.2      30.29       0.64
12:05am           266          0          1         75        2.1      30.29       0.64
12:10am           252          0          1         75        1.9      30.29       0.64
12:15am           229          0          3         75        2.0      30.30       0.64
12:20am           278          0          4         75        2.0      30.30       0.64
12:25am           238          0          4         75        1.9      30.30       0.64
12:30am           235          0          4         75        1.8      30.30       0.64
12:35am           194          0          1         76        1.8      30.31       0.64
12:40am           187          0          1         76        1.8      30.31       0.64
12:45am           266          0          1         76        1.6      30.31       0.64
12:50am           271          0          1         76        1.7      30.31       0.64
12:55am           136          0          1         76        1.5      30.31       0.64
1:00am            262          0          1         77        1.3      30.31       0.64
1:05am            203          0          0         77        1.1      30.31       0.64
1:10am            237          0          0         78        1.0      30.31       0.64
1:15am            247          0          1         78        1.2      30.31       0.64
1:20am            258          0          1         77        1.2      30.31       0.64
1:25am            265          0          1         77        1.1      30.31       0.64
1:30am            240          0          1         78        1.0      30.31       0.64
1:35am            248          0          0         78        0.9      30.32       0.64
1:40am            233          0          0         78        0.9      30.32       0.64
1:45am            245          0          0         78        0.8      30.32       0.64
1:50am            229          0          0         79        0.7      30.32       0.64
1:55am            242          0          0         79        0.6      30.32       0.64
2:00am            241          0          1         79        0.6      30.32       0.64
2:05am            238          0          0         79        0.6      30.33       0.64
2:10am            245          0          0         79        0.5      30.33       0.64
2:15am            287          0          0         79        0.5      30.33       0.64
2:20am            252          0          0         79        0.7      30.34       0.64
2:25am            277          0          0         79        0.7      30.34       0.64
2:30am            232          0          1         78        0.7      30.34       0.64
2:35am            295          0          1         79        0.7      30.34       0.64
2:40am            255          0          1         78        0.7      30.34       0.64
2:45am            219          0          1         79        0.8      30.35       0.64
2:50am            262          0          1         79        0.8      30.34       0.64
2:55am            243          0          1         79        0.8      30.34       0.64
3:00am            278          0          1         79        0.8      30.35       0.64
3:05am            238          0          1         78        1.0      30.34       0.64
3:10am            276          0          1         78        0.9      30.34       0.64
3:15am            239          0          1         79        1.0      30.34       0.64
3:20am            238          0          1         78        1.0      30.34       0.64
3:25am            229          0          1         79        0.8      30.34       0.64
3:30am            224          0          1         79        0.8      30.34       0.64
3:35am            229          0          0         79        0.6      30.34       0.64
3:40am            256          0          0         79        0.6      30.35       0.64
3:45am            238          0          0         80        0.6      30.35       0.64
3:50am            220          0          1         80        0.8      30.35       0.64
3:55am            266          0          1         80        0.9      30.35       0.64
4:00am            257          0          1         80        1.0      30.35       0.64
4:05am            226          0          1         80        1.1      30.35       0.64
4:10am            186          0          1         80        1.0      30.35       0.64
4:15am            255          0          1         80        1.0      30.35       0.64
4:20am            208          0          1         80        1.0      30.36       0.64
4:25am            224          0          1         80        1.0      30.36       0.64
4:30am            232          0          1         80        1.1      30.36       0.64
4:35am            268          0          1         80        1.2      30.36       0.64
4:40am            230          0          1         79        1.1      30.36       0.64
4:45am            245          0          5         79        1.3      30.36       0.64
4:50am            284          0          5         79        1.4      30.36       0.64
4:55am            271          0          5         79        1.4      30.36       0.64
5:00am            245          0          5         79        1.4      30.36       0.64
5:05am            281          0          1         79        1.4      30.37       0.64
5:10am            268          0          5         79        1.5      30.37       0.64
5:15am            233          0          5         79        1.5      30.37       0.64
5:20am            278          0          5         79        1.5      30.37       0.64
5:25am            254          0          5         79        1.4      30.37       0.64
5:30am            232          0          5         79        1.4      30.37       0.64
5:35am            270          0          1         79        1.4      30.38       0.64
5:40am            253          0          1         79        1.3      30.38       0.64
5:45am            254          0          1         79        1.2      30.38       0.64
5:50am            244          0          1         80        1.3      30.38       0.64
5:55am            250          0          1         80        1.4      30.38       0.64
6:00am            230          0          1         80        1.4      30.38       0.64
6:05am            252          0          4         80        1.6      30.38       0.64
6:10am            271          0          4         79        1.8      30.38       0.64
6:15am            291          1          5         78        2.0      30.38       0.64
6:20am            266          0          5         78        2.1      30.39       0.64
6:25am            269          0          5         78        2.2      30.39       0.64
6:30am            243          0          5         78        2.3      30.39       0.64
6:35am            208          0          1         77        2.2      30.39       0.64
6:40am            265          0          3         77        2.2      30.39       0.64
6:45am            263          0          3         77        2.0      30.39       0.64
6:50am            278          0          3         77        1.9      30.40       0.64
6:55am            264          0          3         77        1.8      30.40       0.64
7:00am            238          0          3         77        1.7      30.40       0.64
7:05am            225          0          1         78        1.5      30.40       0.64
7:10am            220          0          1         78        1.3      30.40       0.64
7:15am            189          0          1         78        1.0      30.41       0.64
7:20am            269          0          1         78        0.9      30.41       0.64
7:25am            263          0          1         78        0.7      30.41       0.64
7:30am            259          0          1         78        0.5      30.41       0.64
7:35am            281          0          0         78        0.3      30.42       0.64
7:40am            240          0          0         79        0.2      30.42       0.64
7:45am            284          0          0         79        0.3      30.42       0.64
7:50am            252          0          0         79        0.4      30.43       0.64
7:55am            252          0          0         79        0.2      30.43       0.64
8:00am            254          0          0         80        0.1      30.43       0.64
8:05am            285          0          0         80        0.6      30.43       0.64
8:10am            265          0          0         79        1.1      30.43       0.64
8:15am            260          0          0         79        1.6      30.43       0.64
8:20am            292          0          0         77        2.1      30.43       0.64
8:25am            271          0          0         77        2.6      30.43       0.64
8:30am            281          0          3         76        3.4      30.43       0.64
8:35am            312          4          7         74        4.1      30.44       0.64
8:40am            272          2          7         73        4.5      30.43       0.64
8:45am            264          2          7         72        4.8      30.44       0.64
8:50am            288          5          9         71        5.1      30.44       0.64
8:55am            270          6         10         70        5.5      30.44       0.64
9:00am            276          1         10         70        5.6      30.44       0.64
9:05am            270          0          9         70        5.8      30.45       0.64
9:10am            257          1          9         70        5.9      30.45       0.64
9:14am            283          7         12         69        6.2      30.45       0.64
9:20am            262          1         12         69        6.4      30.45       0.64
9:25am            270          0         12         68        6.5      30.45       0.64
9:30am            281          7         12         69        6.7      30.46       0.64
9:35am            290          6         10         68        6.9      30.45       0.64
9:40am            326          8         10         68        7.1      30.45       0.64
9:45am            273          0         10         69        7.4      30.45       0.64
9:50am            290          2         10         68        7.8      30.46       0.64
9:55am            283          1         10         68        8.2      30.45       0.64
10:00am           264          3         10         68        8.5      30.45       0.64
10:05am           257          0          4         69        9.0      30.45       0.64
10:10am           295          5          6         68        9.6      30.45       0.64
10:15am           187          0         10         64        9.8      30.45       0.64
10:20am           271          1         11         64        9.9      30.45       0.64
10:25am           236          0         11         64       10.3      30.45       0.64
10:30am           287          1         11         65       10.6      30.45       0.64
10:35am           328          2          8         62       10.5      30.45       0.64
10:40am           344          1          9         63       10.7      30.45       0.64
10:45am             4          2          9         63       10.8      30.45       0.64
10:50am           266          1          9         62       10.9      30.45       0.64
10:55am           240          1          9         61       11.1      30.44       0.64
11:00am           273          6          9         62       11.3      30.44       0.64
11:05am           264          3          9         60       11.4      30.44       0.64
11:10am           287          3          9         60       11.5      30.44       0.64
11:15am           273          0          9         61       11.7      30.44       0.64
11:20am           231          0          9         60       12.0      30.43       0.64
11:25am           301          0         11         59       12.1      30.43       0.64
11:30am           262          1         11         61       12.4      30.43       0.64
11:35am           271          6          8         60       12.5      30.43       0.64
11:40am           240          0          9         61       13.0      30.43       0.64
11:45am           300          1          9         59       13.2      30.43       0.64
11:50am           257          0         10         57       13.1      30.43       0.64
11:55am           260          3         10         59       13.3      30.42       0.64
12:00pm           257          3         10         59       13.7      30.42       0.64
12:05pm           253          3         10         58       13.6      30.42       0.64
12:10pm           257          1         13         59       13.4      30.42       0.64
12:15pm           284          6         17         58       13.8      30.42       0.64
12:20pm            91          0         17         59       14.1      30.42       0.64
12:25pm           260          8         17         58       14.1      30.42       0.64
12:30pm           268         10         17         57       14.0      30.42       0.64
12:35pm           316          1         13         57       14.1      30.42       0.64
12:40pm           296          3         13         57       14.5      30.43       0.64
12:45pm             3          8         13         55       14.9      30.42       0.64
12:50pm           257          4         13         54       14.9      30.42       0.64
12:55pm           271          6         13         56       15.3      30.42       0.64
1:00pm            238          1         16         54       15.6      30.42       0.64
1:05pm            226          0          7         54       16.0      30.42       0.64
1:10pm            328          2          9         54       16.6      30.42       0.64
1:15pm            265          6          9         53       17.0      30.42       0.64
1:20pm            283          3          9         52       17.1      30.42       0.64
1:25pm            221          2         11         53       17.1      30.42       0.64
1:30pm            275          7         12         53       17.4      30.43       0.64
1:35pm            153          2          7         52       17.7      30.43       0.64
1:40pm            121          1          8         53       18.0      30.43       0.64
1:45pm            255          4          8         52       18.5      30.43       0.64
1:50pm            293          4          8         50       18.3      30.43       0.64
1:55pm            240          9         10         51       17.8      30.43       0.64
2:00pm            275          2         10         53       17.7      30.43       0.64
2:05pm            262          1         12         52       17.7      30.43       0.64
2:10pm            275          4         12         54       17.8      30.43       0.64
2:15pm            240          3         12         52       17.4      30.43       0.64
2:20pm            269          8         12         52       17.6      30.43       0.64
2:25pm            252          2         12         52       17.6      30.43       0.64
2:30pm            236          4         12         52       17.6      30.43       0.64
2:35pm            171          0         13         53       17.4      30.43       0.64
2:40pm            279          0         13         53       17.2      30.43       0.64
2:45pm            266          0         13         56       17.1      30.43       0.64
2:50pm              6          3         13         54       17.2      30.43       0.64
2:55pm            277          7         13         55       16.9      30.44       0.64
3:00pm            243          2         13         54       16.7      30.43       0.64
3:05pm            276          0         11         54       16.8      30.43       0.64
3:10pm            278          3         14         54       16.6      30.43       0.64
3:15pm            311          0         14         56       16.4      30.43       0.64
3:20pm            262          9         14         56       16.5      30.43       0.64
3:25pm            283          6         14         56       16.3      30.43       0.64
3:30pm            250          0         14         57       16.4      30.43       0.64
3:35pm            136          0          6         58       16.6      30.43       0.64
3:40pm            286          0          6         57       17.0      30.44       0.64
3:45pm            281          0          6         56       16.6      30.44       0.64
3:50pm            297          1          6         58       15.6      30.44       0.64
3:55pm            260          0          6         59       14.9      30.44       0.64
4:00pm            242          0          6         60       14.3      30.44       0.64
4:05pm            164          0          1         61       14.0      30.44       0.64
4:10pm            245          0          1         62       13.7      30.45       0.64
4:15pm            278          2          5         62       13.5      30.45       0.64
4:20pm            242          0          5         63       13.2      30.45       0.64
4:25pm            259          0          5         64       12.9      30.45       0.64
4:29pm            236          0          5         64       12.7      30.45       0.64
4:35pm            274          1          1         65       12.5      30.45       0.64
4:40pm            229          1          6         66       12.2      30.45       0.64
4:45pm            217          0          6         66       11.8      30.45       0.64
4:50pm            271          0          6         66       11.9      30.46       0.64
4:55pm            243          0          6         67       11.9      30.46       0.64
5:00pm            303          3          6         67       11.8      30.45       0.64
5:05pm            221          0          6         68       11.7      30.45       0.64
5:10pm            225          0          6         67       11.5      30.46       0.64
5:15pm            223          0          6         67       11.4      30.46       0.64
5:20pm            226          0          6         68       11.1      30.47       0.64
5:25pm            247          0          6         70       10.7      30.46       0.64
5:30pm            259          0          6         70       10.6      30.47       0.64
5:35pm            265          0          1         70       10.4      30.47       0.64
5:40pm            249          0          2         71       10.3      30.47       0.64
5:45pm            240          0          2         71       10.1      30.47       0.64
5:50pm            238          0          2         72        9.7      30.47       0.64
5:55pm            263          0          2         73        9.4      30.47       0.64
6:00pm            263          0          2         73        9.2      30.47       0.64
6:04pm            269          0          1         73        9.1      30.47       0.64
6:10pm            247          0          2         73        9.1      30.47       0.64
6:15pm            248          0          2         74        8.8      30.47       0.64
6:20pm            252          0          4         75        8.9      30.47       0.64
6:25pm            234          0          4         75        8.8      30.47       0.64
6:30pm            238          0          4         75        8.8      30.47       0.64
6:35pm            255          0          1         75        8.7      30.47       0.64
6:40pm            280          0          1         74        8.8      30.47       0.64
6:45pm            265          0          1         74        8.8      30.47       0.64
6:50pm            265          0          2         74        8.6      30.47       0.64
6:55pm            349          0          2         74        8.7      30.48       0.64
7:00pm            265          0          2         75        8.4      30.48       0.64
7:05pm            266          0          1         75        8.4      30.48       0.64
7:10pm            266          0          1         75        8.0      30.48       0.64
7:15pm            266          0          1         76        7.6      30.48       0.64
7:20pm            273          0          1         77        7.7      30.48       0.64
7:25pm            240          0          2         76        8.1      30.47       0.64
7:30pm             84          0          2         75        8.2      30.47       0.64
7:35pm             79          0          2         75        8.1      30.48       0.64
7:40pm            358          0          3         74        8.3      30.48       0.64
7:45pm             27          0          3         73        8.0      30.48       0.64
7:50pm             58          0          3         74        7.9      30.48       0.64
7:55pm            202          0          3         74        7.6      30.48       0.64
8:00pm            211          0          3         75        7.2      30.48       0.64
8:05pm            212          0          0         76        7.0      30.48       0.64
8:10pm            207          0          0         76        6.7      30.48       0.64
8:15pm            229          0          1         77        6.6      30.48       0.64
8:20pm            229          0          1         77        6.3      30.48       0.64
8:25pm            229          0          1         78        6.0      30.48       0.64
8:30pm            229          0          1         78        5.6      30.47       0.64
8:35pm            203          0          0         79        5.5      30.47       0.64
8:40pm             89          0          1         80        6.1      30.47       0.64
8:45pm             89          0          1         78        6.4      30.48       0.64
8:50pm             89          0          1         78        6.3      30.48       0.64
8:55pm             89          0          1         78        6.1      30.48       0.64
9:00pm            283          0          1         79        6.0      30.48       0.64
9:05pm            283          0          0         79        5.8      30.48       0.64
9:10pm            258          0          0         79        5.5      30.49       0.64
9:15pm            258          0          0         80        5.2      30.49       0.64
9:20pm            239          0          0         80        5.0      30.49       0.64
9:25pm            239          0          0         80        4.7      30.49       0.64
9:30pm            239          0          0         81        4.6      30.49       0.64
9:35pm            269          0          1         81        4.6      30.49       0.64
9:40pm            269          0          1         81        4.4      30.49       0.64
9:45pm            269          0          1         81        4.1      30.49       0.64
9:50pm            269          0          1         82        4.0      30.50       0.64
9:55pm             18          0          1         83        4.3      30.49       0.64
10:00pm            35          0          1         83        4.7      30.49       0.64
10:05pm            19          0          0         82        5.0      30.49       0.64
10:10pm           275          0          1         81        5.5      30.50       0.64
10:15pm            97          0          1         80        5.3      30.50       0.64
10:20pm           207          0          1         81        5.1      30.49       0.64
10:25pm           261          0          2         81        5.2      30.49       0.64
10:30pm            86          0          2         80        5.4      30.49       0.64
10:35pm            41          0          1         80        5.5      30.49       0.64
10:40pm           349          1          1         79        5.6      30.49       0.64
10:45pm            59          0          1         79        5.4      30.48       0.64
10:50pm           313          0          1         79        5.1      30.48       0.64
10:55pm           162          0          1         79        5.1      30.48       0.64
11:00pm           289          0          6         78        5.2      30.48       0.64
11:05pm           149          0          1         78        5.2      30.48       0.64
11:10pm           282          1          2         78        5.0      30.48       0.64
11:15pm           193          0          2         78        4.9      30.48       0.64
11:20pm           267          0          2         78        4.6      30.48       0.64
11:25pm           313          0          5         79        4.4      30.47       0.64
11:30pm            50          0          5         78        4.4      30.47       0.64
11:35pm           147          0          0         79        4.3      30.48       0.64
11:40pm           266          0          1         79        4.1      30.47       0.64
11:45pm           178          0          1         80        4.1      30.47       0.64
11:50pm            24          0          1         80        4.0      30.47       0.64
11:55pm           148          0          1         80        3.7      30.47       0.64
