1/9/19
Time         Wind Dir   Wind Spd  Wind Gust   Humidity       Temp  Raw Barom   Tot Rain
                    °        mph        mph          %         °F         in         in
12:00am            90          2          5         96       30.7      29.54       0.64
12:30am            90          3          7         97       30.9      29.52       0.64
1:00am             90          2          6         97       30.8      29.51       0.64
1:30am             90          3          6         97       30.8      29.49       0.64
2:00am             90          3          6         97       31.0      29.47       0.64
2:30am             90          4          7         97       31.4      29.43       0.64
3:00am             90          2          6         97       31.8      29.43       0.64
3:30am             90          1          4         97       32.2      29.40       0.64
4:00am             90          1          2         97       32.1      29.37       0.64
4:30am             90          1          3         97       32.0      29.34       0.64
5:00am             90          1          4         97       31.9      29.32       0.64
5:30am             90          0          0         97       31.8      29.32       0.64
6:00am             90          0          0         97       31.8      29.31       0.64
6:30am             90          0          0         97       31.8      29.29       0.64
7:00am             90          0          0         97       31.7      29.28       0.64
7:30am             90          0          0         97       31.7      29.27       0.64
8:00am             90          0          0         97       31.8      29.27       0.64
8:30am             90          0          0         97       31.9      29.27       0.64
9:00am             90          0          0         97       32.1      29.27       0.64
9:30am             90          0          0         97       32.3      29.27       0.64
10:00am            90          0          0         97       32.2      29.26       0.64
10:30am            90          0          0         97       32.4      29.26       0.64
11:00am            90          0          0         97       32.4      29.25       0.64
11:30am            90          0          0         97       32.1      29.24       0.64
12:00pm            90          0          0         97       31.8      29.23       0.64
12:30pm            90          0          0         96       31.9      29.24       0.64
1:00pm             90          0          0         96       32.2      29.25       0.64
1:30pm             90          0          0         97       32.2      29.25       0.64
2:00pm             90          0          0         97       32.1      29.26       0.64
2:30pm             90          0          0         97       32.0      29.27       0.64
3:00pm             90          0          0         97       32.1      29.28       0.64
3:30pm             90          0          0         96       32.3      29.30       0.64
4:00pm             90          0          0         93       32.3      29.30       0.64
4:30pm             90          0          0         92       32.2      29.31       0.64
5:00pm             90          0          0         91       31.9      29.32       0.64
5:30pm             90          0          0         92       31.4      29.33       0.64
6:00pm             90          0          0         92       30.9      29.33       0.64
6:30pm             90          0          0         93       30.8      29.34       0.64
7:00pm             90          0          0         93       30.9      29.34       0.64
7:30pm             90          0          0         95       30.7      29.34       0.64
8:00pm             90          0          0         94       30.3      29.33       0.64
8:30pm             90          0          0         92       29.9      29.32       0.64
9:00pm             90          0          0         92       29.5      29.32       0.64
9:30pm             90          0          0         92       29.1      29.33       0.64
10:00pm            90          0          0         92       28.6      29.32       0.64
10:30pm            90          0          0         93       27.9      29.33       0.64
11:00pm            90          0          0         93       27.6      29.32       0.64
11:30pm            90          0          0         93       27.2      29.31       0.64
