1/19/19
Time         Wind Dir   Wind Spd  Wind Gust   Humidity       Temp  Raw Barom   Tot Rain
                    °        mph        mph          %         °F         in         in
12:00am            60          0          8         70       25.9      30.07       0.64
12:05am           229          0          3         70       25.6      30.07       0.64
12:10am           285          1          3         70       25.4      30.07       0.64
12:15am           285          0          3         71       25.3      30.07       0.64
12:20am           231          0          3         71       25.1      30.07       0.64
12:25am           275          1          5         72       25.0      30.07       0.64
12:30am           253          0          5         71       25.0      30.07       0.64
12:35am           278          4          4         72       25.1      30.07       0.64
12:40am           239          1          5         72       25.0      30.07       0.64
12:45am           219          0          5         72       25.0      30.07       0.64
12:50am           284          1          8         73       24.8      30.07       0.64
12:55am           255          0          8         73       25.0      30.07       0.64
1:00am            245          0          8         74       24.9      30.07       0.64
1:05am            146          0          1         74       24.9      30.07       0.64
1:10am             81          0          1         74       24.9      30.08       0.64
1:15am            255          0          3         75       25.0      30.08       0.64
1:20am            151          2          6         77       24.9      30.08       0.64
1:25am             77          1          6         78       24.7      30.09       0.64
1:30am             72          1          6         79       24.6      30.09       0.64
1:35am             40          5          5         79       24.4      30.10       0.64
1:40am              7          0          5         79       24.1      30.10       0.64
1:45am             77          4          6         80       23.9      30.11       0.64
1:50am              8          0          6         80       23.6      30.11       0.64
1:55am             53          1          6         79       23.4      30.11       0.64
2:00am            308          1          6         78       23.1      30.12       0.64
2:05am             99          0          2         78       22.8      30.12       0.64
2:10am            335          0          6         78       22.7      30.12       0.64
2:15am             85          0          6         78       22.5      30.13       0.64
2:20am            137          0          6         78       22.4      30.14       0.64
2:25am            199          1          6         78       22.2      30.14       0.64
2:30am            203          1          6         77       22.0      30.14       0.64
2:35am             71          3          4         77       21.8      30.14       0.64
2:40am            126          1          4         76       21.6      30.14       0.64
2:45am             49          0          4         77       21.4      30.14       0.64
2:50am            275          0          5         77       21.3      30.14       0.64
2:55am             23          0          5         77       21.1      30.14       0.64
3:00am            165          0          5         77       21.0      30.14       0.64
3:05am            228          0          2         77       20.9      30.14       0.64
3:10am            103          0          2         77       20.8      30.14       0.64
3:15am             91          0          2         78       20.7      30.15       0.64
3:20am            191          0          2         78       20.6      30.15       0.64
3:25am             73          1          2         78       20.5      30.16       0.64
3:30am             70          0          3         78       20.4      30.16       0.64
3:35am            254          0          1         78       20.2      30.16       0.64
3:40am            272          0          1         78       19.9      30.16       0.64
3:45am            116          0          1         78       19.6      30.16       0.64
3:50am            255          0          2         78       19.4      30.16       0.64
3:55am             61          0          2         78       19.1      30.16       0.64
4:00am            255          1          3         78       18.8      30.16       0.64
4:05am             75          0          2         78       18.6      30.16       0.64
4:10am            335          0          2         79       18.3      30.17       0.64
4:15am             29          0          2         79       18.1      30.17       0.64
4:20am            263          0          4         79       18.0      30.17       0.64
4:25am             39          0          4         79       17.8      30.17       0.64
4:30am            173          0          4         79       17.6      30.17       0.64
4:35am            257          0          1         79       17.3      30.17       0.64
4:40am            257          0          1         79       17.1      30.18       0.64
4:45am            257          0          1         79       16.8      30.18       0.64
4:50am            249          0          1         80       16.5      30.17       0.64
4:55am            249          0          1         80       16.2      30.17       0.64
5:00am            249          0          1         80       16.1      30.17       0.64
5:05am            326          0          0         81       16.0      30.17       0.64
5:10am            314          0          0         81       15.9      30.17       0.64
5:15am            307          0          0         81       15.6      30.17       0.64
5:20am            307          0          0         82       15.5      30.18       0.64
5:25am            304          0          0         82       15.5      30.18       0.64
5:30am            304          0          0         82       15.3      30.18       0.64
5:35am            304          0          0         83       15.1      30.18       0.64
5:40am            304          0          0         83       15.2      30.19       0.64
5:45am            304          0          0         83       15.2      30.19       0.64
5:50am            304          0          0         83       15.4      30.19       0.64
5:55am            304          0          0         83       15.5      30.19       0.64
6:00am            304          0          0         83       15.6      30.20       0.64
6:05am            255          0          0         83       15.8      30.20       0.64
6:10am            255          0          0         83       16.0      30.20       0.64
6:15am            131          0          0         83       16.1      30.20       0.64
6:20am            131          0          0         82       16.2      30.21       0.64
6:25am            252          0          0         82       16.3      30.20       0.64
6:30am            252          0          0         82       16.3      30.21       0.64
6:35am            252          0          0         82       16.2      30.21       0.64
6:40am            252          0          0         82       16.2      30.21       0.64
6:45am             77          0          0         82       16.1      30.21       0.64
6:50am             77          0          0         81       16.0      30.22       0.64
6:55am             60          0          1         81       15.9      30.22       0.64
7:00am            246          0          1         81       15.9      30.22       0.64
7:05am            354          0          1         81       15.9      30.22       0.64
7:10am            101          0          1         81       16.0      30.22       0.64
7:15am            269          0          1         81       15.9      30.22       0.64
7:20am            177          0          1         81       15.7      30.22       0.64
7:25am            107          0          2         81       15.6      30.22       0.64
7:30am            153          0          2         81       15.4      30.22       0.64
7:35am            124          0          3         81       15.2      30.22       0.64
7:40am            342          0          3         81       15.2      30.22       0.64
7:45am            354          1          3         81       15.1      30.22       0.64
7:50am             37          0          3         81       15.1      30.22       0.64
7:55am            209          0          3         81       15.1      30.22       0.64
8:00am             53          0          3         81       15.1      30.22       0.64
8:05am            270          0          1         82       15.1      30.23       0.64
8:10am            292          0          1         81       15.2      30.24       0.64
8:15am             63          0          1         81       15.2      30.25       0.64
8:20am             91          0          1         80       15.2      30.25       0.64
8:25am            119          0          2         80       15.1      30.25       0.64
8:30am            295          0          2         80       15.1      30.26       0.64
8:35am            163          0          0         80       15.2      30.26       0.64
8:40am             69          0          1         80       15.3      30.26       0.64
8:45am            105          0          1         80       15.4      30.25       0.64
8:50am            263          0          1         80       15.5      30.26       0.64
8:55am             79          1          1         80       15.7      30.25       0.64
9:00am             92          0          1         79       15.6      30.25       0.64
9:05am             74          0          2         79       15.5      30.25       0.64
9:10am             99          1          3         78       15.7      30.26       0.64
9:15am             88          0          4         77       16.0      30.26       0.64
9:20am            116          0          4         76       16.5      30.26       0.64
9:25am            275          1          4         75       17.3      30.26       0.64
9:30am            278          0          4         74       17.6      30.27       0.64
9:35am             39          0          3         74       17.8      30.27       0.64
9:40am             95          1          3         73       17.8      30.27       0.64
9:45am             70          0          3         73       18.0      30.28       0.64
9:50am            134          0          3         72       18.0      30.28       0.64
9:55am            266          1          3         73       18.5      30.28       0.64
10:00am           255          0          3         71       18.4      30.28       0.64
10:05am           201          0          1         72       18.5      30.28       0.64
10:10am           229          0          1         71       18.9      30.29       0.64
10:15am           240          0          4         70       18.7      30.29       0.64
10:20am           262          2          4         70       18.5      30.29       0.64
10:25am           257          0          4         69       18.5      30.29       0.64
10:30am           286          0          4         68       18.6      30.29       0.64
10:35am           270          0          3         69       18.8      30.29       0.64
10:40am           226          0          3         69       19.1      30.28       0.64
10:45am           224          0          3         67       19.1      30.28       0.64
10:50am           276          1          3         68       19.0      30.28       0.64
10:55am           167          0          3         68       19.2      30.28       0.64
11:00am           266          1          5         67       19.6      30.28       0.64
11:05am           162          0          1         67       20.0      30.28       0.64
11:10am           275          1          2         66       20.6      30.27       0.64
11:15am           111          1          3         65       20.5      30.27       0.64
11:20am            91          0          4         65       20.0      30.27       0.64
11:25am            79          4          5         65       19.8      30.27       0.64
11:30am           108          1          5         67       19.7      30.26       0.64
11:35am            76          0          2         66       20.1      30.26       0.64
11:40am           127          1          2         64       20.2      30.26       0.64
11:45am           109          2          4         66       20.4      30.25       0.64
11:50am            83          0          4         66       20.4      30.25       0.64
11:55am           102          1          4         65       20.1      30.25       0.64
12:00pm            99          2          4         65       20.1      30.25       0.64
12:05pm           155          0          3         64       19.9      30.24       0.64
12:10pm           117          1          3         64       20.0      30.24       0.64
12:15pm            76          2          3         65       19.9      30.23       0.64
12:20pm            99          0          3         65       19.9      30.23       0.64
12:25pm            98          1          3         64       20.1      30.23       0.64
12:30pm            91          1          3         64       19.8      30.23       0.64
12:35pm            89          4          4         65       19.5      30.23       0.64
12:40pm            84          3          6         66       19.1      30.22       0.64
12:45pm            98          1          6         68       19.2      30.22       0.64
12:50pm            82          2          6         66       19.3      30.22       0.64
12:55pm           110          0          6         65       19.1      30.21       0.64
1:00pm             77          2          6         65       19.3      30.21       0.64
1:05pm             79          0          3         67       19.2      30.21       0.64
1:10pm             77          2          3         65       19.2      30.20       0.64
1:15pm             23          1          3         67       19.2      30.20       0.64
1:20pm            115          0          3         65       19.3      30.20       0.64
1:25pm             77          1          3         65       19.3      30.20       0.64
1:30pm             92          1          3         66       19.1      30.19       0.64
1:35pm             87          1          2         66       19.1      30.20       0.64
1:40pm             87          1          2         66       19.1      30.19       0.64
1:45pm            110          0          3         65       19.0      30.20       0.64
1:50pm             84          0          3         64       19.1      30.20       0.64
1:55pm            100          0          3         66       19.1      30.20       0.64
2:00pm             50          0          3         63       19.1      30.20       0.64
2:05pm             98          1          1         64       19.3      30.19       0.64
2:10pm             97          0          1         62       19.3      30.19       0.64
2:15pm             47          0          1         63       19.2      30.19       0.64
2:20pm             91          0          1         63       19.3      30.19       0.64
2:25pm             89          0          2         63       19.2      30.19       0.64
2:30pm            104          0          2         64       19.3      30.20       0.64
2:35pm            120          0          1         64       19.4      30.20       0.64
2:40pm             98          1          2         63       19.4      30.20       0.64
2:45pm             83          0          2         65       19.4      30.20       0.64
2:50pm            103          1          2         65       19.3      30.20       0.64
2:55pm            108          1          2         65       19.2      30.20       0.64
3:00pm             77          1          2         65       19.2      30.20       0.64
3:05pm            107          0          2         66       19.0      30.20       0.64
3:10pm            103          0          2         66       19.0      30.20       0.64
3:15pm            111          1          2         66       18.8      30.21       0.64
3:20pm            115          1          2         66       18.5      30.22       0.64
3:25pm             83          0          2         66       18.4      30.22       0.64
3:30pm            100          1          2         67       18.2      30.22       0.64
3:35pm             26          0          2         67       18.1      30.22       0.64
3:40pm             87          0          2         67       18.0      30.22       0.64
3:45pm             77          1          3         67       17.7      30.22       0.64
3:50pm             82          0          3         69       17.4      30.21       0.64
3:55pm             80          1          4         68       17.3      30.22       0.64
4:00pm            104          0          4         69       17.2      30.22       0.64
4:05pm             91          1          2         69       17.1      30.21       0.64
4:10pm             80          0          2         70       17.1      30.21       0.64
4:15pm             94          0          3         70       17.0      30.21       0.64
4:20pm             90          1          3         71       16.9      30.21       0.64
4:25pm            109          2          3         71       16.9      30.20       0.64
4:30pm             79          2          3         70       16.8      30.20       0.64
4:35pm             81          0          2         71       16.7      30.21       0.64
4:40pm             79          1          2         70       16.7      30.21       0.64
4:45pm             90          0          2         70       16.7      30.21       0.64
4:50pm             87          0          2         71       16.7      30.21       0.64
4:55pm             79          2          2         71       16.8      30.21       0.64
5:00pm             99          0          2         71       16.8      30.21       0.64
5:05pm             96          0          2         72       17.0      30.21       0.64
5:10pm            104          0          2         72       17.1      30.21       0.64
5:15pm             56          1          4         73       17.1      30.21       0.64
5:20pm             82          2          4         74       17.1      30.20       0.64
5:25pm             87          1          5         77       16.9      30.20       0.64
5:30pm             91          1          5         79       16.7      30.19       0.64
5:35pm             77          2          4         81       16.5      30.19       0.64
5:40pm             84          2          6         83       16.3      30.19       0.64
5:45pm             87          7          8         84       16.1      30.19       0.64
5:50pm            101          4          9         85       15.9      30.18       0.64
5:55pm             82          3          9         86       15.8      30.18       0.64
5:59pm             86          5          9         87       15.8      30.17       0.64
6:05pm             89          2          8         87       15.7      30.17       0.64
6:10pm             72          7          8         87       15.8      30.16       0.64
6:15pm             84          2         10         87       15.8      30.16       0.64
6:20pm             72          4         10         87       15.9      30.16       0.64
6:25pm             98          2         11         87       15.9      30.16       0.64
6:30pm             68          6         11         87       15.8      30.17       0.64
6:35pm             84          8          9         88       15.7      30.17       0.64
6:40pm             76          2          9         88       15.7      30.18       0.64
6:45pm             75          3          9         88       15.7      30.18       0.64
6:50pm             45          2          9         88       15.7      30.18       0.64
6:55pm             75          1          9         89       15.6      30.18       0.64
7:00pm             35          4          9         89       15.6      30.18       0.64
7:05pm             65          4          5         89       15.6      30.18       0.64
7:10pm             39          2          5         89       15.6      30.18       0.64
7:15pm             94          3          6         89       15.6      30.18       0.64
7:20pm             74          3          6         89       15.6      30.18       0.64
7:25pm            107          1          7         89       15.6      30.18       0.64
7:30pm             46          3          7         90       15.6      30.18       0.64
7:35pm            101          3          5         90       15.7      30.18       0.64
7:40pm             45          3          5         90       15.7      30.18       0.64
7:45pm             44          2          8         90       15.7      30.18       0.64
7:50pm             91          3          8         90       15.7      30.18       0.64
7:55pm             79          2          8         90       15.7      30.18       0.64
8:00pm             60          4          8         90       15.7      30.18       0.64
8:05pm            102          2          7         90       15.6      30.18       0.64
8:10pm             71          4          9         90       15.6      30.18       0.64
8:15pm             91          4          9         90       15.7      30.18       0.64
8:20pm             86          5         13         90       15.7      30.17       0.64
8:25pm             86         11         14         90       15.7      30.17       0.64
8:30pm             75          6         15         90       15.6      30.16       0.64
8:35pm             91         11         12         90       15.6      30.16       0.64
8:40pm             64          8         14         90       15.6      30.16       0.64
8:45pm            117          5         17         90       15.6      30.16       0.64
8:50pm             81          4         17         90       15.6      30.15       0.64
8:55pm             79          8         17         90       15.7      30.15       0.64
9:00pm             86         13         17         90       15.7      30.14       0.64
9:05pm             79         11         13         90       15.6      30.14       0.64
9:10pm             68          4         13         90       15.6      30.14       0.64
9:15pm             73          8         13         89       15.6      30.14       0.64
9:20pm             84          4         17         89       15.5      30.13       0.64
9:25pm             60          8         17         89       15.4      30.13       0.64
9:30pm            103         10         17         90       15.3      30.13       0.64
9:35pm             56         11         12         90       15.2      30.13       0.64
9:40pm             69          5         15         90       15.1      30.13       0.64
9:45pm            110          5         16         90       15.0      30.13       0.64
9:50pm            129          3         16         90       14.9      30.13       0.64
9:55pm             81          8         16         90       14.9      30.13       0.64
10:00pm           101          7         19         90       14.9      30.12       0.64
10:05pm            73          8         16         90       14.8      30.12       0.64
10:10pm            65          7         16         90       14.7      30.12       0.64
10:15pm            75          6         17         90       14.7      30.12       0.64
10:20pm           105          9         17         90       14.6      30.12       0.64
10:25pm            91          9         17         90       14.5      30.13       0.64
10:30pm            96          3         19         89       14.3      30.12       0.64
10:35pm            19          9         16         89       14.0      30.13       0.64
10:40pm            88         10         16         89       13.9      30.13       0.64
10:45pm            75          5         16         89       13.7      30.12       0.64
10:50pm           101         11         16         89       13.5      30.12       0.64
10:55pm           104          6         16         89       13.4      30.12       0.64
11:00pm            89          7         17         89       13.2      30.11       0.64
11:05pm            77          7         13         89       13.0      30.11       0.64
11:10pm            48          8         14         89       12.9      30.10       0.64
11:15pm            95         11         18         89       12.8      30.10       0.64
11:20pm            28         12         18         89       12.7      30.09       0.64
11:25pm            80          2         18         89       12.6      30.09       0.64
11:30pm            79          8         19         89       12.5      30.09       0.64
11:35pm            96         11         18         89       12.4      30.09       0.64
11:40pm            89         11         20         89       12.3      30.09       0.64
11:45pm           109         10         20         89       12.3      30.09       0.64
11:50pm            37         11         20         88       12.2      30.09       0.64
11:55pm            59          7         20         88       12.2      30.09       0.64
