1/28/19
Time         Wind Dir   Wind Spd  Wind Gust   Humidity       Temp  Raw Barom   Tot Rain
                    °        mph        mph          %         °F         in         in
12:00am           347          1         11         79       25.3      29.93       2.87
12:05am           169          0          5         79       25.3      29.94       2.87
12:10am           274          2          7         80       25.2      29.94       2.87
12:15am           275          0          7         81       25.1      29.95       2.87
12:20am           290          2          7         81       24.9      29.95       2.87
12:25am           203          0          7         81       24.7      29.95       2.87
12:30am           275          2         11         79       24.4      29.95       2.87
12:35am           255          0          9         78       24.2      29.95       2.87
12:40am           272          3          9         78       24.0      29.96       2.87
12:45am           276          2          9         78       23.8      29.96       2.87
12:50am           266          3         10         76       23.4      29.96       2.87
12:55am           259          2         10         73       23.0      29.96       2.87
1:00am            288          2         14         73       22.6      29.95       2.87
1:05am            278          5          8         73       22.3      29.95       2.87
1:10am            265          3          8         73       22.1      29.95       2.87
1:15am            275          3         10         73       21.8      29.95       2.87
1:20am            270          3         10         73       21.5      29.95       2.87
1:25am            262          2         10         73       21.3      29.95       2.87
1:30am            267          3         10         72       21.1      29.95       2.87
1:35am            251          1          5         73       20.9      29.96       2.87
1:40am            262          2          5         73       20.8      29.97       2.87
1:45am            193          0          5         74       20.6      29.97       2.87
1:50am             89          0          5         74       20.5      29.97       2.87
1:55am             63          0          5         75       20.4      29.97       2.87
2:00am            266          0          5         74       20.1      29.97       2.87
2:05am             92          0          4         74       19.8      29.98       2.87
2:10am            248          0          4         74       19.6      29.98       2.87
2:15am             72          0          4         74       19.4      29.98       2.87
2:20am              6          0          4         74       19.2      29.98       2.87
2:25am              6          0          4         74       18.7      29.98       2.87
2:30am            269          0          4         75       18.5      29.99       2.87
2:35am            246          0          1         76       18.3      29.99       2.87
2:40am            246          0          1         77       17.9      29.98       2.87
2:45am            283          0          1         78       17.5      29.99       2.87
2:50am             23          0          1         78       17.3      29.98       2.87
2:55am            260          1          3         79       17.2      29.98       2.87
3:00am            248          0          3         79       17.1      29.98       2.87
3:05am            236          0          1         79       16.8      29.98       2.87
3:10am            195          0          3         78       16.8      29.98       2.87
3:15am            245          0          3         77       16.9      29.98       2.87
3:20am            236          0          3         77       16.7      29.98       2.87
3:25am            258          0          3         77       16.4      29.98       2.87
3:30am            262          0          3         77       15.9      29.98       2.87
3:35am            262          0          1         78       15.5      29.98       2.87
3:40am            198          0          2         79       15.4      29.98       2.87
3:45am            280          0          6         79       15.5      29.97       2.87
3:50am            258          0          6         79       15.4      29.97       2.87
3:55am            245          0          6         79       15.2      29.97       2.87
4:00am            226          0          6         79       15.2      29.98       2.87
4:05am            265          1          3         78       15.3      29.98       2.87
4:10am            255          1          6         78       15.5      29.99       2.87
4:15am            262          2          7         77       15.5      29.99       2.87
4:20am            262          0          7         77       15.4      29.99       2.87
4:24am            280          1          7         77       15.2      29.98       2.87
4:30am            261          0          7         77       15.0      29.98       2.87
4:35am            270          1          3         77       14.8      29.98       2.87
4:40am            250          1          3         76       14.7      29.99       2.87
4:45am            230          0          3         76       14.6      29.99       2.87
4:50am            291          2          8         76       14.5      29.99       2.87
4:55am            299          2          8         75       14.5      29.99       2.87
5:00am            250          2          8         75       14.5      29.98       2.87
5:05am            286          1          4         75       14.4      29.98       2.87
5:10am            343          1          5         75       14.4      29.98       2.87
5:15am            271          1          6         75       14.3      29.98       2.87
5:20am            252          0          6         74       14.2      29.99       2.87
5:25am            243          0          6         73       14.0      29.99       2.87
5:30am            207          0          6         74       13.9      29.99       2.87
5:35am            255          0          3         74       13.9      29.99       2.87
5:40am            264          0          4         74       13.8      29.99       2.87
5:45am             38          0          4         73       13.4      29.99       2.87
5:50am             38          0          4         74       13.0      29.99       2.87
5:55am             38          0          4         74       12.8      29.99       2.87
6:00am             38          0          4         75       12.3      29.99       2.87
6:05am            276          0          0         77       11.9      30.00       2.87
6:10am            276          0          0         78       11.5      30.00       2.87
6:15am             54          0          1         78       10.9      29.99       2.87
6:20am             54          0          1         79       10.7      29.99       2.87
6:25am             54          0          1         80       10.7      29.99       2.87
6:30am            110          0          1         80       10.4      29.99       2.87
6:35am             60          0          0         80       10.4      29.99       2.87
6:40am             86          0          0         80       10.5      30.00       2.87
6:45am            256          0          0         80       10.5      30.00       2.87
6:50am            274          0          1         80       10.4      30.00       2.87
6:55am            215          0          1         80       10.4      30.00       2.87
7:00am            129          0          1         80       10.3      30.01       2.87
7:05am            131          0          0         80       10.4      30.01       2.87
7:10am            233          0          0         79       10.4      30.01       2.87
7:15am            212          0          0         79       10.2      30.01       2.87
7:20am             77          0          0         79       10.2      30.01       2.87
7:25am            124          0          0         78       10.1      30.02       2.87
7:30am            124          0          0         79       10.2      30.01       2.87
7:35am            124          0          0         79       10.0      30.02       2.87
7:40am            124          0          0         79       10.0      30.03       2.87
7:45am            124          0          0         80       10.0      30.02       2.87
7:50am            127          0          0         80       10.2      30.03       2.87
7:55am             12          0          0         80       10.3      30.04       2.87
8:00am            235          0          1         80       10.5      30.03       2.87
8:05am            228          0          8         79       11.1      30.04       2.87
8:10am            267          0          8         77       11.5      30.05       2.87
8:15am             81          0          8         76       12.6      30.05       2.87
8:20am             91          1          8         74       13.6      30.05       2.87
8:25am            258          0          8         72       13.9      30.05       2.87
8:30am            175          0          8         72       14.5      30.06       2.87
8:35am            260          0          4         70       15.2      30.07       2.87
8:40am            264          0          9         70       14.7      30.07       2.87
8:45am            248          0          9         70       14.5      30.07       2.87
8:50am            254          1          9         71       14.8      30.08       2.87
8:55am            271          1          9         69       14.8      30.08       2.87
9:00am            238          0          9         69       14.8      30.08       2.87
9:05am              2          1          3         69       15.2      30.08       2.87
9:10am            236          0          6         68       15.0      30.08       2.87
9:15am            356          3          9         67       15.3      30.08       2.87
9:20am            283          0          9         66       15.0      30.08       2.87
9:25am            260          1          9         67       15.3      30.08       2.87
9:30am            348          1          9         67       15.4      30.08       2.87
9:35am            115          2          3         67       15.8      30.08       2.87
9:40am             17          0          4         66       16.1      30.09       2.87
9:45am             63          0          4         65       15.5      30.08       2.87
9:50am              7          0          4         65       15.6      30.08       2.87
9:55am            160          0          4         64       15.7      30.08       2.87
10:00am           279          0          5         64       15.9      30.08       2.87
10:05am           255          0          5         64       15.8      30.08       2.87
10:10am           246          1          7         64       15.9      30.08       2.87
10:15am           193          3          7         64       16.1      30.09       2.87
10:20am            57          2          7         63       16.0      30.10       2.87
10:25am            78          4         10         62       15.5      30.10       2.87
10:30am           113          2         10         63       15.8      30.10       2.87
10:35am           260          0          7         62       15.9      30.09       2.87
10:40am           273          1          7         62       16.1      30.09       2.87
10:45am           262          4          8         61       16.0      30.09       2.87
10:50am           269          0          8         60       16.0      30.09       2.87
10:55am           101          1         11         61       16.1      30.09       2.87
11:00am            94          1         11         62       16.0      30.09       2.87
11:05am           112          0          6         60       16.3      30.08       2.87
11:10am           105          0          6         60       16.6      30.09       2.87
11:15am           222          1          8         61       16.8      30.09       2.87
11:20am           334          1          8         58       17.0      30.10       2.87
11:25am            54          4          8         58       16.8      30.09       2.87
11:30am           202          0          8         59       16.6      30.09       2.87
11:35am           137          0          3         58       17.0      30.09       2.87
11:40am            72          0         11         59       17.4      30.08       2.87
11:45am            99          1         11         59       16.9      30.07       2.87
11:50am           256          1         11         57       17.6      30.08       2.87
11:55am           274          5         11         59       17.3      30.09       2.87
12:00pm           271          2         11         58       17.5      30.09       2.87
12:05pm           234          0          4         58       17.7      30.09       2.87
12:10pm            69          0          4         56       18.9      30.08       2.87
12:15pm           249          2          5         56       18.5      30.07       2.87
12:20pm           226          0          5         54       18.5      30.07       2.87
12:25pm            78          1          5         55       19.3      30.07       2.87
12:30pm           291          1          5         55       19.1      30.07       2.87
12:35pm           250          1          3         53       19.5      30.08       2.87
12:40pm           210          0          4         53       20.1      30.09       2.87
12:45pm           241          0          5         50       20.1      30.09       2.87
12:50pm           269          0          6         54       20.1      30.09       2.87
12:55pm           152          0          6         52       20.8      30.09       2.87
1:00pm             72          0          7         50       20.7      30.08       2.87
1:05pm             58          1          4         53       21.2      30.07       2.87
1:10pm            283          2          6         50       20.8      30.08       2.87
1:15pm            293          3          6         50       20.6      30.08       2.87
1:20pm            266          1          7         51       20.5      30.07       2.87
1:25pm            272          2          7         50       21.1      30.07       2.87
1:30pm            280          5          9         48       20.9      30.06       2.87
1:35pm            128          2          6         50       21.3      30.06       2.87
1:40pm             60          6          7         48       21.9      30.05       2.87
1:45pm             94          1          7         50       21.7      30.06       2.87
1:50pm            238          0         10         50       20.9      30.06       2.87
1:55pm             39          0         10         51       21.3      30.06       2.87
2:00pm             90          4         10         48       20.8      30.06       2.87
2:05pm            121          0          4         49       21.5      30.07       2.87
2:10pm            117          4          5         45       21.9      30.06       2.87
2:15pm            103          4          6         46       20.8      30.06       2.87
2:20pm            146          1          7         47       20.4      30.06       2.87
2:25pm            110          3          7         46       19.9      30.06       2.87
2:30pm            111          0          7         45       20.1      30.06       2.87
2:35pm            121          0          3         44       20.3      30.05       2.87
2:40pm             87          4          5         45       19.7      30.05       2.87
2:45pm            102          0          5         48       18.8      30.05       2.87
2:50pm            119          0          5         48       18.9      30.05       2.87
2:55pm            123          0          5         46       18.8      30.05       2.87
3:00pm             91          2          5         46       18.3      30.05       2.87
3:05pm            101          0          3         46       18.3      30.05       2.87
3:10pm             89          1          4         45       18.8      30.05       2.87
3:15pm             92          1          5         44       18.6      30.05       2.87
3:20pm             62          1          6         45       18.5      30.05       2.87
3:25pm             98          2          6         46       18.4      30.05       2.87
3:30pm             96          1          6         46       18.2      30.04       2.87
3:35pm            250          0          4         45       18.5      30.04       2.87
3:40pm             59          0          4         44       18.6      30.04       2.87
3:45pm            101          0          4         45       18.4      30.04       2.87
3:50pm             96          0          4         44       18.4      30.04       2.87
3:55pm             96          0          4         44       18.3      30.04       2.87
4:00pm            131          0          4         46       18.2      30.04       2.87
4:05pm            136          0          3         46       18.4      30.04       2.87
4:10pm            131          1          3         45       18.4      30.03       2.87
4:15pm             85          1          4         45       17.7      30.04       2.87
4:20pm              6          0          4         46       17.0      30.03       2.87
4:25pm            129          0          4         48       16.3      30.03       2.87
4:30pm            109          0          4         48       15.8      30.03       2.87
4:35pm            232          0          1         48       15.5      30.03       2.87
4:40pm            102          0          1         50       15.2      30.03       2.87
4:45pm            103          0          3         48       15.0      30.03       2.87
4:50pm            113          0          3         48       14.8      30.04       2.87
4:55pm            330          0          3         49       14.5      30.04       2.87
5:00pm             26          0          3         48       14.3      30.04       2.87
5:05pm             46          1          1         48       14.0      30.04       2.87
5:10pm            299          0          1         49       13.7      30.04       2.87
5:15pm            105          1          1         49       13.5      30.04       2.87
5:20pm            144          0          2         49       13.3      30.04       2.87
5:25pm             53          0          2         50       13.0      30.03       2.87
5:30pm            122          0          2         51       12.8      30.04       2.87
5:35pm            117          0          3         53       12.7      30.03       2.87
5:40pm            119          0          3         53       12.5      30.04       2.87
5:45pm            268          0          3         54       12.2      30.03       2.87
5:50pm            267          0          3         54       12.0      30.04       2.87
5:55pm            267          0          3         54       11.7      30.04       2.87
6:00pm            194          0          3         56       11.5      30.04       2.87
6:05pm            217          0          0         58       11.5      30.04       2.87
6:10pm             63          0          1         58       11.2      30.04       2.87
6:15pm             44          0          1         56       11.2      30.04       2.87
6:20pm            285          0          1         57       11.1      30.04       2.87
6:25pm            285          0          1         57       10.8      30.04       2.87
6:30pm            285          0          1         58       10.6      30.04       2.87
6:35pm            123          0          1         60       10.5      30.05       2.87
6:40pm            123          0          1         60       10.1      30.05       2.87
6:45pm            225          0          1         63        9.7      30.05       2.87
6:50pm            225          0          1         63        9.8      30.05       2.87
6:55pm            225          0          1         64        9.4      30.05       2.87
7:00pm            225          0          1         65        8.9      30.05       2.87
7:05pm            216          0          1         66        8.8      30.06       2.87
7:10pm            215          0          1         66        8.6      30.05       2.87
7:15pm            272          0          1         67        8.9      30.06       2.87
7:20pm            272          0          1         66        8.8      30.06       2.87
7:25pm            272          0          1         68        8.5      30.06       2.87
7:30pm            271          0          1         68        8.2      30.06       2.87
7:35pm            271          0          0         68        8.0      30.06       2.87
7:40pm            359          0          0         70        8.1      30.06       2.87
7:45pm             75          0          0         66        8.5      30.06       2.87
7:50pm             75          0          1         68        8.3      30.06       2.87
7:55pm             75          0          1         68        8.0      30.06       2.87
8:00pm             75          0          1         69        7.7      30.05       2.87
8:05pm             75          0          0         69        7.6      30.05       2.87
8:10pm             75          0          0         69        7.5      30.05       2.87
8:15pm             75          0          0         70        7.2      30.06       2.87
8:20pm             75          0          0         70        7.0      30.06       2.87
8:25pm             75          0          0         71        6.8      30.06       2.87
8:30pm             75          0          0         71        6.7      30.06       2.87
8:35pm             75          0          0         70        6.6      30.06       2.87
8:40pm             75          0          0         72        6.5      30.06       2.87
8:45pm             75          0          0         71        6.4      30.06       2.87
8:50pm             75          0          0         72        6.4      30.06       2.87
8:55pm             75          0          0         71        6.6      30.06       2.87
9:00pm             75          0          0         71        6.6      30.07       2.87
9:05pm             75          0          0         72        6.3      30.07       2.87
9:10pm             75          0          0         73        6.1      30.07       2.87
9:15pm             75          0          0         73        6.1      30.07       2.87
9:20pm             75          0          0         73        6.2      30.07       2.87
9:25pm             75          0          0         73        6.0      30.07       2.87
9:30pm             75          0          0         73        5.8      30.07       2.87
9:35pm             75          0          0         73        5.6      30.07       2.87
9:40pm            348          0          0         74        5.5      30.07       2.87
9:45pm            345          0          0         75        5.5      30.07       2.87
9:50pm            281          0          1         75        5.4      30.07       2.87
9:55pm            281          0          1         75        5.2      30.07       2.87
10:00pm           281          0          1         76        4.9      30.07       2.87
10:05pm           281          0          0         78        4.7      30.07       2.87
10:10pm           281          0          0         78        4.4      30.07       2.87
10:15pm           281          0          0         78        4.0      30.07       2.87
10:20pm           281          0          0         79        3.7      30.07       2.87
10:25pm           281          0          0         80        3.7      30.07       2.87
10:30pm           281          0          0         79        3.5      30.07       2.87
10:35pm           281          0          0         80        3.3      30.07       2.87
10:40pm           211          0          0         80        3.3      30.07       2.87
10:45pm           145          0          0         80        3.3      30.07       2.87
10:50pm           145          0          0         81        3.2      30.07       2.87
10:55pm           145          0          0         81        3.1      30.07       2.87
11:00pm           145          0          0         81        3.0      30.06       2.87
11:05pm           145          0          0         81        3.1      30.07       2.87
11:10pm           145          0          0         81        2.9      30.07       2.87
11:15pm           145          0          0         81        2.7      30.07       2.87
11:20pm           145          0          0         82        2.7      30.07       2.87
11:25pm           145          0          0         82        2.8      30.07       2.87
11:30pm           145          0          0         82        2.9      30.07       2.87
11:35pm           136          0          0         82        2.8      30.07       2.87
11:40pm           136          0          0         82        2.7      30.07       2.87
11:45pm           136          0          0         82        2.5      30.07       2.87
11:50pm           136          0          0         82        2.4      30.07       2.87
11:55pm           136          0          0         82        2.2      30.07       2.87
