1/11/19
Time         Wind Dir   Wind Spd  Wind Gust   Humidity       Temp  Raw Barom   Tot Rain
                    °        mph        mph          %         °F         in         in
12:00am           274          0          0         82       15.6      29.77       0.64
12:05am           280          0          0         83       15.6      29.77       0.64
12:10am           248          0          0         82       15.5      29.78       0.64
12:15am           279          0          0         83       15.6      29.78       0.64
12:20am           286          0          0         83       15.6      29.78       0.64
12:25am           263          0          0         83       15.5      29.78       0.64
12:30am           257          0          0         83       15.5      29.79       0.64
12:35am           264          0          0         83       15.5      29.79       0.64
12:40am           264          0          0         84       15.5      29.79       0.64
12:45am           265          0          0         84       15.4      29.79       0.64
12:50am           262          0          0         84       15.4      29.79       0.64
12:55am           260          0          0         84       15.5      29.79       0.64
1:00am            282          0          0         84       15.4      29.80       0.64
1:05am            259          0          0         85       15.3      29.80       0.64
1:10am            269          0          0         85       15.3      29.80       0.64
1:15am            266          0          0         85       15.2      29.81       0.64
1:20am            255          0          0         85       15.2      29.81       0.64
1:25am            270          0          0         85       15.2      29.81       0.64
1:30am            276          0          0         85       15.2      29.81       0.64
1:35am            266          0          0         84       15.1      29.81       0.64
1:40am            269          0          0         84       15.1      29.81       0.64
1:45am            248          0          0         85       15.1      29.82       0.64
1:50am            259          0          0         85       15.1      29.82       0.64
1:55am            269          0          0         85       15.1      29.82       0.64
2:00am            265          0          0         84       15.1      29.82       0.64
2:05am            272          0          0         84       15.1      29.83       0.64
2:10am            252          0          0         84       15.1      29.83       0.64
2:15am            243          0          0         84       15.1      29.83       0.64
2:20am            278          0          0         84       15.0      29.83       0.64
2:25am            284          0          0         83       15.0      29.84       0.64
2:30am              9          0          0         84       15.0      29.84       0.64
2:35am            281          0          0         83       14.9      29.84       0.64
2:40am            259          0          0         83       14.9      29.84       0.64
2:45am            283          0          0         83       14.8      29.85       0.64
2:50am              2          0          0         82       14.8      29.85       0.64
2:55am            281          0          0         82       14.7      29.85       0.64
3:00am            223          0          0         81       14.6      29.85       0.64
3:05am            233          0          0         81       14.6      29.85       0.64
3:10am            281          0          0         81       14.5      29.85       0.64
3:15am            281          0          0         81       14.4      29.85       0.64
3:20am            236          0          0         81       14.4      29.85       0.64
3:25am            333          0          0         81       14.3      29.86       0.64
3:30am            292          0          0         82       14.2      29.86       0.64
3:35am            281          0          0         82       14.1      29.86       0.64
3:40am            264          0          0         83       14.0      29.86       0.64
3:45am            272          0          0         83       14.0      29.86       0.64
3:50am            264          0          0         83       13.9      29.86       0.64
3:55am            264          0          0         83       13.9      29.86       0.64
4:00am            308          0          0         82       13.8      29.86       0.64
4:05am            275          0          0         82       13.7      29.87       0.64
4:10am            233          0          0         83       13.7      29.87       0.64
4:15am            244          0          0         83       13.6      29.87       0.64
4:20am            260          0          0         82       13.5      29.87       0.64
4:25am            267          0          0         83       13.5      29.87       0.64
4:30am            275          0          0         83       13.4      29.87       0.64
4:35am            229          0          0         83       13.3      29.87       0.64
4:40am            281          0          0         83       13.2      29.88       0.64
4:45am            276          0          0         83       13.2      29.88       0.64
4:50am            285          0          0         84       13.0      29.88       0.64
4:55am            266          0          0         84       12.9      29.88       0.64
5:00am            304          0          0         84       12.8      29.88       0.64
5:05am            286          0          0         84       12.8      29.88       0.64
5:10am            277          0          0         84       12.6      29.88       0.64
5:15am            239          0          0         84       12.6      29.89       0.64
5:20am            281          0          0         84       12.5      29.89       0.64
5:25am            264          0          0         83       12.5      29.89       0.64
5:30am            170          0          0         83       12.4      29.89       0.64
5:35am            270          0          0         83       12.4      29.90       0.64
5:40am            280          0          0         83       12.3      29.90       0.64
5:45am            273          0          0         83       12.2      29.90       0.64
5:50am            271          0          0         83       12.2      29.90       0.64
5:55am            255          0          0         83       12.1      29.91       0.64
6:00am            260          0          0         83       12.1      29.91       0.64
6:05am            231          0          0         83       12.2      29.91       0.64
6:10am            279          0          0         83       12.2      29.91       0.64
6:15am            279          0          0         83       12.2      29.91       0.64
6:20am            277          0          0         83       12.1      29.92       0.64
6:25am            259          0          0         83       12.0      29.92       0.64
6:30am            266          0          0         83       11.9      29.92       0.64
6:35am            257          0          0         83       11.8      29.92       0.64
6:40am            257          0          0         83       11.8      29.93       0.64
6:45am            273          0          0         83       11.7      29.92       0.64
6:50am            252          0          0         83       11.7      29.93       0.64
6:55am            282          0          0         83       11.7      29.93       0.64
7:00am            291          0          0         83       11.5      29.93       0.64
7:05am            265          0          0         83       11.5      29.93       0.64
7:10am            285          0          0         83       11.4      29.93       0.64
7:15am            270          0          0         82       11.2      29.93       0.64
7:20am            259          0          0         83       11.1      29.94       0.64
7:25am            281          0          0         83       11.1      29.94       0.64
7:30am            264          0          0         83       11.0      29.94       0.64
7:35am            276          0          0         82       11.0      29.95       0.64
7:40am            274          0          0         83       11.0      29.95       0.64
7:45am            176          0          0         83       11.0      29.95       0.64
7:50am            276          0          0         82       11.0      29.95       0.64
7:55am            264          0          0         82       11.0      29.96       0.64
8:00am            285          0          0         82       11.0      29.96       0.64
8:05am            272          0          0         82       11.0      29.96       0.64
8:10am            238          0          0         82       11.1      29.96       0.64
8:15am            342          0          0         82       11.1      29.97       0.64
8:20am            285          0          0         82       11.1      29.97       0.64
8:25am            276          0          0         81       11.3      29.98       0.64
8:30am            256          0          0         81       11.7      29.98       0.64
8:35am            257          0          0         80       12.0      29.98       0.64
8:40am            270          0          0         79       12.0      29.98       0.64
8:45am            269          0          0         79       12.0      29.99       0.64
8:50am            295          0          0         79       11.9      29.99       0.64
8:55am            290          0          0         79       11.9      29.99       0.64
9:00am            276          0          0         78       11.9      29.99       0.64
9:05am            297          0          0         78       12.0      30.00       0.64
9:10am            266          0          0         77       12.1      30.00       0.64
9:15am            290          0          0         78       12.2      30.00       0.64
9:20am            271          0          0         77       12.2      30.01       0.64
9:25am            274          0          0         76       12.2      30.01       0.64
9:30am            283          0          0         77       12.4      30.01       0.64
9:35am            269          0          0         77       12.6      30.01       0.64
9:40am            286          0          0         76       12.7      30.02       0.64
9:45am            281          0          0         76       13.2      30.02       0.64
9:50am            259          0          0         76       13.4      30.02       0.64
9:55am            224          0          0         75       13.5      30.02       0.64
10:00am           283          0          0         75       13.8      30.02       0.64
10:05am           232          0          0         74       14.2      30.03       0.64
10:10am           286          0          0         74       14.6      30.03       0.64
10:15am           269          0          0         72       14.9      30.03       0.64
10:20am           274          0          0         74       15.2      30.03       0.64
10:25am           243          0          0         72       15.1      30.03       0.64
10:30am           278          0          0         72       15.2      30.03       0.64
10:35am           245          0          0         73       15.5      30.02       0.64
10:40am           266          0          0         71       15.3      30.02       0.64
10:45am           283          0          0         72       15.1      30.03       0.64
10:50am           259          0          0         72       15.0      30.03       0.64
10:55am           271          0          0         71       15.3      30.03       0.64
11:00am           217          0          0         71       15.8      30.03       0.64
11:05am           282          0          0         71       15.8      30.02       0.64
11:10am           276          0          0         70       15.6      30.03       0.64
11:15am           265          0          0         71       15.5      30.03       0.64
11:20am           271          0          0         70       15.4      30.03       0.64
11:25am           239          0          0         71       15.5      30.03       0.64
11:30am           277          0          0         72       15.9      30.03       0.64
11:35am           283          0          0         72       16.1      30.03       0.64
11:40am           286          0          0         70       16.0      30.03       0.64
11:45am           240          0          0         70       16.2      30.03       0.64
11:50am           266          0          0         69       15.8      30.03       0.64
11:55am           283          0          0         70       15.2      30.03       0.64
12:00pm           276          0          0         70       15.4      30.03       0.64
12:05pm           269          0          0         70       15.3      30.03       0.64
12:10pm           252          0          0         70       15.4      30.03       0.64
12:15pm           278          0          0         71       15.8      30.03       0.64
12:20pm           276          0          0         68       15.6      30.03       0.64
12:25pm           263          0          0         69       15.6      30.03       0.64
12:30pm           259          0          0         69       15.5      30.03       0.64
12:35pm           255          0          0         70       15.7      30.04       0.64
12:40pm           276          0          0         69       16.3      30.04       0.64
12:45pm           275          0          0         67       15.9      30.04       0.64
12:50pm           257          0          0         67       15.9      30.05       0.64
12:55pm           279          0          0         67       16.2      30.05       0.64
1:00pm            269          0          0         66       15.8      30.05       0.64
1:05pm            250          0          0         68       15.9      30.06       0.64
1:10pm            269          0          0         67       16.4      30.06       0.64
1:15pm            276          0          0         66       16.7      30.06       0.64
1:20pm            259          0          0         65       16.8      30.06       0.64
1:25pm            284          0          0         65       16.4      30.07       0.64
1:30pm            236          0          0         65       16.2      30.07       0.64
1:35pm            285          0          0         65       16.0      30.07       0.64
1:40pm            291          0          0         64       16.0      30.08       0.64
1:45pm            280          0          0         66       16.4      30.08       0.64
1:50pm            262          0          0         65       16.6      30.08       0.64
1:55pm            246          0          0         63       16.2      30.08       0.64
2:00pm            230          0          0         62       16.4      30.08       0.64
2:05pm            269          0          0         64       16.7      30.09       0.64
2:10pm            255          0          0         62       16.9      30.09       0.64
2:15pm            291          6          7         61       16.1      30.09       0.64
2:20pm            252          0         11         60       15.6      30.10       0.64
2:25pm            268          0         11         61       15.6      30.10       0.64
2:30pm            238          2         11         60       15.5      30.10       0.64
2:35pm            265          2          7         61       15.0      30.10       0.64
2:40pm            356          2          8         63       14.7      30.11       0.64
2:45pm            238          0          8         64       14.5      30.11       0.64
2:50pm            244          0          8         64       14.5      30.11       0.64
2:55pm            205          0          8         66       13.9      30.11       0.64
3:00pm            269          2          8         65       13.8      30.11       0.64
3:05pm            296          1          6         64       13.5      30.12       0.64
3:10pm            285          3          7         66       13.4      30.12       0.64
3:15pm            276          1          7         65       13.4      30.12       0.64
3:20pm            260          0          7         65       13.4      30.12       0.64
3:25pm            285          1          7         66       13.5      30.13       0.64
3:30pm            266          0          7         65       13.5      30.13       0.64
3:35pm            240          0          3         65       13.7      30.13       0.64
3:40pm            285          0          4         64       13.6      30.12       0.64
3:45pm            274          1          7         65       13.0      30.13       0.64
3:50pm            236          0          7         66       12.4      30.13       0.64
3:55pm            293          2          7         66       11.8      30.13       0.64
4:00pm            285          1          7         67       11.6      30.14       0.64
4:05pm            276          0          3         68       11.3      30.14       0.64
4:10pm            265          2          6         68       11.2      30.14       0.64
4:15pm            252          7          7         68       11.1      30.14       0.64
4:20pm            254          0          7         69       10.8      30.15       0.64
4:25pm            256          0          7         69       10.7      30.15       0.64
4:30pm            271          0          7         69       10.4      30.15       0.64
4:35pm            227          0          4         68       10.2      30.16       0.64
4:40pm            269          5          5         68        9.9      30.16       0.64
4:45pm            269          0          6         69        9.7      30.16       0.64
4:50pm            254          5          9         68        9.5      30.16       0.64
4:55pm            270          0         10         68        9.3      30.17       0.64
5:00pm            274          0         10         68        9.1      30.17       0.64
5:05pm            270          8          8         67        8.9      30.17       0.64
5:10pm            242          0          8         68        8.7      30.17       0.64
5:15pm            333          4          8         68        8.5      30.18       0.64
5:20pm            274         11         11         68        8.3      30.18       0.64
5:25pm            234          0         11         69        8.2      30.18       0.64
5:30pm            278          1         11         69        7.9      30.18       0.64
5:35pm            274          3          9         68        7.7      30.18       0.64
5:40pm            252          0          9         69        7.6      30.19       0.64
5:45pm            181          0          9         70        7.3      30.19       0.64
5:50pm            278          0          9         71        7.1      30.19       0.64
5:55pm            258          0          9         71        6.9      30.20       0.64
6:00pm            224          0          9         71        6.8      30.20       0.64
6:05pm            285          0          3         72        6.6      30.20       0.64
6:10pm            283          0          4         72        6.5      30.20       0.64
6:15pm            276          4          4         72        6.4      30.20       0.64
6:20pm            286          0          5         72        6.2      30.20       0.64
6:25pm            287          0          7         73        6.2      30.21       0.64
6:30pm            285          0          7         73        6.0      30.21       0.64
6:35pm            254          0          2         73        5.8      30.21       0.64
6:40pm            277          0          2         74        5.7      30.21       0.64
6:45pm            278          1          2         74        5.6      30.21       0.64
6:50pm            253          0          3         73        5.4      30.21       0.64
6:55pm            282          2          6         73        5.3      30.21       0.64
7:00pm            266          0          7         73        5.3      30.21       0.64
7:05pm            283          0          3         73        5.2      30.21       0.64
7:10pm            251          0          6         73        5.1      30.21       0.64
7:15pm            272          0          6         73        5.0      30.21       0.64
7:20pm            281          0          6         73        4.9      30.21       0.64
7:25pm            236          0          6         74        4.8      30.21       0.64
7:30pm            206          0          6         73        4.7      30.22       0.64
7:35pm            223          2          6         73        4.6      30.22       0.64
7:40pm            253          0          6         74        4.6      30.21       0.64
7:45pm            274          3          6         74        4.5      30.22       0.64
7:50pm            213          0          6         73        4.6      30.22       0.64
7:55pm            276          0          6         74        4.4      30.22       0.64
8:00pm            197          0          6         73        4.3      30.22       0.64
8:05pm            252          0          1         74        4.1      30.23       0.64
8:10pm            264          0          2         74        4.0      30.23       0.64
8:15pm            250          0          2         74        4.0      30.23       0.64
8:20pm            265          0          3         73        4.0      30.24       0.64
8:25pm            253          0          3         74        3.9      30.24       0.64
8:30pm            253          0          3         74        3.7      30.24       0.64
8:35pm            276          0          4         74        3.8      30.25       0.64
8:40pm            273          0          4         73        3.7      30.24       0.64
8:45pm            259          0          4         73        3.7      30.25       0.64
8:50pm            254          0          4         73        3.6      30.25       0.64
8:55pm            256          0          4         72        3.6      30.25       0.64
9:00pm            216          0          4         72        3.7      30.25       0.64
9:05pm            265          0          1         73        3.6      30.26       0.64
9:10pm            252          0          1         73        3.5      30.26       0.64
9:15pm            264          0          1         73        3.3      30.26       0.64
9:20pm            248          0          3         73        3.4      30.26       0.64
9:25pm            247          0          3         74        3.3      30.26       0.64
9:30pm            252          0          3         74        3.3      30.27       0.64
9:35pm            274          0          3         74        3.2      30.26       0.64
9:40pm            272          0          3         74        3.2      30.27       0.64
9:45pm            276          0          3         74        3.1      30.27       0.64
9:50pm            281          0          3         75        3.0      30.27       0.64
9:55pm            229          0          5         75        3.0      30.27       0.64
10:00pm           255          0          5         75        3.0      30.27       0.64
10:05pm           271          0          1         75        2.8      30.27       0.64
10:10pm           251          0          1         75        2.8      30.27       0.64
10:15pm           292          0          1         75        2.7      30.28       0.64
10:20pm           247          0          1         75        2.6      30.28       0.64
10:25pm           236          0          1         75        2.6      30.28       0.64
10:30pm           261          0          2         75        2.6      30.28       0.64
10:35pm           276          0          4         75        2.6      30.29       0.64
10:40pm           181          0          4         75        2.5      30.28       0.64
10:45pm           240          0          4         75        2.4      30.29       0.64
10:50pm           278          2          4         75        2.5      30.29       0.64
10:55pm           233          0          4         75        2.5      30.29       0.64
11:00pm           246          0          4         75        2.5      30.29       0.64
11:05pm           245          0          3         75        2.4      30.29       0.64
11:10pm           285          0          3         75        2.4      30.29       0.64
11:15pm           267          0          3         75        2.3      30.29       0.64
11:20pm           276          0          3         75        2.3      30.29       0.64
11:25pm           256          0          3         75        2.2      30.29       0.64
11:30pm           274          0          3         75        2.1      30.29       0.64
11:35pm           270          0          6         75        2.1      30.29       0.64
11:40pm           281          0          6         76        2.0      30.29       0.64
11:45pm           219          0          6         75        2.0      30.29       0.64
11:50pm           292          1          6         75        2.1      30.29       0.64
11:55pm           281          1          6         75        2.1      30.29       0.64
