2/9/19
Time         Wind Dir   Wind Spd  Wind Gust   Humidity       Temp  Raw Barom   Tot Rain
                    °        mph        mph          %         °F         in         in
12:00am            70          6         16         83       19.9      29.98       3.02
12:05am           251          8         12         81       20.0      29.99       3.02
12:10am           308          2         13         82       20.0      29.99       3.02
12:15am           274          0         13         83       19.8      29.99       3.02
12:20am           249          1         13         86       19.4      30.00       3.02
12:25am           256          1         13         88       19.3      29.99       3.02
12:30am           302          4         13         88       19.2      30.00       3.02
12:35am           259          4         10         86       19.2      30.00       3.02
12:40am           273          4         10         84       19.3      30.00       3.02
12:45am           300          3         17         80       19.3      30.00       3.02
12:50am           283          2         19         74       19.4      30.00       3.02
12:55am            31          1         19         71       19.5      30.01       3.02
1:00am            245          3         19         65       19.5      30.01       3.02
1:05am            279         11         21         62       19.4      30.01       3.02
1:10am            108          4         21         61       19.4      30.02       3.02
1:15am            266          4         21         62       19.4      30.02       3.02
1:20am            273          5         21         63       19.2      30.03       3.02
1:25am            277          0         21         63       19.0      30.03       3.02
1:30am            293         17         21         66       18.8      30.03       3.02
1:35am            193          5         17         65       18.6      30.04       3.02
1:40am            246          6         17         65       18.4      30.05       3.02
1:45am            272          3         17         66       18.3      30.05       3.02
1:50am             41          3         17         65       18.0      30.05       3.02
1:55am            238          3         17         65       17.9      30.05       3.02
2:00am            251          4         17         64       17.8      30.06       3.02
2:05am            262          3         19         62       17.8      30.06       3.02
2:10am            295          5         19         60       17.7      30.05       3.02
2:15am            285          2         22         60       17.7      30.05       3.02
2:20am            295         11         22         59       17.6      30.06       3.02
2:25am            246          3         22         55       17.6      30.05       3.02
2:30am            250          4         22         55       17.5      30.05       3.02
2:35am            349          8         19         55       17.5      30.06       3.02
2:40am            298         10         21         53       17.4      30.05       3.02
2:45am            250          0         26         54       17.3      30.06       3.02
2:50am            231         10         26         53       17.3      30.05       3.02
2:55am            255          5         26         54       17.2      30.06       3.02
3:00am            290         10         26         52       17.2      30.06       3.02
3:05am            250          7         24         51       17.1      30.05       3.02
3:10am            212          7         24         52       17.1      30.06       3.02
3:15am            278         16         24         51       17.0      30.06       3.02
3:20am            173          1         24         52       16.9      30.06       3.02
3:25am            276         12         24         52       16.8      30.07       3.02
3:30am            256         17         24         52       16.8      30.06       3.02
3:35am            280          0         20         53       16.7      30.07       3.02
3:40am            259         25         27         53       16.7      30.07       3.02
3:45am            203          1         28         53       16.6      30.07       3.02
3:50am            236         12         28         53       16.5      30.08       3.02
3:55am            277          7         28         52       16.4      30.08       3.02
4:00am             89          0         28         53       16.4      30.08       3.02
4:05am            165          1         18         53       16.4      30.08       3.02
4:10am            138          0         18         55       16.3      30.09       3.02
4:15am            269          9         21         55       16.3      30.08       3.02
4:20am            264          8         21         54       16.3      30.09       3.02
4:25am            274         12         21         54       16.4      30.09       3.02
4:30am            258         13         21         54       16.3      30.09       3.02
4:35am            268          7         26         55       16.3      30.09       3.02
4:40am            271         18         26         54       16.2      30.09       3.02
4:45am            360          8         26         55       16.2      30.10       3.02
4:50am            288         11         26         55       16.1      30.11       3.02
4:55am            267          7         26         57       16.0      30.11       3.02
5:00am            254          2         26         57       16.0      30.12       3.02
5:05am            297         14         23         57       15.9      30.12       3.02
5:10am            261         10         23         57       15.9      30.12       3.02
5:15am            272          9         23         57       15.9      30.12       3.02
5:20am            276          7         27         57       15.9      30.12       3.02
5:25am            267          1         27         57       15.8      30.13       3.02
5:30am            214          3         27         57       15.8      30.14       3.02
5:35am            259          9         13         58       15.8      30.14       3.02
5:40am            272          6         18         57       15.8      30.14       3.02
5:45am            304          8         18         57       15.8      30.15       3.02
5:50am            250         10         18         57       15.7      30.14       3.02
5:55am            246         12         25         58       15.7      30.14       3.02
6:00am            253          7         25         58       15.6      30.14       3.02
6:05am            274          8         19         59       15.6      30.14       3.02
6:10am            277          6         20         59       15.5      30.14       3.02
6:15am            245          3         20         59       15.5      30.15       3.02
6:20am            266          3         20         59       15.4      30.15       3.02
6:25am            281          7         20         59       15.4      30.15       3.02
6:30am            252          1         20         59       15.4      30.16       3.02
6:35am            278         16         16         59       15.4      30.16       3.02
6:40am            248          4         19         59       15.4      30.16       3.02
6:45am            298          3         19         60       15.3      30.16       3.02
6:50am            216          2         19         60       15.2      30.16       3.02
6:55am            276          2         19         59       15.3      30.17       3.02
7:00am            252          4         19         58       15.3      30.17       3.02
7:05am            271          0         11         59       15.3      30.18       3.02
7:10am             87          4         16         58       15.2      30.18       3.02
7:15am            321          6         16         58       15.3      30.18       3.02
7:20am            136          0         16         57       15.3      30.18       3.02
7:25am            340          4         16         58       15.3      30.19       3.02
7:30am            271          1         18         58       15.3      30.20       3.02
7:35am            311          0         17         59       15.3      30.21       3.02
7:40am            215          6         17         58       15.3      30.21       3.02
7:45am             10          2         17         58       15.4      30.22       3.02
7:50am            229          0         17         59       16.1      30.22       3.02
7:55am            252          3         17         57       16.5      30.23       3.02
8:00am            236          8         17         57       17.0      30.23       3.02
8:05am            101          0         12         57       17.1      30.24       3.02
8:10am            206          3         12         56       17.6      30.24       3.02
8:15am            182          0         12         56       17.9      30.25       3.02
8:20am            264          6         12         55       18.4      30.24       3.02
8:25am            274          5         16         54       18.0      30.25       3.02
8:30am            226          2         16         55       17.8      30.25       3.02
8:35am            193          8         15         55       17.9      30.25       3.02
8:40am            263          3         15         56       17.8      30.25       3.02
8:45am            337          1         18         55       17.7      30.25       3.02
8:50am            271          2         21         55       17.6      30.26       3.02
8:55am             61          4         21         56       17.8      30.26       3.02
9:00am            295          3         21         57       18.0      30.26       3.02
9:05am            191          5         12         55       18.2      30.27       3.02
9:10am            248          2         22         55       18.0      30.27       3.02
9:15am            296         10         22         55       18.2      30.28       3.02
9:20am            277          4         22         54       18.4      30.27       3.02
9:25am            181          2         22         53       18.4      30.28       3.02
9:30am            241          3         22         54       18.8      30.28       3.02
9:35am            281          7         18         53       19.0      30.28       3.02
9:40am            255         10         18         54       19.0      30.28       3.02
9:45am            277          8         21         54       18.8      30.28       3.02
9:50am            307          4         22         53       18.9      30.28       3.02
9:55am            287          5         22         54       19.2      30.29       3.02
10:00am           289          8         22         53       19.7      30.30       3.02
10:05am           262          6         13         52       19.6      30.30       3.02
10:10am           353          0         16         51       19.8      30.31       3.02
10:15am           258          7         16         50       20.2      30.30       3.02
10:20am           271          8         17         50       20.2      30.31       3.02
10:25am           288          2         17         50       20.0      30.31       3.02
10:30am           266         12         17         49       20.1      30.31       3.02
10:35am           267          2         22         46       20.2      30.31       3.02
10:40am           283          9         22         47       20.5      30.32       3.02
10:45am           236          2         22         47       21.0      30.32       3.02
10:50am           307         12         22         47       21.1      30.32       3.02
10:55am           279         12         22         46       21.1      30.32       3.02
10:59am           113          5         22         45       21.0      30.32       3.02
11:05am           249          6         14         46       21.5      30.32       3.02
11:10am           262          1         14         48       21.9      30.33       3.02
11:15am           257          0         14         45       22.1      30.32       3.02
11:20am           220          4         16         45       22.4      30.32       3.02
11:25am           240          2         16         45       22.7      30.33       3.02
11:30am           236          8         16         45       22.9      30.33       3.02
11:35am           253          9         23         43       22.6      30.33       3.02
11:40am           275          3         23         44       22.9      30.33       3.02
11:45am           267          9         23         42       23.3      30.33       3.02
11:50am           223          1         23         41       23.2      30.34       3.02
11:55am           277          5         23         41       23.6      30.33       3.02
12:00pm           234          4         23         39       23.4      30.33       3.02
12:05pm           278         10         16         39       23.5      30.33       3.02
12:10pm           326          4         16         39       23.6      30.34       3.02
12:15pm           283          8         16         39       23.6      30.34       3.02
12:20pm           236         10         16         41       24.2      30.34       3.02
12:25pm           290          3         16         42       24.7      30.34       3.02
12:30pm           319          2         16         36       24.5      30.34       3.02
12:35pm           191          1          7         38       24.7      30.35       3.02
12:40pm           123          4         16         37       25.3      30.35       3.02
12:45pm           263          3         16         37       24.6      30.35       3.02
12:50pm           212          3         20         36       24.6      30.35       3.02
12:55pm           243         11         20         35       24.4      30.35       3.02
1:00pm            205          4         20         37       24.6      30.36       3.02
1:05pm            172          9         17         35       24.4      30.36       3.02
1:10pm            285         10         19         36       24.6      30.35       3.02
1:15pm             57          7         19         34       25.1      30.36       3.02
1:20pm            248          8         20         35       25.1      30.36       3.02
1:25pm            287         14         20         36       25.6      30.36       3.02
1:30pm            238          5         20         36       25.7      30.37       3.02
1:35pm            142          4         13         35       25.9      30.36       3.02
1:40pm             49          7         13         36       26.6      30.37       3.02
1:45pm            275          9         24         33       26.4      30.36       3.02
1:50pm            242          8         24         35       26.5      30.37       3.02
1:54pm             11          8         24         35       26.5      30.37       3.02
2:00pm            264         10         24         33       26.4      30.37       3.02
2:05pm            278          7         17         32       26.4      30.37       3.02
2:10pm            241          5         18         32       26.4      30.37       3.02
2:15pm            155          2         19         33       26.3      30.38       3.02
2:20pm            276          8         20         31       26.6      30.38       3.02
2:25pm            269          3         20         32       26.7      30.38       3.02
2:29pm            275          4         20         32       26.8      30.39       3.02
2:35pm            266          7         19         32       26.5      30.39       3.02
2:40pm            262          3         19         32       26.1      30.39       3.02
2:45pm            259          5         20         34       26.0      30.40       3.02
2:50pm            232          3         20         32       25.9      30.40       3.02
2:55pm             72          1         20         31       25.6      30.40       3.02
3:00pm            219          2         21         33       25.4      30.41       3.02
3:05pm            302         14         21         32       25.5      30.41       3.02
3:10pm            287         12         21         32       25.5      30.41       3.02
3:15pm            278         14         21         32       25.9      30.41       3.02
3:20pm            271          9         21         31       25.8      30.41       3.02
3:25pm            240          8         21         31       25.9      30.41       3.02
3:30pm            321          1         21         32       26.1      30.42       3.02
3:35pm            246          3         15         31       25.7      30.42       3.02
3:40pm            236          8         17         32       25.8      30.42       3.02
3:45pm            129          2         17         32       25.8      30.43       3.02
3:50pm            229          3         17         31       26.2      30.43       3.02
3:55pm            235          4         17         31       27.1      30.43       3.02
4:00pm            233          2         17         31       26.6      30.43       3.02
4:05pm            122          0          9         30       26.3      30.44       3.02
4:10pm            315          0         10         30       26.0      30.44       3.02
4:15pm            240          0         12         32       25.6      30.44       3.02
4:19pm            281          0         12         32       25.1      30.44       3.02
4:25pm             70          0         12         32       24.6      30.44       3.02
4:30pm            233          2         12         33       24.3      30.44       3.02
4:35pm            274          0          3         34       24.1      30.45       3.02
4:40pm             72          1          7         33       23.9      30.45       3.02
4:45pm            293          6          9         33       23.6      30.45       3.02
4:50pm            166          1          9         34       23.3      30.45       3.02
4:55pm            165          0          9         36       23.0      30.46       3.02
5:00pm            233          1          9         35       22.8      30.46       3.02
5:05pm            209          0          9         35       22.7      30.46       3.02
5:10pm            248          3          9         35       22.5      30.47       3.02
5:15pm            101          0          9         35       22.3      30.47       3.02
5:20pm            267          3          9         36       22.1      30.47       3.02
5:25pm             93          0          9         37       22.0      30.47       3.02
5:30pm             72          0          9         35       21.8      30.48       3.02
5:35pm            271          1          5         35       21.7      30.48       3.02
5:40pm            189          0          6         37       21.5      30.48       3.02
5:45pm            131          0          6         37       21.4      30.49       3.02
5:50pm            235          4          6         39       21.3      30.49       3.02
5:55pm            267          0          6         40       21.1      30.49       3.02
6:00pm            259          1          9         38       21.1      30.49       3.02
6:05pm            245          2         10         37       21.1      30.49       3.02
6:10pm            256          1         10         38       21.1      30.50       3.02
6:15pm            116          1         10         37       20.9      30.49       3.02
6:20pm            249          2         10         37       20.9      30.50       3.02
6:25pm            285          4         10         37       20.9      30.50       3.02
6:30pm            276          0         10         37       20.8      30.50       3.02
6:35pm            201          0          7         38       20.7      30.50       3.02
6:40pm            258          3          7         39       20.5      30.50       3.02
6:45pm            297          1          8         37       20.5      30.50       3.02
6:50pm            261          3          8         40       20.4      30.50       3.02
6:55pm            245          0          8         41       20.1      30.51       3.02
7:00pm            259          1          8         42       19.9      30.50       3.02
7:05pm            227          0          4         39       20.0      30.50       3.02
7:10pm            311          0          4         39       19.8      30.51       3.02
7:15pm            264          1          4         39       19.8      30.51       3.02
7:20pm            293          2          6         39       19.8      30.50       3.02
7:25pm            236          1          6         40       19.8      30.51       3.02
7:30pm            262          0          6         40       19.8      30.51       3.02
7:35pm            209          0          2         42       19.5      30.51       3.02
7:40pm            269          1          4         41       19.4      30.51       3.02
7:45pm            273          1          4         41       19.2      30.51       3.02
7:50pm            265          0          4         42       19.1      30.51       3.02
7:55pm            247          0          4         44       18.8      30.51       3.02
8:00pm            272          0          4         45       18.4      30.51       3.02
8:05pm            245          0          2         47       18.1      30.51       3.02
8:10pm            245          0          2         48       17.8      30.51       3.02
8:15pm            246          0          2         48       17.5      30.51       3.02
8:20pm            257          0          3         47       17.7      30.51       3.02
8:25pm            202          0          3         47       17.9      30.51       3.02
8:30pm            240          0          3         47       17.9      30.52       3.02
8:35pm            315          1          2         47       17.8      30.52       3.02
8:40pm            327          1          3         46       17.7      30.52       3.02
8:45pm            253          1          4         47       17.8      30.52       3.02
8:50pm            240          0          5         46       18.0      30.52       3.02
8:55pm            247          0          5         45       17.9      30.53       3.02
9:00pm            280          3          5         45       18.0      30.53       3.02
9:05pm            266          3          6         45       18.2      30.53       3.02
9:10pm            197          0          8         45       18.2      30.53       3.02
9:15pm            243          0          8         47       17.9      30.54       3.02
9:20pm            267          1          8         47       17.8      30.53       3.02
9:25pm            263          0          8         48       17.7      30.53       3.02
9:30pm            281          2          8         48       17.5      30.53       3.02
9:35pm            259          1          4         49       17.4      30.54       3.02
9:40pm            267          3          8         48       17.5      30.54       3.02
9:45pm            248          0          8         49       17.4      30.54       3.02
9:50pm            308          3          8         51       16.9      30.54       3.02
9:55pm            264          3          8         51       16.5      30.54       3.02
10:00pm           264          1          8         53       16.2      30.54       3.02
10:05pm           254          1          4         53       16.2      30.54       3.02
10:10pm           228          0          5         53       16.2      30.54       3.02
10:15pm           255          1          5         54       16.1      30.54       3.02
10:20pm           252          3          5         53       16.2      30.53       3.02
10:25pm           288          2          7         52       16.4      30.53       3.02
10:30pm           283          2          7         53       16.4      30.54       3.02
10:35pm           240          0          6         52       16.3      30.54       3.02
10:40pm           273          1          6         53       16.2      30.54       3.02
10:45pm           279          3          8         52       16.2      30.54       3.02
10:50pm           274          2          8         51       16.3      30.54       3.02
10:55pm           287          3          8         50       16.4      30.53       3.02
11:00pm           233          1          8         50       16.4      30.53       3.02
11:05pm           248          2         10         51       16.4      30.53       3.02
11:10pm           267          9         10         51       16.3      30.53       3.02
11:15pm           238          3         10         51       16.3      30.53       3.02
11:20pm           253          1         10         53       16.2      30.53       3.02
11:25pm           266          3         10         52       16.2      30.54       3.02
11:30pm           238          0         10         53       16.0      30.54       3.02
11:35pm           237          0          6         53       15.9      30.53       3.02
11:40pm           250          0          6         52       15.9      30.54       3.02
11:45pm           276          4          7         53       15.9      30.54       3.02
11:50pm           267          0          7         54       15.9      30.54       3.02
11:55pm           257          1          7         54       15.8      30.55       3.02
