3/9/19
Time         Wind Dir   Wind Spd  Wind Gust   Humidity       Temp  Raw Barom   Tot Rain
                    °        mph        mph          %         °F         in         in
12:00am           269          0          1         65       17.5      30.14       3.32
12:05am           270          0          1         65       17.5      30.14       3.32
12:10am           250          0          1         65       17.1      30.14       3.32
12:15am            63          0          1         66       16.7      30.14       3.32
12:20am            95          0          1         69       16.5      30.14       3.32
12:25am           126          0          1         68       16.0      30.14       3.32
12:30am           126          0          1         69       15.5      30.14       3.32
12:35am           126          0          0         69       15.2      30.15       3.32
12:40am           126          0          0         70       15.1      30.15       3.32
12:45am           126          0          0         70       14.9      30.15       3.32
12:50am           126          0          0         71       14.5      30.14       3.32
12:55am           126          0          0         72       14.5      30.14       3.32
1:00am            229          0          0         73       14.9      30.14       3.32
1:05am            270          0          1         74       15.2      30.14       3.32
1:10am            270          0          1         73       15.1      30.15       3.32
1:15am            216          0          1         73       14.8      30.15       3.32
1:20am            216          0          1         72       13.7      30.15       3.32
1:25am            216          0          1         75       13.5      30.15       3.32
1:30am            266          0          1         76       13.9      30.15       3.32
1:35am            278          0          1         77       13.8      30.15       3.32
1:40am            278          0          1         77       13.6      30.15       3.32
1:45am            276          0          1         77       13.6      30.15       3.32
1:50am            276          0          1         77       13.2      30.15       3.32
1:55am            276          0          1         77       12.8      30.15       3.32
2:00am            268          0          1         77       12.2      30.15       3.32
2:05am            257          0          0         78       11.7      30.14       3.32
2:10am            276          1          1         80       11.5      30.14       3.32
2:15am            279          0          1         80       11.7      30.14       3.32
2:20am            264          0          1         80       11.6      30.14       3.32
2:25am            264          0          1         81       11.5      30.14       3.32
2:30am            264          0          1         81       11.4      30.13       3.32
2:35am            264          0          0         81       11.4      30.13       3.32
2:40am            264          0          0         81       11.6      30.14       3.32
2:45am            264          0          0         81       11.6      30.14       3.32
2:50am            264          0          0         81       11.4      30.13       3.32
2:55am            264          0          0         81       11.1      30.13       3.32
3:00am            264          0          0         82       11.0      30.13       3.32
3:05am            264          0          0         82       11.0      30.13       3.32
3:10am            264          0          0         82       11.2      30.13       3.32
3:15am            264          0          0         82       11.3      30.14       3.32
3:20am            264          0          0         82       11.4      30.14       3.32
3:25am            264          0          0         81       11.3      30.14       3.32
3:30am            264          0          0         81       11.0      30.14       3.32
3:35am            264          0          0         81       10.7      30.14       3.32
3:40am            264          0          0         82       10.5      30.14       3.32
3:45am            264          0          0         83       11.1      30.14       3.32
3:50am            264          0          0         82       11.5      30.14       3.32
3:55am            278          0          1         82       11.8      30.15       3.32
4:00am            281          0          1         81       11.4      30.15       3.32
4:05am            274          0          1         82       11.2      30.15       3.32
4:10am            273          0          1         82       11.2      30.15       3.32
4:15am            278          0          1         82       11.1      30.15       3.32
4:20am            277          0          1         82       10.8      30.15       3.32
4:25am            270          0          1         82       10.7      30.15       3.32
4:30am            276          1          1         82       10.2      30.15       3.32
4:35am            267          1          1         83       10.0      30.15       3.32
4:40am            269          0          1         83        9.9      30.16       3.32
4:45am            264          0          1         83        9.6      30.16       3.32
4:50am            266          0          1         83        9.3      30.16       3.32
4:55am            236          0          1         83        8.9      30.16       3.32
5:00am            236          0          1         85        8.8      30.16       3.32
5:05am            236          0          0         85        8.8      30.17       3.32
5:10am            236          0          0         86        8.9      30.17       3.32
5:15am            245          0          0         86        9.4      30.17       3.32
5:20am            245          0          0         85        9.5      30.18       3.32
5:25am            245          0          0         86       10.0      30.18       3.32
5:30am            245          0          0         85        9.9      30.18       3.32
5:35am            251          0          1         85        9.9      30.18       3.32
5:40am            253          0          1         85        9.9      30.18       3.32
5:45am            253          0          1         85       10.2      30.18       3.32
5:50am            254          0          1         85       10.3      30.19       3.32
5:55am            254          0          1         85       10.6      30.19       3.32
5:59am            254          0          1         84       11.2      30.18       3.32
6:05am            279          0          1         83       11.2      30.18       3.32
6:10am            318          0          1         82       11.0      30.19       3.32
6:15am            286          0          1         82       10.9      30.19       3.32
6:20am            269          0          1         81       10.1      30.19       3.32
6:25am            285          1          2         83        9.3      30.19       3.32
6:30am            267          1          2         84        8.7      30.19       3.32
6:35am            269          1          2         85        8.6      30.20       3.32
6:40am            250          0          2         85        8.5      30.20       3.32
6:45am            259          0          2         86        8.6      30.20       3.32
6:50am            261          0          2         86        8.8      30.21       3.32
6:55am            255          0          2         85        9.2      30.21       3.32
7:00am            263          0          2         84       10.2      30.22       3.32
7:05am            251          0          1         83       11.2      30.22       3.32
7:10am            257          0          1         82       11.9      30.22       3.32
7:15am            252          0          1         81       12.6      30.22       3.32
7:20am            228          0          1         81       13.5      30.22       3.32
7:25am            228          0          1         79       14.7      30.22       3.32
7:30am            191          0          1         78       17.0      30.22       3.32
7:35am            200          0          0         75       18.8      30.23       3.32
7:40am            213          0          0         73       18.8      30.23       3.32
7:45am            283          0          1         72       18.6      30.23       3.32
7:50am            281          0          1         71       19.0      30.24       3.32
7:55am            277          0          1         70       19.9      30.24       3.32
8:00am            276          1          1         67       20.7      30.24       3.32
8:05am            274          0          1         66       20.9      30.24       3.32
8:10am            278          0          1         65       21.5      30.24       3.32
8:15am            278          0          1         64       22.1      30.25       3.32
8:20am            278          1          1         64       24.0      30.25       3.32
8:25am            265          0          2         60       24.2      30.25       3.32
8:30am            280          1          2         60       24.2      30.25       3.32
8:35am            265          0          1         60       25.1      30.25       3.32
8:40am            270          0          3         55       26.5      30.25       3.32
8:45am            264          2          5         50       27.6      30.26       3.32
8:50am             84          3          5         47       28.4      30.26       3.32
8:55am            262          2          5         45       29.0      30.26       3.32
8:59am            113          0          5         45       29.4      30.26       3.32
9:05am            198          0          4         48       29.8      30.26       3.32
9:10am            278          1          4         44       30.4      30.26       3.32
9:15am            267          3          6         43       30.4      30.26       3.32
9:20am            297          0          6         43       30.4      30.27       3.32
9:25am            251          4          6         43       30.7      30.27       3.32
9:30am            224          0          7         42       31.0      30.27       3.32
9:35am            279          6          6         39       31.4      30.27       3.32
9:40am            323          0          8         37       31.7      30.27       3.32
9:45am             89          1          8         34       31.4      30.27       3.32
9:50am             98          1          8         35       31.5      30.27       3.32
9:55am             80          0         10         35       31.6      30.27       3.32
10:00am           184          0         10         38       32.1      30.28       3.32
10:05am           323          0          6         36       32.5      30.27       3.32
10:10am           152          0          8         37       32.4      30.27       3.32
10:15am           162          0          8         38       32.8      30.27       3.32
10:20am           233          2          8         39       34.0      30.28       3.32
10:25am           274          1          8         37       33.4      30.27       3.32
10:30am           309          0          8         39       33.8      30.27       3.32
10:35am           109          0          2         35       34.1      30.27       3.32
10:40am           256          1          4         37       34.3      30.27       3.32
10:45am           155          1          5         37       34.3      30.27       3.32
10:50am           127          0          8         35       33.9      30.27       3.32
10:55am           328          0          8         37       34.0      30.27       3.32
11:00am           107          3          8         38       34.2      30.27       3.32
11:05am           113          4          7         39       34.1      30.28       3.32
11:10am            65          5          9         39       33.9      30.28       3.32
11:15am            89          3          9         40       34.1      30.27       3.32
11:20am            25          0          9         39       34.4      30.28       3.32
11:25am           181          0          9         38       34.5      30.27       3.32
11:30am           152          0          9         38       34.5      30.27       3.32
11:35am           195          2          6         37       34.6      30.28       3.33
11:40am           105          0          6         36       35.2      30.28       3.33
11:45am           214          2          6         37       35.9      30.28       3.33
11:50am           164          1          7         37       35.9      30.28       3.33
11:55am           212          1          7         37       36.0      30.28       3.33
12:00pm           250          1          7         36       36.5      30.28       3.33
12:05pm           306          2          7         39       36.1      30.28       3.33
12:10pm           273          7          8         38       35.8      30.28       3.33
12:15pm           245          2          8         36       35.7      30.28       3.33
12:20pm           104          2          8         38       36.4      30.28       3.34
12:25pm           243          3          8         39       36.6      30.28       3.34
12:30pm           258          4          8         37       36.5      30.27       3.34
12:35pm           106          5          6         35       36.5      30.27       3.34
12:40pm           297          0          6         36       37.2      30.27       3.34
12:45pm           266          0          6         37       37.8      30.27       3.34
12:50pm           137          0          6         35       37.5      30.27       3.34
12:55pm           252          0          7         35       37.7      30.27       3.34
1:00pm             84          2          7         36       37.9      30.27       3.34
1:05pm            132          0          6         34       38.1      30.27       3.34
1:10pm            259          3          6         35       38.7      30.27       3.34
1:15pm            282          2         10         36       38.1      30.26       3.34
1:20pm            256          3         10         35       37.8      30.26       3.34
1:25pm            279          1         10         34       38.4      30.26       3.34
1:30pm             80          3         10         35       39.1      30.25       3.34
1:35pm            102          1          4         32       38.5      30.25       3.34
1:40pm             60          1          6         34       38.7      30.26       3.35
1:45pm             50          0          6         33       38.9      30.26       3.35
1:50pm             94          2          6         35       39.6      30.26       3.35
1:55pm             81          2         10         36       38.5      30.27       3.35
2:00pm            226          1         10         34       38.9      30.27       3.35
2:05pm            279          0          3         36       40.3      30.27       3.35
2:10pm             80          0          7         30       41.2      30.27       3.35
2:15pm             40          1          7         33       40.8      30.27       3.35
2:20pm             88          4         10         34       39.9      30.27       3.35
2:25pm             99          6         10         35       39.2      30.27       3.35
2:30pm            103          2         10         33       39.2      30.27       3.35
2:35pm             96          2         10         36       39.1      30.27       3.35
2:40pm             96          1         10         34       39.1      30.28       3.35
2:45pm            125          0         10         33       40.3      30.28       3.35
2:50pm            112          0         10         34       41.3      30.28       3.35
2:55pm            266          2         10         30       42.0      30.28       3.35
3:00pm            103          1         10         32       41.2      30.28       3.35
3:05pm            108          1          8         32       40.5      30.28       3.35
3:10pm            133          0          8         31       41.3      30.28       3.35
3:15pm            262          0          8         29       41.5      30.28       3.35
3:20pm             53          2          8         31       41.7      30.28       3.35
3:25pm            165          0          8         31       41.2      30.28       3.35
3:30pm            250          3          8         31       41.6      30.28       3.35
3:35pm            221          1          5         30       41.7      30.28       3.35
3:40pm            104          1          5         29       42.3      30.28       3.35
3:45pm            101          4          5         31       41.7      30.28       3.35
3:50pm             83          4          5         33       40.7      30.28       3.35
3:55pm            204          1          5         33       40.8      30.28       3.35
4:00pm            114          0          5         33       42.3      30.29       3.35
4:05pm            207          0          5         30       42.6      30.29       3.35
4:10pm            276          0          5         29       42.9      30.30       3.35
4:15pm            269          0          5         30       43.9      30.31       3.35
4:20pm             50          0          5         30       43.3      30.31       3.35
4:25pm             79          3          6         30       41.8      30.30       3.35
4:29pm            110          1          6         33       40.7      30.29       3.35
4:35pm            113          0          5         32       40.4      30.30       3.35
4:40pm             79          3          5         33       39.9      30.29       3.35
4:45pm            120          0          5         33       39.8      30.30       3.35
4:50pm             86          0          5         33       39.8      30.30       3.35
4:54pm            178          0          5         31       39.6      30.31       3.35
4:59pm            113          0          5         34       39.1      30.31       3.35
5:05pm            207          0          2         32       38.8      30.31       3.35
5:10pm            222          0          2         32       38.7      30.31       3.35
5:15pm            150          0          2         34       38.8      30.32       3.35
5:20pm              7          1          2         31       38.1      30.31       3.35
5:25pm             96          0          2         33       37.1      30.32       3.35
5:30pm             88          0          2         38       35.8      30.32       3.35
5:35pm             98          0          1         38       34.0      30.32       3.35
5:40pm             98          0          1         39       32.9      30.32       3.35
5:45pm             79          0          1         38       33.0      30.33       3.35
5:50pm             79          0          1         41       32.4      30.33       3.35
5:55pm             79          0          1         43       32.0      30.33       3.35
6:00pm             79          0          1         45       31.7      30.33       3.35
6:04pm             79          0          0         50       30.8      30.33       3.35
6:09pm             79          0          0         54       29.9      30.33       3.35
6:15pm             79          0          0         59       29.0      30.33       3.35
6:19pm             79          0          0         56       28.3      30.33       3.35
6:25pm             79          0          0         54       28.0      30.34       3.35
6:29pm             79          0          0         52       27.9      30.34       3.35
6:34pm             79          0          0         52       28.2      30.34       3.35
6:39pm            208          0          0         54       26.9      30.34       3.35
6:45pm            208          0          0         56       24.6      30.35       3.35
6:50pm            208          0          0         60       23.3      30.35       3.35
6:54pm            208          0          0         60       22.4      30.35       3.35
7:00pm            208          0          0         63       22.3      30.36       3.35
7:04pm            208          0          0         63       22.1      30.35       3.35
7:10pm            208          0          0         62       22.0      30.35       3.35
7:14pm            208          0          0         62       22.8      30.36       3.35
7:20pm            172          0          0         63       23.1      30.36       3.35
7:24pm            158          0          0         66       23.0      30.36       3.35
7:29pm            158          0          0         63       22.2      30.36       3.35
7:35pm            158          0          0         62       20.2      30.36       3.35
7:39pm            158          0          0         64       18.3      30.36       3.35
7:44pm            158          0          0         69       17.7      30.36       3.35
7:49pm            158          0          0         71       18.6      30.36       3.35
7:55pm            158          0          0         71       19.9      30.36       3.35
8:00pm            152          0          0         67       20.1      30.36       3.35
8:04pm            123          0          0         66       18.8      30.35       3.35
8:09pm            123          0          0         69       17.5      30.35       3.35
8:15pm            123          0          0         71       17.0      30.35       3.35
8:19pm            123          0          0         72       17.0      30.35       3.35
8:24pm            123          0          0         74       17.1      30.34       3.35
8:30pm            123          0          0         75       17.3      30.34       3.35
8:34pm            123          0          0         75       17.4      30.34       3.35
8:40pm            128          0          0         72       17.1      30.33       3.35
8:45pm            128          0          0         71       15.8      30.33       3.35
8:49pm            213          0          1         73       14.8      30.33       3.35
8:54pm            210          0          1         75       14.7      30.34       3.35
9:00pm            210          0          1         78       15.8      30.34       3.35
9:04pm            210          0          0         77       16.6      30.35       3.35
9:09pm            210          0          0         77       18.2      30.35       3.35
9:14pm            210          0          0         75       18.9      30.35       3.35
9:19pm            210          0          0         75       19.0      30.36       3.35
9:24pm             92          0          0         74       18.9      30.36       3.35
9:29pm             91          0          1         74       18.5      30.36       3.35
9:34pm            125          0          1         72       17.1      30.36       3.35
9:40pm            125          0          1         75       16.0      30.37       3.35
9:45pm            125          0          1         76       16.1      30.37       3.35
9:50pm            136          0          1         78       16.7      30.38       3.35
9:55pm             26          0          1         78       17.0      30.39       3.35
9:59pm             82          0          1         78       17.7      30.39       3.35
10:04pm           112          0          1         77       17.3      30.39       3.35
10:09pm           112          0          1         77       17.1      30.39       3.35
10:14pm           113          0          1         77       16.7      30.39       3.35
10:19pm            81          0          1         78       17.3      30.40       3.35
10:24pm            81          0          1         77       17.7      30.40       3.35
10:29pm            81          0          1         78       17.8      30.39       3.35
10:35pm           122          0          1         76       17.0      30.39       3.35
10:39pm            84          0          1         75       15.8      30.39       3.35
10:44pm            95          2          8         80       18.0      30.39       3.35
10:49pm            64          9         12         64       23.3      30.39       3.35
10:54pm           101          1         14         58       25.2      30.39       3.35
11:00pm            83          2         14         57       26.1      30.39       3.35
11:04pm            72          5         13         57       26.3      30.39       3.35
11:09pm            82          0         13         57       26.5      30.40       3.35
11:14pm           356          3         13         56       26.7      30.40       3.35
11:19pm            86          2         13         56       26.8      30.40       3.35
11:24pm           120          0         13         56       26.6      30.40       3.35
11:29pm            42          0         13         56       26.6      30.40       3.35
11:34pm            69          1          9         57       26.6      30.40       3.35
11:40pm            62          4          9         58       26.5      30.40       3.35
11:45pm           333          1          9         58       26.4      30.40       3.35
11:49pm           124          4          9         58       26.3      30.40       3.35
11:54pm           349          0          9         58       26.2      30.40       3.35
