4/26/19
Time         Wind Dir   Wind Spd  Wind Gust   Humidity       Temp  Raw Barom   Tot Rain
                    °        mph        mph          %         °F         in         in
12:00am           103          8         13         79       46.0      29.87       7.51
12:05am            96          3         13         79       45.9      29.87       7.51
12:10am            96          6         13         79       45.8      29.88       7.51
12:15am            75          3         13         80       45.8      29.88       7.51
12:20am            82          2         13         79       45.8      29.88       7.51
12:25am           108          1         13         79       45.7      29.87       7.51
12:30am           115          3         13         80       45.7      29.87       7.51
12:35am            76          4         10         80       45.6      29.87       7.51
12:40am           123          4         10         80       45.6      29.86       7.51
12:45am            77          3         10         80       45.6      29.86       7.51
12:50am            68          6         10         80       45.5      29.86       7.51
12:55am            79          9         10         80       45.5      29.86       7.51
1:00am             75          6         11         81       45.4      29.86       7.51
1:05am             88          5          9         81       45.3      29.87       7.51
1:10am             64          4          9         81       45.2      29.87       7.51
1:15am             82          2          9         81       45.1      29.87       7.51
1:20am             71          4          9         81       45.0      29.86       7.51
1:25am            100          8          9         82       44.9      29.86       7.51
1:30am             96          5          9         82       44.8      29.86       7.51
1:35am            101          8         11         82       44.6      29.85       7.51
1:40am             79          4         11         83       44.5      29.85       7.51
1:45am             68          7         11         83       44.3      29.85       7.51
1:50am            105          6         11         84       44.1      29.85       7.51
1:55am             79          5         11         84       43.9      29.85       7.51
2:00am            108          8         11         84       43.8      29.85       7.51
2:05am             81          6          9         84       43.6      29.84       7.51
2:10am             80          8          9         85       43.5      29.85       7.51
2:15am             71          6          9         85       43.3      29.85       7.51
2:20am             92          4          9         85       43.2      29.84       7.51
2:25am             58          3          9         85       43.1      29.84       7.51
2:30am             97          2          9         86       43.0      29.84       7.51
2:35am             73          1          7         86       42.9      29.85       7.51
2:40am             76          8         10         86       42.7      29.85       7.51
2:45am             87          5         10         86       42.7      29.85       7.51
2:50am            126          4         10         86       42.6      29.84       7.51
2:55am             37          3         12         87       42.5      29.84       7.51
3:00am             87          2         12         87       42.4      29.84       7.51
3:05am             88          3          9         87       42.3      29.83       7.51
3:10am            100          4          9         87       42.2      29.83       7.51
3:15am             93          7         13         88       42.1      29.83       7.51
3:20am             65          3         13         88       42.1      29.83       7.51
3:25am            114          2         13         88       42.1      29.83       7.51
3:30am            100          3         13         88       42.1      29.83       7.51
3:35am             70          1          6         88       42.1      29.83       7.51
3:40am             72          2          7         88       42.1      29.84       7.51
3:45am             91          2         10         88       42.0      29.83       7.51
3:50am             85          5         10         89       41.9      29.83       7.51
3:55am            115          3         10         89       41.8      29.84       7.51
4:00am             65          4         10         89       41.8      29.84       7.51
4:05am            106          1          9         89       41.8      29.84       7.51
4:10am            108          2          9         89       41.8      29.84       7.51
4:15am            133          2          9         89       41.8      29.83       7.51
4:20am             83          2          9         90       41.7      29.83       7.51
4:25am             67          4          9         90       41.7      29.84       7.51
4:30am            169          1          9         90       41.6      29.84       7.51
4:35am            176          0          6         90       41.6      29.84       7.51
4:40am             65          2          8         91       41.5      29.84       7.51
4:45am             27          5          9         91       41.5      29.84       7.51
4:50am             79          4          9         91       41.5      29.84       7.51
4:55am            101          4          9         92       41.3      29.84       7.51
5:00am            113          1          9         92       41.3      29.84       7.51
5:05am             67          0          6         92       41.2      29.84       7.51
5:10am             72          2          8         93       41.2      29.84       7.51
5:15am             80          5          8         93       41.2      29.84       7.51
5:20am             79          8          8         93       41.2      29.84       7.51
5:25am            103          6         11         93       41.1      29.84       7.51
5:30am             91          3         11         93       41.1      29.84       7.51
5:35am            169          4          9         93       41.0      29.83       7.51
5:40am             93          1          9         94       41.0      29.83       7.51
5:45am             70          4          9         94       40.9      29.83       7.51
5:50am             88          8         10         94       40.9      29.83       7.51
5:55am            136          4         12         94       40.9      29.83       7.51
6:00am             98          3         12         94       40.9      29.83       7.51
6:05am             76          7          9         94       40.9      29.83       7.51
6:10am             61          1         13         94       40.9      29.82       7.51
6:15am             77          7         13         94       40.9      29.82       7.51
6:20am             39          5         13         95       41.0      29.82       7.51
6:25am            151          3         13         95       41.0      29.82       7.51
6:30am            158          3         13         95       41.1      29.82       7.51
6:35am             81          5          8         95       41.1      29.83       7.51
6:40am             82          7         11         95       41.1      29.83       7.51
6:45am             76          5         11         95       41.1      29.83       7.51
6:50am             47          7         11         95       41.2      29.83       7.51
6:55am            108          1         11         95       41.2      29.83       7.52
7:00am             39          4         11         95       41.2      29.84       7.52
7:05am             77          6         12         95       41.2      29.84       7.52
7:10am             77          5         12         95       41.1      29.84       7.52
7:15am            119          5         12         95       41.1      29.84       7.52
7:20am             94          5         12         95       41.1      29.84       7.52
7:25am             77          1         12         95       41.1      29.84       7.52
7:30am             63          2         12         95       41.2      29.84       7.52
7:35am            117          0          3         96       41.2      29.84       7.53
7:40am            102          2          9         96       41.3      29.84       7.53
7:45am            207          0          9         96       41.3      29.84       7.53
7:50am             88          3          9         96       41.3      29.84       7.54
7:55am            118          0          9         96       41.4      29.84       7.54
8:00am             63          0          9         96       41.4      29.83       7.54
8:05am             73          1          5         96       41.4      29.83       7.54
8:10am             49          3          6         96       41.5      29.83       7.55
8:15am             68          1          6         96       41.5      29.83       7.55
8:20am             96          0          6         96       41.6      29.83       7.55
8:25am            360          0          6         96       41.6      29.83       7.55
8:30am            108          0          6         96       41.6      29.83       7.56
8:35am            216          0          1         96       41.7      29.83       7.56
8:40am             70          1          2         96       41.8      29.83       7.56
8:45am             76          8          8         96       41.9      29.83       7.56
8:50am             39          0         10         96       41.9      29.82       7.57
8:55am             75          2         10         96       42.0      29.82       7.57
9:00am             97          3         10         96       42.1      29.81       7.57
9:05am             94          4          7         96       42.2      29.81       7.58
9:10am             87          1          8         96       42.2      29.81       7.58
9:15am             67          0          8         96       42.3      29.80       7.58
9:20am             80          2          8         95       42.3      29.81       7.59
9:25am            103          1          8         96       42.4      29.80       7.59
9:30am            104          0          8         96       42.4      29.80       7.59
9:35am             71          2         10         95       42.5      29.80       7.59
9:40am             89          5         11         95       42.6      29.80       7.60
9:45am            129          8         12         95       42.7      29.79       7.60
9:50am            103          2         15         95       42.7      29.79       7.61
9:55am             98          4         15         95       42.9      29.79       7.61
10:00am            82          4         15         95       43.0      29.78       7.61
10:05am           107          0         11         95       43.0      29.78       7.62
10:10am            63          3         11         95       43.1      29.78       7.62
10:15am            63          3         18         95       43.2      29.78       7.62
10:20am           164          2         18         95       43.2      29.78       7.63
10:25am            78          7         18         95       43.3      29.78       7.63
10:30am            51          1         18         95       43.4      29.77       7.63
10:35am            89          6         15         95       43.4      29.77       7.63
10:40am            68          3         19         95       43.5      29.76       7.64
10:45am            91         12         19         95       43.6      29.77       7.64
10:50am            72          5         19         95       43.5      29.77       7.64
10:55am            71          6         19         95       43.5      29.78       7.64
11:00am           159          3         19         94       43.4      29.77       7.64
11:05am           172          4         17         94       43.4      29.77       7.65
11:10am           117          4         17         94       43.5      29.76       7.66
11:15am            56          5         17         94       43.6      29.77       7.66
11:20am           340          2         17         95       43.5      29.77       7.66
11:25am           124          2         17         95       43.7      29.76       7.66
11:30am            70          8         17         95       43.7      29.75       7.66
11:35am            83          8         16         95       43.8      29.74       7.66
11:40am           135          3         18         95       43.8      29.75       7.67
11:45am            68          2         18         95       43.8      29.75       7.67
11:50am            46          4         18         95       43.8      29.75       7.67
11:55am           134          6         18         95       43.9      29.74       7.67
12:00pm            45          8         18         95       43.9      29.73       7.67
12:05pm            62          6         17         95       43.9      29.73       7.67
12:10pm            34         12         17         95       43.9      29.72       7.67
12:15pm            63          6         23         95       43.9      29.72       7.67
12:20pm            88          3         23         95       44.0      29.72       7.67
12:25pm            73          0         23         95       43.9      29.72       7.67
12:30pm            47          6         23         95       43.9      29.72       7.67
12:35pm           355          2         17         95       43.9      29.72       7.67
12:40pm            76         10         17         95       43.9      29.71       7.67
12:45pm            98          3         21         95       43.8      29.70       7.67
12:50pm           110          2         21         95       43.8      29.70       7.67
12:55pm           146          1         21         95       43.8      29.70       7.67
1:00pm             43          4         21         95       43.9      29.69       7.67
1:05pm             76          9         17         95       43.9      29.69       7.67
1:10pm            104          3         18         95       43.8      29.68       7.67
1:15pm             84         24         24         95       43.8      29.68       7.67
1:20pm             78         13         24         95       43.7      29.68       7.67
1:25pm             97         10         24         95       43.7      29.69       7.67
1:30pm             92          7         24         95       43.6      29.69       7.67
1:35pm             75          7         21         95       43.6      29.68       7.67
1:40pm             92         10         24         95       43.6      29.68       7.67
1:45pm             82         10         24         95       43.5      29.68       7.67
1:50pm            104          3         24         95       43.6      29.70       7.67
1:55pm            116         11         24         95       43.6      29.70       7.67
2:00pm             67         12         24         95       43.5      29.70       7.68
2:05pm             91         11         18         95       43.5      29.70       7.68
2:10pm             76          6         19         95       43.4      29.70       7.68
2:15pm             47          4         20         95       43.3      29.70       7.68
2:20pm             84          5         20         95       43.3      29.67       7.69
2:25pm             89         13         22         95       43.2      29.67       7.69
2:30pm             46         10         26         95       43.1      29.67       7.69
2:35pm             77         22         22         95       43.0      29.67       7.69
2:40pm             94          5         24         95       42.9      29.67       7.69
2:45pm             97         18         24         95       42.7      29.67       7.69
2:50pm             98         13         24         95       42.6      29.65       7.69
2:55pm             90         13         24         95       42.5      29.64       7.69
3:00pm             38          5         33         95       42.4      29.64       7.69
3:05pm             90         12         25         95       42.2      29.64       7.69
3:10pm             82         22         25         96       41.9      29.64       7.69
3:15pm             91          9         25         96       41.7      29.64       7.69
3:20pm            101          7         25         96       41.6      29.65       7.69
3:25pm             68         10         25         96       41.5      29.68       7.69
3:30pm             49          1         25         96       41.5      29.68       7.71
3:35pm             92         10         16         96       41.3      29.67       7.74
3:40pm             84          7         19         96       41.1      29.64       7.74
3:45pm             62         15         24         96       41.1      29.63       7.74
3:50pm             58         18         27         96       41.1      29.62       7.74
3:55pm             72         16         27         96       41.0      29.62       7.74
4:00pm             89         14         27         96       40.9      29.63       7.74
4:05pm             69         13         26         96       40.9      29.62       7.74
4:10pm             70         13         28         96       40.8      29.62       7.74
4:15pm             88         18         28         96       40.7      29.63       7.74
4:20pm             59          5         28         96       40.6      29.63       7.74
4:25pm             81          5         28         96       40.5      29.63       7.74
4:30pm             68          6         28         96       40.4      29.63       7.74
4:35pm            100          4         20         96       40.4      29.63       7.74
4:40pm             63          9         20         96       40.2      29.63       7.74
4:45pm            111          9         20         96       40.2      29.62       7.74
4:50pm            140         11         22         96       40.1      29.63       7.74
4:55pm             96         10         22         96       40.0      29.64       7.74
5:00pm             85         17         22         96       40.0      29.64       7.74
5:05pm             77         10         25         96       39.9      29.64       7.74
5:10pm             73          8         25         96       39.8      29.63       7.74
5:15pm             88         17         25         96       39.8      29.64       7.74
5:20pm            107         10         25         96       39.7      29.65       7.74
5:25pm            338         11         25         96       39.6      29.64       7.74
5:30pm             83         17         25         96       39.5      29.60       7.74
5:35pm             78         12         19         96       39.6      29.58       7.74
5:40pm             81          8         19         96       39.7      29.59       7.74
5:45pm             89          8         19         96       39.7      29.59       7.74
5:50pm            205          5         19         96       39.7      29.59       7.74
5:55pm             46          9         23         96       39.8      29.58       7.74
6:00pm            143          5         23         96       39.8      29.59       7.74
6:05pm            108         10         18         96       39.8      29.59       7.74
6:10pm            100          6         18         96       39.9      29.58       7.74
6:15pm            110          8         18         96       40.0      29.58       7.74
6:20pm             96         11         18         96       39.9      29.59       7.74
6:25pm             80         13         18         96       39.8      29.58       7.74
6:30pm             83          8         22         96       39.6      29.58       7.74
6:35pm             91          6         19         96       39.7      29.58       7.74
6:40pm             93         15         19         96       39.6      29.57       7.74
6:45pm            123         13         19         96       39.5      29.57       7.74
6:50pm             77         10         19         96       39.5      29.57       7.74
6:55pm             64         14         20         96       39.4      29.57       7.74
7:00pm             83         13         20         96       39.3      29.57       7.74
7:05pm            104          2         14         96       39.3      29.57       7.74
7:10pm             80          3         14         96       39.3      29.58       7.74
7:15pm            108         11         22         96       39.2      29.56       7.74
7:20pm             86          8         24         96       39.1      29.56       7.74
7:25pm            105          6         24         96       39.0      29.56       7.74
7:30pm            113          8         24         96       38.9      29.55       7.74
7:35pm            105         14         22         96       38.9      29.55       7.74
7:40pm            101          4         22         96       38.9      29.55       7.74
7:45pm            150          7         22         96       38.8      29.55       7.74
7:50pm            153          8         24         96       38.9      29.56       7.74
7:55pm            106          3         24         96       38.9      29.56       7.74
8:00pm             82          6         24         97       38.9      29.56       7.74
8:05pm            140          6         18         97       38.9      29.55       7.74
8:10pm            105         10         19         97       38.9      29.56       7.74
8:15pm            218          5         19         97       38.8      29.56       7.74
8:20pm             89          7         19         96       38.7      29.56       7.74
8:25pm            123          8         19         97       38.7      29.56       7.74
8:30pm             97          3         19         96       38.7      29.56       7.74
8:35pm            124          6         22         96       38.6      29.56       7.74
8:40pm             86          6         22         97       38.6      29.57       7.74
8:45pm            109         11         22         97       38.5      29.58       7.75
8:50pm            130         12         22         97       38.5      29.56       7.76
8:55pm             94          9         22         97       38.4      29.57       7.77
9:00pm            105          3         22         97       38.4      29.56       7.78
9:05pm             84         13         23         97       38.2      29.56       7.78
9:10pm             35         13         23         97       38.2      29.55       7.78
9:15pm             97         11         23         97       38.1      29.54       7.78
9:20pm             86          7         23         97       38.1      29.54       7.78
9:25pm             92         13         23         97       38.1      29.54       7.78
9:30pm            103          8         23         97       38.1      29.53       7.78
9:35pm             96          7         20         97       38.1      29.54       7.78
9:40pm             60          8         20         97       38.1      29.52       7.78
9:45pm            105          5         20         97       38.1      29.53       7.78
9:50pm             99          5         20         97       38.1      29.53       7.79
9:55pm             86          8         20         97       38.1      29.51       7.79
10:00pm            87         11         20         97       38.1      29.50       7.79
10:05pm            72         13         14         97       38.0      29.50       7.79
10:10pm           101          8         14         97       37.9      29.49       7.79
10:15pm            89          7         18         97       37.9      29.49       7.79
10:20pm            63          3         18         97       37.9      29.49       7.79
10:25pm           100          3         18         97       37.8      29.47       7.79
10:30pm            78         10         18         97       37.8      29.47       7.79
10:35pm            86          3         12         97       37.8      29.47       7.79
10:40pm            66         16         16         97       37.8      29.47       7.79
10:45pm           130          9         16         97       37.8      29.47       7.79
10:50pm            99          7         16         97       37.8      29.47       7.79
10:55pm            92          3         21         97       37.8      29.46       7.79
11:00pm            92          4         21         97       37.8      29.46       7.79
11:05pm            82         19         19         97       37.7      29.46       7.79
11:10pm            91          5         20         97       37.7      29.45       7.79
11:15pm            78          9         20         97       37.6      29.45       7.79
11:20pm            83          7         20         97       37.5      29.44       7.79
11:25pm            99         14         21         97       37.3      29.43       7.79
11:30pm           130          9         23         97       37.2      29.43       7.79
11:35pm           107         15         20         97       37.2      29.42       7.79
11:40pm            89         10         20         97       37.1      29.42       7.79
11:45pm            77          9         20         97       37.0      29.40       7.79
11:50pm            61          6         20         97       37.1      29.40       7.79
11:55pm            88         13         25         97       37.0      29.40       7.79
