4/1/19
Time         Wind Dir   Wind Spd  Wind Gust   Humidity       Temp  Raw Barom   Tot Rain
                    °        mph        mph          %         °F         in         in
12:00am           247          1         11         81       32.3      29.68       4.29
12:05am           246          5          6         81       32.3      29.68       4.29
12:10am           257          0          9         81       32.3      29.68       4.29
12:15am           255          0          9         80       32.3      29.68       4.29
12:20am           261          0          9         80       32.3      29.68       4.29
12:25am           235          4          9         80       32.3      29.68       4.29
12:30am           110          0          9         80       32.3      29.69       4.29
12:35am           264          0          8         79       32.3      29.69       4.29
12:40am           159          1          8         80       32.3      29.69       4.29
12:45am           219          0          8         80       32.2      29.69       4.29
12:50am           293          1          8         81       32.1      29.70       4.29
12:55am           263          0          8         81       32.0      29.70       4.29
1:00am            231          0          8         81       31.9      29.70       4.29
1:05am            264          1          8         81       31.7      29.70       4.29
1:10am            241          0          8         80       31.6      29.70       4.29
1:15am            266          1          8         80       31.4      29.70       4.29
1:20am            141          0          8         80       31.3      29.71       4.29
1:25am            255          0          8         79       31.2      29.71       4.29
1:30am            221          0          8         79       31.0      29.71       4.29
1:35am            243          0          4         79       30.8      29.71       4.29
1:40am             44          1          4         79       30.7      29.71       4.29
1:45am            278          1          4         80       30.5      29.71       4.29
1:50am            259          1          4         79       30.4      29.71       4.29
1:55am            205          0          4         78       30.5      29.71       4.29
2:00am            278          1          4         79       30.4      29.71       4.29
2:05am            262          4          6         78       30.3      29.71       4.29
2:10am             12          0          8         78       30.4      29.72       4.29
2:15am            266          0          8         78       30.3      29.71       4.29
2:20am            192          0          8         78       30.2      29.72       4.29
2:25am            274          0          8         78       30.2      29.71       4.29
2:30am            267          1          8         79       30.1      29.72       4.29
2:35am            241          0          4         78       30.2      29.72       4.29
2:40am            290          0          4         79       30.1      29.72       4.29
2:45am            280          0          4         79       30.0      29.72       4.29
2:50am            254          3          7         79       29.9      29.72       4.29
2:55am            268          3          7         80       29.8      29.72       4.29
3:00am            266          0          7         80       29.7      29.72       4.29
3:05am            262          0          5         80       29.7      29.72       4.29
3:10am            294          3          5         80       29.6      29.72       4.29
3:15am            290          4          5         79       29.6      29.72       4.29
3:20am            224          0          5         79       29.6      29.72       4.29
3:25am            215          0         11         78       29.6      29.72       4.29
3:30am            274          3         11         78       29.5      29.73       4.29
3:35am            265          6         13         77       29.5      29.73       4.29
3:40am            262          2         13         76       29.5      29.73       4.29
3:45am            281          3         13         75       29.4      29.73       4.29
3:50am            244          4         13         74       29.5      29.73       4.29
3:55am            241          1         13         75       29.4      29.73       4.29
4:00am            255          7         13         75       29.4      29.73       4.29
4:05am            243          2         12         75       29.3      29.73       4.29
4:10am            226          8         13         75       29.3      29.74       4.29
4:15am            285         11         13         75       29.2      29.74       4.29
4:20am            252          3         13         76       29.2      29.75       4.29
4:25am            276          5         13         77       29.2      29.75       4.29
4:30am            226          0         13         77       29.0      29.75       4.29
4:35am            279          3          6         78       29.0      29.75       4.29
4:40am            277          2         11         77       28.8      29.76       4.29
4:45am            252          0         11         78       28.8      29.76       4.29
4:50am            247          0         11         77       28.8      29.77       4.29
4:55am            271          7         11         77       28.8      29.76       4.29
5:00am            266          3         11         77       28.8      29.77       4.29
5:05am            349          1          9         76       28.7      29.77       4.29
5:10am            168          0         14         75       28.7      29.77       4.29
5:15am            263          1         14         75       28.7      29.78       4.29
5:20am            323          3         14         75       28.7      29.78       4.29
5:25am            253          7         14         74       28.6      29.78       4.29
5:30am            278         13         18         73       28.6      29.79       4.29
5:35am            287          1         13         73       28.6      29.79       4.29
5:40am            273          2         13         72       28.5      29.80       4.29
5:45am            241          0         13         73       28.4      29.80       4.29
5:50am            280          2         13         72       28.2      29.81       4.29
5:55am            269          1         13         72       28.2      29.81       4.29
6:00am            262          3         15         71       28.0      29.81       4.29
6:05am            219          0          6         71       27.9      29.81       4.29
6:10am            309          2         10         71       27.8      29.82       4.29
6:15am            271          1         10         70       27.8      29.83       4.29
6:20am            158          0         10         71       27.7      29.83       4.29
6:25am            271          1         10         71       27.6      29.83       4.29
6:30am            238          1         10         72       27.5      29.83       4.29
6:35am            354          4          7         73       27.5      29.84       4.29
6:40am            358          1          7         73       27.5      29.84       4.29
6:45am            233          0          9         73       27.5      29.85       4.29
6:50am            250          2          9         74       27.4      29.85       4.29
6:55am            278          1          9         74       27.5      29.86       4.29
7:00am            276          1          9         74       27.5      29.86       4.29
7:05am            292          5         11         74       27.5      29.86       4.29
7:10am            276          0         11         75       27.6      29.87       4.29
7:15am            264          2         11         75       27.7      29.87       4.29
7:20am            203          0         11         75       27.8      29.87       4.29
7:25am            272          1         11         75       28.1      29.88       4.29
7:30am            297          2         11         75       28.6      29.88       4.29
7:35am            299          0          5         75       28.8      29.88       4.29
7:40am            246          3          8         74       28.7      29.88       4.29
7:45am            291          3         13         74       28.2      29.89       4.29
7:50am            258          1         13         74       28.0      29.89       4.29
7:55am            105          2         13         74       27.9      29.89       4.29
8:00am            259          4         13         73       28.0      29.89       4.29
8:05am            267          1          6         73       28.3      29.89       4.29
8:10am             63          5         11         72       28.8      29.89       4.29
8:15am            273          3         11         70       29.4      29.90       4.29
8:20am             47          0         11         68       30.5      29.90       4.29
8:25am            276          7         11         65       31.2      29.90       4.29
8:30am            228          0         11         64       30.8      29.90       4.29
8:35am            246          3          9         64       30.5      29.90       4.29
8:40am            236          2         11         66       30.2      29.90       4.29
8:45am            307          1         11         63       30.7      29.90       4.29
8:50am            279          0         11         65       30.7      29.91       4.29
8:55am            309          2         11         64       31.2      29.91       4.29
9:00am            221          2         12         61       31.0      29.91       4.29
9:05am             84          2         14         58       30.3      29.91       4.29
9:10am            264          7         14         60       30.7      29.91       4.29
9:15am            355          1         14         58       30.4      29.92       4.29
9:20am            264          0         14         58       30.6      29.92       4.29
9:25am            240          7         14         60       31.0      29.92       4.29
9:30am            288         10         16         55       30.9      29.92       4.29
9:35am            259          4         17         55       30.9      29.93       4.29
9:40am            297          3         17         53       30.7      29.93       4.29
9:45am            280          4         17         54       31.2      29.93       4.29
9:50am            259          4         17         52       31.3      29.93       4.29
9:55am            226          3         17         50       30.6      29.94       4.29
10:00am           272          4         17         52       30.3      29.94       4.29
10:05am           263         19         19         52       29.8      29.94       4.29
10:10am           255         17         19         52       29.6      29.95       4.29
10:15am           241          6         19         54       29.7      29.95       4.29
10:20am           245         14         19         53       30.5      29.95       4.29
10:25am           309          2         19         51       30.6      29.95       4.29
10:30am           244          6         19         51       31.0      29.95       4.29
10:35am           248          0         20         51       30.7      29.95       4.29
10:40am            81          1         20         51       30.5      29.95       4.29
10:45am           258          3         20         50       30.3      29.96       4.29
10:50am           267          5         20         52       30.6      29.96       4.29
10:55am           305          1         20         51       30.8      29.96       4.29
11:00am           114          2         20         50       31.2      29.96       4.29
11:05am           278          4         15         51       31.3      29.97       4.29
11:10am           250          7         15         48       31.5      29.97       4.29
11:15am           305          2         15         50       31.6      29.98       4.29
11:20am             6          3         15         46       31.5      29.98       4.29
11:25am           234          3         18         45       31.0      29.98       4.29
11:30am           291          0         18         45       31.4      29.98       4.29
11:35am           293          3         13         45       31.7      29.98       4.29
11:40am           266          5         17         47       32.1      29.98       4.29
11:45am           277          2         21         46       31.3      29.98       4.29
11:50am           258          4         21         44       31.3      29.99       4.29
11:55am           266          3         21         45       31.1      29.99       4.29
12:00pm           270         10         21         47       31.2      29.99       4.29
12:05pm           247          4         19         46       31.2      29.99       4.29
12:10pm           295          8         19         45       31.4      29.99       4.29
12:15pm           284          7         19         45       31.7      30.00       4.29
12:20pm           254          7         20         45       31.5      30.00       4.29
12:25pm           129          0         20         47       31.4      30.01       4.29
12:30pm           266          3         20         45       31.3      30.00       4.29
12:35pm           300          4         18         44       31.2      30.01       4.29
12:40pm           123          1         18         45       31.9      30.02       4.29
12:45pm           257         12         18         42       31.7      30.02       4.29
12:50pm            73          3         18         47       31.3      30.02       4.29
12:55pm           137          4         18         44       32.2      30.02       4.29
1:00pm             58          5         18         43       32.2      30.02       4.29
1:05pm            266          7         11         41       32.0      30.02       4.29
1:10pm            282          1         11         42       31.5      30.02       4.29
1:15pm              1          3         17         41       32.1      30.02       4.29
1:20pm             99          3         17         42       32.5      30.03       4.29
1:25pm            160          0         17         42       33.0      30.03       4.29
1:30pm             27          0         17         41       33.0      30.02       4.29
1:35pm            261         11         12         38       33.1      30.03       4.29
1:40pm            180          1         18         40       32.9      30.03       4.29
1:45pm            114          2         18         40       33.6      30.03       4.29
1:50pm            266          5         18         35       33.2      30.04       4.29
1:55pm            236          2         18         36       33.2      30.04       4.29
2:00pm            260          6         18         35       33.2      30.04       4.29
2:05pm            274         10         15         37       33.2      30.04       4.29
2:10pm            236         14         16         36       33.0      30.05       4.29
2:15pm            354          1         17         38       33.0      30.05       4.29
2:20pm            279          9         20         38       33.7      30.04       4.29
2:25pm            257          3         20         38       33.6      30.05       4.29
2:30pm            285          2         20         35       34.2      30.05       4.29
2:35pm            284          2          9         36       34.7      30.05       4.29
2:40pm            243          5         23         35       33.9      30.05       4.29
2:45pm            248          1         23         37       34.2      30.05       4.29
2:50pm            272          6         23         36       34.8      30.05       4.29
2:55pm             43          6         23         34       34.9      30.06       4.29
3:00pm            196          6         23         35       34.7      30.06       4.29
3:05pm            249          4         18         33       34.5      30.06       4.29
3:10pm            312          4         18         35       35.1      30.06       4.29
3:15pm            128          5         18         35       36.1      30.06       4.29
3:20pm             53          3         18         33       36.2      30.06       4.29
3:25pm            241          3         18         32       36.2      30.06       4.29
3:30pm             91          3         18         33       36.1      30.06       4.29
3:35pm            257          1         10         33       36.4      30.06       4.29
3:40pm             83          3         10         33       37.3      30.07       4.29
3:45pm             38          5         13         32       36.9      30.07       4.29
3:50pm            134          1         13         34       37.0      30.07       4.29
3:55pm            359          3         13         33       37.5      30.08       4.29
4:00pm            319          1         17         34       37.5      30.08       4.29
4:05pm            280          5         10         33       37.5      30.08       4.29
4:10pm            246          3         17         31       37.4      30.08       4.29
4:15pm            259          2         17         32       37.1      30.08       4.29
4:20pm            342          1         17         32       37.2      30.08       4.29
4:25pm            239          3         17         33       37.1      30.09       4.29
4:30pm            284          0         17         32       37.4      30.09       4.29
4:35pm            207          0         10         32       37.5      30.09       4.29
4:40pm             38          8         10         32       37.6      30.09       4.29
4:45pm            236          2         10         32       37.2      30.09       4.29
4:50pm            278          6         10         32       37.8      30.09       4.29
4:55pm             34          2         10         31       37.9      30.09       4.29
5:00pm            354          0         14         31       37.5      30.09       4.29
5:05pm             47          0         10         33       37.7      30.09       4.29
5:10pm             35          4         11         31       37.9      30.09       4.29
5:15pm             31          1         11         33       37.8      30.10       4.29
5:20pm            136          2         12         32       38.0      30.10       4.29
5:25pm             81          0         12         31       38.2      30.10       4.29
5:30pm              3          1         12         31       38.4      30.10       4.29
5:35pm            120          0         14         31       38.0      30.10       4.29
5:40pm            110          0         14         31       38.0      30.11       4.29
5:45pm            266          4         14         31       37.7      30.11       4.29
5:50pm             97          0         14         31       37.7      30.12       4.29
5:55pm            133          3         14         32       37.7      30.12       4.29
6:00pm            279          7         14         31       37.6      30.12       4.29
6:05pm            264          1         10         33       37.5      30.12       4.29
6:10pm            262          6         15         32       37.1      30.12       4.29
6:15pm            169          1         15         33       36.5      30.12       4.29
6:20pm            300          3         15         34       35.3      30.13       4.29
6:25pm            326          0         15         35       34.4      30.14       4.29
6:30pm            262          4         15         36       34.0      30.14       4.29
6:35pm            311          1         10         37       33.7      30.14       4.29
6:40pm             41          5         10         38       33.5      30.14       4.29
6:45pm            186          1         13         37       33.3      30.15       4.29
6:50pm            229          5         13         37       33.2      30.15       4.29
6:55pm            266          3         13         38       33.0      30.15       4.29
7:00pm            281          3         13         38       32.8      30.15       4.29
7:05pm            271          2          9         39       32.6      30.15       4.29
7:10pm            290          4          9         39       32.4      30.15       4.29
7:15pm            347          0          9         40       32.1      30.16       4.29
7:20pm            283          0          9         41       31.9      30.16       4.29
7:25pm            210          0          9         42       31.5      30.16       4.29
7:30pm            219          0          9         44       31.2      30.17       4.29
7:35pm            260          0          1         45       30.9      30.17       4.29
7:40pm            225          0          2         46       30.6      30.17       4.29
7:45pm            240          0          2         47       30.2      30.18       4.29
7:50pm            271          0          3         47       30.1      30.18       4.29
7:55pm            253          0          4         48       30.1      30.18       4.29
8:00pm            232          0          4         46       30.3      30.18       4.29
8:05pm            232          0          3         46       30.2      30.19       4.29
8:10pm            266          0          3         48       30.1      30.19       4.29
8:15pm            259          4          4         47       30.0      30.19       4.29
8:20pm            256          0          4         48       29.9      30.19       4.29
8:25pm            262          0          4         49       29.8      30.20       4.29
8:30pm            256          0          4         50       29.5      30.20       4.29
8:35pm            253          0          1         51       29.1      30.21       4.29
8:40pm            255          0          1         52       28.9      30.21       4.29
8:45pm            239          0          2         52       28.8      30.21       4.29
8:50pm            239          0          2         51       28.7      30.21       4.29
8:55pm            215          0          2         51       28.5      30.22       4.29
9:00pm            183          0          2         50       28.5      30.22       4.29
9:05pm            227          0          1         51       28.4      30.23       4.29
9:10pm            227          0          1         50       28.2      30.23       4.29
9:15pm            227          0          1         53       27.9      30.23       4.29
9:20pm            227          0          1         53       27.6      30.24       4.29
9:25pm            227          0          1         55       27.4      30.24       4.29
9:30pm            274          0          1         57       27.4      30.24       4.29
9:35pm            278          1          1         57       27.4      30.24       4.29
9:40pm            271          1          2         56       27.4      30.24       4.29
9:45pm            277          2          3         51       27.9      30.24       4.29
9:50pm            262          1          3         52       28.2      30.25       4.29
9:55pm            251          0          3         54       28.0      30.25       4.29
10:00pm           270          0          3         54       27.8      30.25       4.29
10:05pm           269          0          0         54       27.6      30.26       4.29
10:10pm           258          1          1         51       27.7      30.26       4.29
10:15pm           274          0          1         50       27.9      30.26       4.29
10:20pm           263          0          1         50       27.9      30.26       4.29
10:25pm           276          0          1         50       27.8      30.26       4.29
10:30pm           278          0          1         52       27.7      30.27       4.29
10:35pm           281          0          1         53       27.6      30.27       4.29
10:40pm           264          1          3         53       27.6      30.27       4.29
10:45pm           263          0          3         52       27.8      30.27       4.29
10:50pm           270          0          3         53       27.9      30.27       4.29
10:55pm           270          0          3         53       27.7      30.27       4.29
11:00pm           256          0          3         55       27.4      30.27       4.29
11:05pm           264          0          2         56       27.2      30.28       4.29
11:10pm           236          0          2         57       27.0      30.28       4.29
11:15pm           277          0          2         58       26.8      30.28       4.29
11:20pm           264          0          2         58       26.8      30.28       4.29
11:25pm           259          0          2         58       26.6      30.28       4.29
11:30pm           266          1          2         60       26.5      30.28       4.29
11:35pm           266          0          1         62       26.3      30.28       4.29
11:40pm           255          0          1         65       25.8      30.29       4.29
11:45pm           245          0          1         66       25.4      30.29       4.29
11:50pm           265          0          1         65       25.1      30.29       4.29
11:55pm           271          0          2         64       25.3      30.29       4.29
