4/27/19
Time         Wind Dir   Wind Spd  Wind Gust   Humidity       Temp  Raw Barom   Tot Rain
                    °        mph        mph          %         °F         in         in
12:00am           106          8         25         97       36.8      29.38       7.81
12:05am            58         13         18         97       36.9      29.37       7.83
12:10am            79         13         28         97       36.9      29.38       7.83
12:15am           101          9         28         97       36.8      29.44       7.86
12:20am            88         17         28         97       36.9      29.37       7.88
12:25am            62          9         28         97       36.8      29.38       7.93
12:30am            86         13         28         97       36.8      29.37       7.93
12:35am            91         10         25         97       36.9      29.37       7.93
12:40am            93          9         25         97       36.9      29.38       7.95
12:45am            74         12         25         97       36.9      29.38       7.97
12:50am            53         10         25         97       36.8      29.38       7.99
12:55am            93         13         25         97       36.9      29.36       8.01
1:00am             86         17         25         97       36.9      29.36       8.01
1:05am             73         14         17         97       37.0      29.35       8.03
1:10am            117          9         19         97       37.0      29.34       8.03
1:15am            128          7         19         97       36.9      29.35       8.03
1:20am             79         15         19         97       36.9      29.34       8.03
1:25am             62          9         23         97       36.8      29.34       8.04
1:30am             95         15         24         97       36.8      29.33       8.04
1:35am             77         19         19         97       36.9      29.33       8.05
1:40am             85         13         21         97       36.9      29.32       8.05
1:45am             79         11         24         97       36.9      29.31       8.05
1:50am             99         10         24         97       37.0      29.30       8.05
1:55am             81         12         24         97       37.0      29.30       8.05
2:00am            109          6         24         98       37.1      29.28       8.05
2:05am            107         13         23         97       37.2      29.28       8.05
2:10am             62          8         23         98       37.2      29.27       8.05
2:15am            124         10         23         98       37.3      29.28       8.05
2:20am             98         15         23         98       37.4      29.27       8.05
2:25am            103          9         23         98       37.5      29.27       8.05
2:30am             75          8         23         98       37.5      29.26       8.06
2:35am            182          3         17         98       37.7      29.26       8.07
2:40am            113          5         17         98       37.7      29.26       8.07
2:45am             69          8         17         98       37.7      29.26       8.07
2:50am            104          9         18         98       37.7      29.24       8.07
2:55am             99          7         18         98       37.7      29.24       8.07
3:00am            133          0         19         98       37.8      29.24       8.07
3:05am             35          0         10         98       37.9      29.25       8.07
3:10am            242          0         10         98       37.9      29.26       8.07
3:15am            257          0         10         98       37.9      29.27       8.07
3:20am            290          0         10         98       37.8      29.26       8.07
3:25am            251          0         10         98       37.9      29.26       8.08
3:30am             59          0         10         98       37.9      29.25       8.08
3:35am             87          0          2         98       38.0      29.25       8.08
3:40am            101          0          2         98       38.1      29.25       8.08
3:45am            140          0          2         98       38.1      29.25       8.09
3:50am            140          0          2         98       38.1      29.24       8.09
3:55am            140          0          2         98       38.1      29.24       8.10
4:00am            150          0          2         98       38.1      29.24       8.10
4:05am            149          0          0         98       38.2      29.24       8.10
4:10am            150          0          0         98       38.2      29.23       8.10
4:15am            150          0          0         98       38.1      29.22       8.10
4:20am            150          0          0         98       38.1      29.21       8.10
4:25am            150          0          0         98       38.1      29.21       8.10
4:30am            150          0          0         98       38.1      29.21       8.10
4:35am            252          0          0         98       38.2      29.22       8.10
4:40am            269          0          1         98       38.2      29.23       8.10
4:45am            269          1          3         98       38.3      29.24       8.11
4:50am            267          0          3         98       38.3      29.24       8.11
4:55am            269          0          4         98       38.3      29.24       8.11
5:00am            252          0          4         98       38.3      29.23       8.12
5:05am            281          0          0         98       38.3      29.23       8.13
5:10am            280          0          1         98       38.3      29.22       8.13
5:15am            253          0          1         98       38.4      29.22       8.14
5:20am            254          0          1         98       38.4      29.22       8.14
5:25am            252          0          1         98       38.4      29.22       8.14
5:30am            239          0          1         98       38.4      29.21       8.14
5:35am            287          0          1         98       38.3      29.20       8.14
5:40am            266          1          2         98       38.3      29.20       8.15
5:45am            267          1          4         98       38.3      29.21       8.15
5:50am            269          5          5         98       38.3      29.21       8.15
5:55am            285          2          6         98       38.3      29.21       8.15
6:00am            266          2          7         98       38.3      29.21       8.15
6:05am            292          2          6         98       38.3      29.21       8.15
6:10am            264          3          9         98       38.4      29.21       8.16
6:15am            264          5          9         98       38.5      29.22       8.16
6:19am            259          3          9         98       38.5      29.22       8.16
6:25am            266          3          9         98       38.7      29.21       8.16
6:30am            280          4          9         98       38.7      29.20       8.17
6:35am            278          5          8         98       38.7      29.21       8.20
6:40am            258          1          8         98       38.8      29.22       8.20
6:45am            270          2          8         98       39.0      29.22       8.20
6:50am            301          9          9         98       39.2      29.22       8.21
6:55am            254          5         11         98       39.3      29.24       8.22
7:00am            250          7         12         98       39.3      29.24       8.23
7:05am            281          3          6         98       39.5      29.25       8.24
7:10am            266          1          7         98       39.6      29.24       8.25
7:15am            263          3          7         98       39.8      29.22       8.27
7:20am            263          2          8         98       40.0      29.22       8.28
7:25am            253          1          8         98       40.2      29.22       8.28
7:30am            270          5          9         98       40.4      29.22       8.29
7:34am            271          3          9         98       40.4      29.21       8.29
7:40am            309          4         11         98       40.4      29.22       8.30
7:45am            250          6         13         98       40.3      29.21       8.30
7:50am            275          3         13         98       40.2      29.22       8.30
7:55am            274          2         13         98       40.3      29.21       8.30
8:00am            281          5         13         98       40.4      29.22       8.30
8:05am            295          7         15         98       40.0      29.22       8.30
8:10am            211          1         15         98       39.6      29.23       8.30
8:15am            222          3         15         98       39.3      29.23       8.30
8:20am            260          1         15         98       39.0      29.23       8.32
8:25am             98          1         15         98       38.9      29.24       8.33
8:30am            276          0         15         98       38.9      29.24       8.34
8:35am            219          1          7         98       39.0      29.24       8.35
8:40am            290          4          8         98       39.1      29.24       8.35
8:45am            271          1         13         98       38.9      29.24       8.35
8:50am            259          8         13         98       39.1      29.24       8.35
8:55am            250          7         18         98       38.8      29.24       8.35
9:00am            271          7         18         98       38.8      29.25       8.35
9:05am            276         12         15         98       38.6      29.25       8.35
9:10am            245         13         15         98       38.5      29.25       8.35
9:15am            264          4         16         97       38.3      29.26       8.35
9:20am            286          1         17         97       38.1      29.26       8.35
9:25am            255          2         18         97       37.9      29.26       8.35
9:30am            274          8         18         97       37.7      29.27       8.35
9:35am            257          4         12         97       37.8      29.27       8.35
9:40am            260          5         12         97       37.8      29.28       8.35
9:45am            273          5         14         97       37.7      29.28       8.35
9:50am            301          3         19         97       37.6      29.28       8.35
9:55am            253          2         19         97       37.6      29.29       8.35
10:00am           282          4         19         97       37.5      29.29       8.35
10:05am           283          5          9         97       37.6      29.29       8.35
10:10am           278          7         18         97       37.6      29.29       8.35
10:15am           269          5         18         97       37.7      29.29       8.35
10:20am           264          5         18         97       37.8      29.29       8.35
10:25am           275          4         18         97       37.9      29.29       8.35
10:30am           226          2         18         97       38.2      29.29       8.35
10:35am           281          4         10         97       38.4      29.30       8.35
10:40am           286          5         10         97       38.5      29.30       8.35
10:45am           276          5         14         97       38.2      29.30       8.35
10:50am           264          5         15         97       38.3      29.30       8.35
10:55am           265          6         15         97       38.2      29.31       8.35
11:00am           255          9         15         97       38.2      29.31       8.35
11:05am           278          8         12         97       38.2      29.32       8.35
11:10am           275          6         13         97       38.2      29.32       8.35
11:15am           266          4         13         97       38.2      29.32       8.35
11:20am           293          7         13         97       38.1      29.33       8.35
11:24am           255          6         13         97       38.1      29.32       8.35
11:30am           281          7         14         97       38.0      29.33       8.35
11:35am           277          5         15         97       38.2      29.33       8.35
11:40am           272         13         16         97       38.2      29.33       8.35
11:45am           271          6         16         97       38.5      29.34       8.35
11:50am           289          5         16         97       38.6      29.33       8.35
11:55am           275          4         17         97       38.8      29.33       8.35
12:00pm           253          6         17         97       38.8      29.33       8.35
12:05pm           277         10         16         97       39.1      29.33       8.35
12:10pm           262          4         16         96       39.2      29.34       8.35
12:15pm           278          5         16         96       39.3      29.33       8.35
12:20pm           271          7         16         96       39.6      29.33       8.35
12:25pm           268          5         16         95       39.8      29.33       8.35
12:30pm           287         12         16         93       40.4      29.33       8.35
12:35pm           231          5         14         90       41.0      29.33       8.35
12:39pm           272         11         14         86       41.3      29.33       8.35
12:45pm           277          9         18         84       41.5      29.34       8.35
12:50pm           250         11         18         82       41.5      29.34       8.35
12:55pm           251          7         21         82       41.7      29.34       8.35
1:00pm            243          4         21         80       42.1      29.34       8.35
1:05pm            269         12         19         81       42.4      29.34       8.35
1:10pm            264          5         19         81       42.4      29.34       8.35
1:15pm            294          3         19         83       42.5      29.34       8.35
1:20pm            220          6         19         75       42.4      29.34       8.35
1:25pm            269          6         19         75       42.2      29.34       8.35
1:30pm            302          8         19         72       42.3      29.35       8.35
1:35pm            288          5         12         72       42.4      29.35       8.35
1:40pm            212          1         12         74       42.8      29.35       8.35
1:45pm            269          6         13         70       42.7      29.35       8.35
1:50pm            271          8         15         69       42.4      29.36       8.35
1:55pm            287         17         17         70       42.2      29.36       8.35
2:00pm            269         14         19         70       42.3      29.36       8.35
2:05pm            278          2         18         69       42.4      29.37       8.35
2:10pm            263          6         18         67       42.7      29.37       8.35
2:15pm            248          9         18         67       43.1      29.37       8.35
2:20pm            286          7         18         69       43.5      29.37       8.35
2:25pm            253          9         18         67       43.3      29.38       8.35
2:30pm            264          8         20         65       43.2      29.38       8.35
2:35pm            309         16         16         66       42.8      29.37       8.35
2:40pm            226          8         16         66       42.7      29.38       8.35
2:45pm            253          9         19         64       42.7      29.38       8.35
2:50pm            240          7         19         67       42.9      29.39       8.35
2:55pm            262          4         19         67       42.7      29.39       8.35
3:00pm            279          6         19         69       42.5      29.39       8.35
3:05pm            259          4         15         69       42.1      29.39       8.35
3:10pm            252          2         15         70       42.0      29.40       8.35
3:15pm            256          1         15         70       42.1      29.40       8.35
3:20pm            280         12         15         68       42.2      29.40       8.35
3:25pm            269         10         15         68       42.2      29.40       8.35
3:30pm            215          9         15         68       42.1      29.40       8.35
3:35pm            266          5         16         67       41.9      29.41       8.35
3:40pm            285          5         16         67       41.8      29.41       8.35
3:45pm            248          3         18         66       41.7      29.41       8.35
3:50pm            264          7         18         66       41.7      29.42       8.35
3:55pm            280          3         19         66       41.7      29.42       8.35
4:00pm            221          0         19         67       41.8      29.42       8.35
4:05pm            254          5         15         66       42.0      29.42       8.35
4:10pm            265          7         15         64       42.1      29.42       8.35
4:15pm            262          6         15         66       42.2      29.42       8.35
4:20pm            271         12         15         64       42.3      29.42       8.35
4:25pm            245          5         15         64       42.3      29.43       8.35
4:30pm            299          2         15         64       42.4      29.43       8.35
4:35pm            271          9         14         65       42.4      29.43       8.35
4:40pm            263          4         17         63       42.4      29.44       8.35
4:45pm            271          5         17         63       42.4      29.44       8.35
4:50pm            281          3         17         65       42.4      29.45       8.35
4:55pm            243          5         17         64       42.3      29.45       8.35
5:00pm            257          7         17         64       42.1      29.46       8.35
5:05pm            239          6         15         63       42.0      29.46       8.35
5:10pm            271          6         18         64       41.8      29.47       8.35
5:15pm            244         10         18         63       41.8      29.47       8.35
5:20pm            227          5         18         63       41.7      29.47       8.35
5:25pm            254         16         18         64       41.6      29.47       8.35
5:30pm            233          8         18         64       41.5      29.48       8.35
5:35pm            278          9         18         64       41.3      29.48       8.35
5:40pm            281          4         18         65       41.4      29.48       8.35
5:45pm            260          6         18         65       41.3      29.49       8.35
5:50pm            256          6         18         65       41.2      29.49       8.35
5:55pm            248          8         18         65       41.1      29.49       8.35
6:00pm            231          5         18         65       41.4      29.50       8.35
6:05pm            279          2         11         66       41.4      29.50       8.35
6:10pm            274          5         11         67       41.4      29.50       8.35
6:15pm            271          4         17         65       41.2      29.51       8.35
6:20pm            270          9         17         65       41.1      29.51       8.35
6:25pm            275          5         17         66       40.9      29.51       8.35
6:30pm            275          6         17         65       40.9      29.51       8.35
6:35pm            210          6         11         65       40.7      29.52       8.35
6:40pm            233          5         11         66       40.6      29.52       8.35
6:45pm            259          3         11         66       40.5      29.52       8.35
6:50pm            264          2         12         67       40.4      29.52       8.35
6:55pm            251          0         12         67       40.4      29.53       8.35
7:00pm            287          1         12         68       40.3      29.53       8.35
7:05pm            270          4          7         67       40.2      29.53       8.35
7:10pm            243          1          9         66       40.1      29.54       8.35
7:15pm            311          1          9         67       40.1      29.55       8.35
7:20pm            274          1          9         67       40.1      29.55       8.35
7:25pm            238          6         16         66       40.0      29.55       8.35
7:30pm            280          5         16         66       39.9      29.55       8.35
7:35pm            252          4          7         67       39.8      29.55       8.35
7:40pm            243          2          7         67       39.8      29.56       8.35
7:45pm            258          5          9         68       39.7      29.56       8.35
7:50pm            258          3         11         67       39.6      29.56       8.35
7:55pm            238          2         11         68       39.5      29.57       8.35
8:00pm            248          2         11         66       39.4      29.57       8.35
8:05pm            330          2         11         68       39.4      29.58       8.35
8:10pm            273          2         11         68       39.4      29.58       8.35
8:15pm            267          8         11         67       39.3      29.58       8.35
8:20pm            282          9         15         67       39.3      29.59       8.35
8:25pm            251          6         15         68       39.2      29.59       8.35
8:30pm            269          5         15         68       39.1      29.60       8.35
8:35pm            271          6         11         69       39.1      29.61       8.35
8:40pm            281          7         11         68       39.0      29.61       8.35
8:45pm            272          7         13         67       38.9      29.61       8.35
8:50pm            300          2         15         67       38.9      29.61       8.35
8:55pm            258          1         15         67       38.8      29.62       8.35
9:00pm            254          3         15         67       38.7      29.62       8.35
9:05pm            284         10         21         66       38.7      29.63       8.35
9:10pm            277          6         21         66       38.6      29.64       8.35
9:15pm            266          6         21         66       38.6      29.64       8.35
9:20pm            217          3         21         66       38.5      29.64       8.35
9:25pm            262          4         21         66       38.5      29.65       8.35
9:30pm            278          1         21         68       38.4      29.65       8.35
9:35pm            245          2         12         68       38.3      29.65       8.35
9:40pm            219          2         14         68       38.3      29.65       8.35
9:45pm            225          0         14         68       38.2      29.65       8.35
9:50pm            289          4         14         68       38.1      29.65       8.35
9:55pm            203          1         14         69       38.1      29.65       8.35
10:00pm           214          0         14         69       38.0      29.65       8.35
10:05pm           270          4         12         69       38.0      29.65       8.35
10:10pm           334          6         12         69       37.9      29.66       8.35
10:15pm           285          8         12         69       37.9      29.66       8.35
10:20pm           271          2         12         69       37.8      29.66       8.35
10:25pm           273          7         17         71       37.8      29.66       8.35
10:30pm           289          0         17         70       37.8      29.66       8.35
10:35pm           293          6          8         71       37.7      29.66       8.35
10:40pm           295          7          9         72       37.7      29.66       8.35
10:45pm           173          0         10         72       37.6      29.66       8.35
10:50pm           274          3         10         72       37.6      29.67       8.35
10:55pm           250          0         10         72       37.6      29.67       8.35
11:00pm           246          2         10         72       37.6      29.67       8.35
11:05pm           250          3          7         72       37.6      29.67       8.35
11:10pm           227          0          7         73       37.6      29.67       8.35
11:15pm           239          2          9         73       37.6      29.68       8.35
11:20pm           219          0          9         73       37.7      29.68       8.35
11:25pm           224          1          9         73       37.7      29.68       8.35
11:30pm             4          1          9         73       37.7      29.68       8.35
11:35pm           281          1          7         73       37.6      29.68       8.35
11:40pm           248          2          7         73       37.6      29.68       8.35
11:45pm           240          0          7         74       37.6      29.68       8.35
11:50pm           274          6          7         74       37.6      29.69       8.35
11:55pm           263          4          7         74       37.6      29.69       8.35
