4/15/19
Time         Wind Dir   Wind Spd  Wind Gust   Humidity       Temp  Raw Barom   Tot Rain
                    °        mph        mph          %         °F         in         in
12:00am            75          7         16         70       46.7      29.57       4.87
12:05am           113          8         15         69       46.4      29.56       4.87
12:10am            89          8         17         69       46.2      29.55       4.87
12:15am            90          8         17         70       46.0      29.54       4.87
12:20am            94          3         17         72       45.6      29.54       4.87
12:25am            96          5         17         72       45.3      29.53       4.87
12:30am           119          3         17         72       45.1      29.53       4.87
12:35am            86          7          9         74       44.8      29.52       4.87
12:40am            68          7         16         75       44.4      29.52       4.87
12:45am            82          7         16         76       44.1      29.51       4.87
12:50am            80          9         16         77       43.9      29.51       4.87
12:55am           106          6         17         78       43.8      29.51       4.87
1:00am             70          5         17         79       43.5      29.50       4.88
1:04am            115          3         16         81       43.1      29.50       4.88
1:10am            101          6         16         83       42.8      29.49       4.89
1:15am             95         11         18         85       42.5      29.49       4.89
1:20am             70          7         18         86       42.3      29.49       4.89
1:25am            120          4         18         86       42.2      29.49       4.89
1:30am             91          8         18         87       41.9      29.48       4.90
1:35am             72         12         16         88       41.7      29.48       4.90
1:40am             77         13         16         89       41.3      29.47       4.91
1:45am             72         13         16         90       41.0      29.45       4.91
1:50am             98         15         17         91       40.8      29.44       4.92
1:55am             91         12         17         91       40.6      29.43       4.92
2:00am             98          6         17         92       40.6      29.42       4.92
2:05am             49         10         17         92       40.7      29.41       4.92
2:10am             82          7         17         93       40.9      29.42       4.92
2:15am             72          8         19         93       40.9      29.41       4.92
2:20am             99          5         19         93       40.9      29.41       4.92
2:25am             70         13         20         93       40.8      29.40       4.92
2:30am             78         16         20         93       40.7      29.39       4.93
2:35am             66         15         20         94       40.5      29.38       4.94
2:40am             82         12         23         94       40.5      29.40       4.94
2:45am            123          7         23         94       40.6      29.37       4.94
2:50am            108         16         23         94       40.4      29.37       4.94
2:55am             77          8         23         94       40.5      29.37       4.94
3:00am            106          7         23         95       40.6      29.37       4.94
3:05am             98          7         11         95       40.6      29.35       4.94
3:10am             94          5         11         95       40.7      29.36       4.94
3:15am            102          1         14         95       41.0      29.36       4.94
3:20am            102          7         20         95       41.1      29.34       4.94
3:25am             79          5         20         95       41.0      29.34       4.94
3:30am             96         15         21         95       40.8      29.34       4.94
3:35am            158          6         18         95       40.8      29.33       4.94
3:40am            162          7         18         95       40.7      29.33       4.94
3:45am             88          5         18         95       40.7      29.32       4.94
3:50am             77          8         18         95       40.7      29.32       4.94
3:55am             98          4         18         95       40.8      29.31       4.94
4:00am             93          8         18         95       40.8      29.30       4.94
4:05am             70         14         14         95       40.7      29.31       4.94
4:10am             87         13         19         95       40.5      29.29       4.94
4:15am             82         12         19         95       40.3      29.28       4.94
4:20am            103          6         19         95       40.2      29.28       4.94
4:25am             75         15         21         96       40.2      29.28       4.94
4:30am             52         15         23         96       40.2      29.28       4.94
4:35am             75         17         23         96       40.2      29.27       4.95
4:40am             74          9         23         96       40.2      29.27       4.98
4:45am             93          6         23         96       40.3      29.26       4.98
4:50am            103          4         23         96       40.3      29.26       4.98
4:55am            319          3         23         96       40.3      29.27       4.98
5:00am            267          0         23         96       40.6      29.35       5.01
5:05am             63          0          4         97       40.8      29.33       5.01
5:10am             58          1          4         97       41.0      29.33       5.02
5:15am            101          2          4         96       40.4      29.32       5.02
5:20am             89          6          6         96       40.4      29.32       5.02
5:25am             68          5          7         97       40.4      29.32       5.02
5:30am             88          4          7         96       40.1      29.32       5.02
5:35am             91          4          9         96       40.1      29.32       5.02
5:40am             84          5          9         97       40.0      29.31       5.03
5:45am             72          2          9         97       40.2      29.30       5.03
5:50am             91          0          9         97       40.2      29.31       5.03
5:55am             96          1          9         97       40.2      29.32       5.03
6:00am             73          0          9         97       40.1      29.31       5.03
6:05am            127          0          1         97       40.1      29.32       5.03
6:10am            238          0          1         97       40.0      29.35       5.04
6:15am             75          0          1         97       40.1      29.33       5.04
6:20am             92          0          1         97       40.2      29.33       5.05
6:25am             89          0          4         97       40.4      29.33       5.07
6:30am             93          1          4         97       40.4      29.31       5.08
6:35am             72          3          4         97       40.4      29.30       5.09
6:40am             82          2          5         97       40.3      29.31       5.10
6:45am             53          3          5         97       40.3      29.31       5.10
6:50am             91          3          6         97       40.4      29.31       5.11
6:55am            104          0          6         97       40.4      29.32       5.11
7:00am             57          0          6         97       40.4      29.32       5.11
7:05am             39          1          3         97       40.5      29.33       5.12
7:10am             65          2          4         97       40.5      29.33       5.12
7:15am             93          3          5         97       40.5      29.33       5.12
7:20am            102          3          5         97       40.6      29.33       5.13
7:25am             65          2          5         97       40.6      29.34       5.15
7:30am             99          0          5         97       40.6      29.34       5.17
7:35am             70          3          6         97       40.6      29.31       5.19
7:40am             88          3          8         97       40.6      29.31       5.20
7:45am             84          7          9         97       40.6      29.30       5.21
7:50am             75          2          9         97       40.5      29.30       5.21
7:55am             79          3          9         97       40.5      29.29       5.22
8:00am             97          2          9         97       40.4      29.28       5.22
8:05am             61          5          5         97       40.4      29.27       5.23
8:10am             95          2          6         97       40.4      29.27       5.23
8:15am             74          4          6         97       40.4      29.27       5.23
8:20am             79          6          6         97       40.3      29.24       5.23
8:25am             73          2          6         97       40.3      29.24       5.23
8:30am             97          1          6         97       40.3      29.23       5.23
8:35am             86          2          6         97       40.4      29.23       5.23
8:40am             96          4          6         97       40.4      29.22       5.23
8:45am            102          4         11         97       40.4      29.17       5.23
8:50am             85          6         11         97       40.7      29.17       5.23
8:55am             78          3         11         97       40.9      29.18       5.23
9:00am             75          3         11         97       41.1      29.17       5.23
9:05am             47          2          7         97       41.2      29.18       5.23
9:10am             82          5         12         97       41.2      29.17       5.23
9:15am             82          2         12         97       41.2      29.18       5.23
9:20am             57          1         12         97       41.2      29.18       5.23
9:25am            101          1         12         97       41.5      29.17       5.23
9:30am             68          3         12         97       41.9      29.15       5.23
9:35am             53          2          7         97       42.2      29.17       5.23
9:40am            102          0          7         97       42.2      29.16       5.23
9:45am            354          0          7         97       42.0      29.16       5.23
9:50am            269          0          7         97       42.2      29.17       5.23
9:55am            259          0          7         97       42.9      29.17       5.23
10:00am           256          1          7         97       43.6      29.20       5.23
10:05am           241          0          3         97       44.2      29.18       5.23
10:10am           224          0          3         97       45.4      29.19       5.23
10:15am           279          0          3         97       45.9      29.21       5.23
10:20am           195          0          3         97       46.2      29.22       5.23
10:25am           134          0          3         97       46.3      29.20       5.23
10:30am            87          0          3         97       46.3      29.20       5.23
10:35am            72          1          2         97       46.4      29.21       5.23
10:40am           101          3          3         96       45.9      29.21       5.23
10:45am           129          0          4         96       45.2      29.23       5.23
10:50am            98          1          4         96       45.3      29.23       5.23
10:55am            75          1          4         97       45.5      29.23       5.23
11:00am            89          0          4         96       45.2      29.22       5.23
11:05am            77          2          4         96       45.3      29.21       5.23
11:10am            70          0          4         97       45.8      29.21       5.23
11:15am           109          1          4         96       45.6      29.22       5.23
11:20am            62          3          4         97       45.9      29.21       5.23
11:25am            90          3          5         97       45.9      29.18       5.23
11:30am            83          2          5         97       46.1      29.19       5.23
11:35am            77          2          5         97       46.3      29.18       5.23
11:40am            94          0          5         97       47.1      29.19       5.23
11:45am            77          1          5         97       47.6      29.19       5.23
11:50am           102          1          5         97       48.0      29.19       5.23
11:55am            72          2          5         97       49.0      29.20       5.23
12:00pm           113          5          6         97       49.3      29.19       5.23
12:05pm            82          4          7         97       49.8      29.18       5.23
12:10pm            92          4          7         97       50.1      29.18       5.23
12:15pm           100          4          7         97       50.6      29.17       5.23
12:20pm            81          2          7         97       51.1      29.17       5.23
12:25pm            92          1          7         97       51.4      29.16       5.23
12:30pm            93          4          7         96       51.5      29.16       5.23
12:35pm           133          3          7         96       51.8      29.16       5.23
12:40pm           113          1          7         96       51.8      29.16       5.23
12:45pm           125          2          7         96       51.7      29.16       5.23
12:50pm           136          2          7         96       51.7      29.15       5.23
12:55pm           123          0          7         96       51.7      29.15       5.23
1:00pm            155          0          7         96       51.7      29.16       5.23
1:05pm             92          2          8         96       51.7      29.15       5.23
1:10pm            118          0          8         96       51.3      29.15       5.26
1:15pm             85          2          8         97       51.5      29.15       5.31
1:20pm            356          0          8         97       51.8      29.14       5.32
1:25pm             60          1          8         97       52.5      29.14       5.33
1:30pm             86          1          8         97       52.7      29.15       5.35
1:35pm             98          0          2         97       52.4      29.15       5.37
1:40pm            152          0          2         97       52.3      29.16       5.40
1:45pm            296          4          6         97       52.4      29.16       5.46
1:50pm            324          3          8         97       52.4      29.16       5.48
1:55pm            273          4          8         97       52.3      29.16       5.50
2:00pm            271          3          8         97       52.5      29.16       5.52
2:05pm            265          2          5         97       52.5      29.16       5.52
2:10pm            271          0          5         97       52.7      29.16       5.52
2:15pm            295          3         10         97       52.6      29.17       5.53
2:20pm            299          5         10         96       52.2      29.17       5.53
2:25pm            259          5         10         96       52.1      29.17       5.53
2:30pm            257          2         10         96       52.0      29.18       5.53
2:35pm            306          4          6         96       51.8      29.18       5.53
2:40pm            263          0         18         96       51.3      29.18       5.53
2:45pm            229          2         18         95       50.9      29.18       5.53
2:50pm            266          4         18         96       50.8      29.18       5.53
2:55pm            242          2         18         95       50.6      29.18       5.53
3:00pm            276          5         18         95       50.5      29.18       5.53
3:05pm            263          2         11         95       50.3      29.18       5.53
3:10pm            259          5         11         95       50.2      29.18       5.53
3:15pm            188          2         12         94       50.3      29.17       5.53
3:20pm            231          2         12         94       50.5      29.18       5.53
3:25pm            265          5         12         93       50.8      29.18       5.53
3:30pm            311          6         14         90       50.4      29.19       5.53
3:35pm            266          4          9         90       50.1      29.19       5.53
3:40pm            285          4         14         90       50.0      29.19       5.53
3:45pm            283         12         14         90       49.7      29.19       5.53
3:50pm            276          7         14         90       49.2      29.20       5.53
3:55pm            311          7         15         90       48.8      29.20       5.53
4:00pm            227          4         17         89       48.3      29.20       5.53
4:05pm            317          3          9         90       47.9      29.20       5.53
4:10pm            250          4         16         90       47.3      29.21       5.53
4:15pm            300          5         16         91       46.8      29.21       5.53
4:20pm            283         13         16         92       46.4      29.21       5.53
4:25pm            302          8         19         92       45.8      29.21       5.53
4:30pm            271          3         19         92       45.5      29.21       5.53
4:35pm            286          0         15         92       45.1      29.21       5.53
4:40pm            262         10         15         92       44.6      29.22       5.53
4:45pm            247          1         15         92       44.1      29.23       5.53
4:50pm            261          6         15         92       43.7      29.23       5.53
4:55pm            259          1         15         93       43.6      29.24       5.53
5:00pm            304          4         15         93       43.4      29.24       5.54
5:05pm            302          4         12         93       43.1      29.25       5.54
5:10pm            272          5         12         93       42.8      29.25       5.54
5:15pm            257          3         12         93       42.6      29.26       5.54
5:20pm            278          4         12         93       42.5      29.26       5.54
5:25pm            291          6         12         93       42.3      29.27       5.54
5:30pm            259          7         13         93       42.2      29.27       5.54
5:35pm            296          3         11         92       41.9      29.27       5.55
5:40pm            288          7         16         92       41.6      29.27       5.55
5:45pm            256          5         16         92       41.3      29.27       5.55
5:50pm            271          8         16         93       41.2      29.27       5.55
5:55pm            313          8         16         92       41.1      29.27       5.55
6:00pm            288          5         16         92       41.0      29.28       5.55
6:05pm            250         10         16         92       40.9      29.28       5.55
6:10pm            271          7         16         92       40.7      29.28       5.55
6:15pm            248         10         16         92       40.4      29.28       5.55
6:20pm            227          5         16         92       40.2      29.29       5.55
6:25pm            212          5         16         93       40.1      29.29       5.55
6:30pm            264          8         16         93       40.1      29.29       5.55
6:35pm            299          7         13         92       40.0      29.29       5.55
6:40pm            248          3         13         92       40.0      29.30       5.55
6:45pm            255         11         17         92       39.9      29.30       5.55
6:50pm            304          4         17         92       39.8      29.30       5.55
6:55pm            235          2         17         92       39.8      29.31       5.55
7:00pm            290         10         17         92       39.7      29.31       5.55
7:05pm            273          5         10         92       39.7      29.32       5.55
7:10pm            248         12         12         91       39.7      29.32       5.55
7:15pm            278          2         13         91       39.7      29.33       5.55
7:20pm            268          2         13         90       39.7      29.33       5.55
7:25pm            243          4         13         91       39.6      29.33       5.55
7:30pm            271          3         13         90       39.6      29.34       5.55
7:35pm            234          9         12         90       39.6      29.34       5.55
7:40pm            263          6         14         89       39.6      29.35       5.55
7:45pm            232          6         14         88       39.6      29.35       5.55
7:50pm            259          6         14         87       39.6      29.36       5.55
7:55pm            255         11         16         87       39.5      29.36       5.55
8:00pm            289         10         16         86       39.4      29.37       5.55
8:05pm            294          5         10         86       39.2      29.37       5.55
8:10pm            206          3         10         87       39.1      29.38       5.55
8:15pm            275          2         11         87       38.9      29.38       5.55
8:20pm             10          2         11         87       38.8      29.40       5.55
8:25pm            318          6         11         88       38.5      29.40       5.55
8:30pm            264          1         11         88       38.3      29.40       5.55
8:35pm            241          5          9         87       38.2      29.41       5.55
8:40pm            265          2         11         86       38.1      29.41       5.55
8:45pm            279          1         11         87       37.9      29.42       5.55
8:50pm              8          1         11         87       37.8      29.42       5.55
8:55pm            276          1         11         87       37.7      29.42       5.55
9:00pm            206          0         11         86       37.7      29.43       5.55
9:05pm            286          4          8         86       37.6      29.43       5.55
9:10pm             77          0          8         86       37.5      29.43       5.55
9:15pm            200          2          8         86       37.4      29.43       5.55
9:20pm            241          2          8         86       37.4      29.43       5.55
9:25pm            257          2          8         86       37.3      29.44       5.55
9:30pm            137          0          8         86       37.2      29.44       5.55
9:35pm            253          6          9         85       37.2      29.44       5.55
9:40pm            272          7          9         84       37.3      29.45       5.55
9:45pm            261          2         12         83       37.2      29.45       5.55
9:50pm            240          2         12         82       37.2      29.45       5.55
9:55pm            297          8         12         81       37.2      29.46       5.55
10:00pm           270          1         12         80       37.2      29.46       5.55
10:05pm           262          9         11         80       37.1      29.46       5.55
10:10pm           271          3         11         81       36.9      29.47       5.55
10:15pm           278          9         11         82       36.8      29.47       5.55
10:20pm           147          1         13         82       36.6      29.48       5.55
10:25pm           231          2         13         83       36.5      29.47       5.55
10:30pm           242          8         13         82       36.4      29.48       5.55
10:35pm           115          3         13         82       36.3      29.48       5.55
10:40pm            86          4         13         83       36.1      29.48       5.55
10:45pm            77          2         17         83       35.9      29.49       5.55
10:50pm           278         13         17         83       35.8      29.49       5.55
10:55pm           281          6         17         83       35.7      29.49       5.55
11:00pm           269          4         17         84       35.6      29.49       5.55
11:05pm           269          6         14         84       35.5      29.50       5.55
11:10pm           240          6         17         84       35.5      29.49       5.55
11:15pm           253          2         17         84       35.5      29.49       5.55
11:20pm           293          5         17         85       35.4      29.49       5.55
11:25pm           286         10         17         85       35.4      29.49       5.55
11:30pm           287          9         18         84       35.4      29.50       5.55
11:35pm           272          5         15         84       35.4      29.50       5.55
11:40pm           244          8         15         85       35.3      29.51       5.55
11:45pm           289          4         17         85       35.2      29.50       5.55
11:50pm           116          6         18         84       35.2      29.50       5.55
11:55pm           270          1         18         84       35.1      29.50       5.55
