4/13/19
Time         Wind Dir   Wind Spd  Wind Gust   Humidity       Temp  Raw Barom   Tot Rain
                    °        mph        mph          %         °F         in         in
12:00am           100          4          4         94       42.3      30.01       4.81
12:05am            81          3          7         94       42.4      30.01       4.81
12:10am            94          3          7         93       42.4      30.00       4.81
12:15am            84          0          7         94       42.4      30.01       4.82
12:20am            90          3          7         94       42.4      30.01       4.82
12:25am            86          2          7         93       42.2      30.00       4.82
12:30am            25          1          7         93       42.0      30.00       4.82
12:35am           115          0          2         94       42.0      30.01       4.82
12:40am            83          2          3         93       41.4      30.01       4.82
12:45am            67          3          5         94       41.3      30.00       4.82
12:50am            88          3          7         95       42.0      30.00       4.82
12:55am           110          1          7         96       42.9      30.00       4.82
1:00am             97          1          7         95       43.1      30.00       4.82
1:05am             79          0          3         95       43.4      30.00       4.82
1:10am             56          0          4         95       43.4      30.00       4.82
1:15am            105          0          4         95       43.3      30.00       4.82
1:20am             92          0          4         94       43.0      30.00       4.82
1:25am             85          1          4         95       42.8      29.99       4.82
1:30am            118          0          4         95       43.0      29.99       4.82
1:35am             63          0          1         94       42.7      29.99       4.82
1:40am            164          0          1         95       43.0      29.99       4.82
1:45am            134          0          3         95       42.8      29.99       4.82
1:50am            247          0          3         94       42.3      29.99       4.82
1:55am            105          0          3         95       42.2      29.99       4.82
2:00am            108          1          3         95       42.0      29.99       4.82
2:05am             93          0          1         95       41.9      29.98       4.82
2:10am            204          0          1         96       42.4      29.98       4.82
2:15am            221          0          3         96       43.2      29.98       4.82
2:20am            263          0          8         97       46.9      29.97       4.82
2:24am            273          2          8         97       49.1      29.97       4.82
2:30am            267          1          8         98       50.7      29.97       4.82
2:35am            292          1          4         98       51.1      29.97       4.82
2:39am            250          2         11         98       51.7      29.97       4.82
2:45am            262          2         11         98       51.8      29.97       4.82
2:50am            237          5         11         98       52.0      29.97       4.82
2:55am            253          3         11         98       52.4      29.97       4.82
3:00am            255          3         11         98       52.5      29.97       4.82
3:05am            284          1          6         97       52.6      29.97       4.82
3:10am            353          1          6         97       52.6      29.97       4.82
3:15am            328          0          6         97       52.7      29.97       4.82
3:20am            290          5          9         97       52.9      29.96       4.82
3:24am            271          5          9         97       53.1      29.96       4.82
3:30am            256          1          9         97       53.3      29.97       4.82
3:35am            277          1          6         96       53.2      29.96       4.82
3:40am            293          3          6         96       53.2      29.96       4.82
3:45am            267         10         10         96       53.4      29.96       4.82
3:50am            225          3         10         96       53.5      29.96       4.82
3:55am            307          6         10         96       53.7      29.96       4.82
4:00am            281          3         10         96       53.8      29.96       4.82
4:05am            258          5          9         96       53.8      29.96       4.82
4:09am            279          0          9         96       53.8      29.96       4.82
4:15am            257          0          9         96       53.7      29.96       4.82
4:20am            254          0          9         96       53.6      29.96       4.82
4:25am            259          0          9         96       53.5      29.96       4.82
4:30am            268          0          9         96       53.9      29.96       4.82
4:34am            252          0          3         96       54.0      29.96       4.83
4:40am            278          0          3         96       54.1      29.95       4.83
4:45am            274          1          3         96       54.2      29.96       4.84
4:50am            285          0          4         96       54.2      29.96       4.84
4:54am            275          0          4         96       54.1      29.95       4.84
5:00am            279          0          4         96       53.9      29.96       4.85
5:05am            263          2          4         96       53.7      29.96       4.86
5:10am            280          1          4         96       53.7      29.96       4.87
5:14am            281          1          4         94       53.0      29.96       4.87
5:20am            292          2          4         95       52.1      29.96       4.87
5:24am            283          1          4         95       51.9      29.96       4.87
5:30am            241          0          4         96       52.4      29.95       4.87
5:35am            210          0          0         96       52.6      29.95       4.87
5:40am            282          0          1         97       53.0      29.96       4.87
5:45am            278          0          1         96       52.4      29.96       4.87
5:50am            278          0          1         95       51.6      29.95       4.87
5:55am            215          0          1         96       51.5      29.95       4.87
6:00am            169          0          1         95       50.8      29.96       4.87
6:05am            169          0          0         94       49.8      29.96       4.87
6:10am            169          0          0         95       49.3      29.96       4.87
6:15am            169          0          0         96       49.9      29.96       4.87
6:20am            169          0          0         97       50.4      29.97       4.87
6:24am            169          0          0         96       50.3      29.96       4.87
6:30am            169          0          0         97       50.8      29.96       4.87
6:35am            241          0          1         97       51.2      29.96       4.87
6:40am            200          0          1         97       51.8      29.97       4.87
6:45am            259          1          1         97       52.4      29.97       4.87
6:49am            270          0          1         97       53.0      29.97       4.87
6:55am            203          2          2         97       53.5      29.97       4.87
7:00am            257          0          3         98       54.0      29.97       4.87
7:05am            262          0          3         97       54.2      29.97       4.87
7:10am            302          0          3         97       54.3      29.97       4.87
7:15am            296          3          4         97       54.6      29.96       4.87
7:20am            272          2          5         97       54.9      29.97       4.87
7:25am            262          2          5         97       54.9      29.97       4.87
7:30am            281          0          5         96       54.6      29.97       4.87
7:35am            278          0          1         96       54.3      29.97       4.87
7:40am            268          0          1         96       54.2      29.97       4.87
7:44am            268          0          1         96       54.1      29.97       4.87
7:50am            268          0          1         96       53.9      29.97       4.87
7:55am            268          0          1         96       53.4      29.97       4.87
8:00am            268          0          1         96       53.1      29.97       4.87
8:05am            268          0          0         96       52.9      29.97       4.87
8:10am            270          1          3         97       53.6      29.97       4.87
8:15am            242          0          3         97       54.3      29.97       4.87
8:20am            276          1          3         97       54.7      29.97       4.87
8:25am            280          2          3         97       54.7      29.97       4.87
8:30am            252          1          4         97       55.0      29.97       4.87
8:35am            279          0          4         97       55.2      29.97       4.87
8:40am            277          2          4         97       55.4      29.97       4.87
8:45am            290          1          5         96       55.5      29.97       4.87
8:49am            264          0          5         96       55.3      29.97       4.87
8:55am            298          0          5         96       55.3      29.97       4.87
9:00am            278          0          5         96       55.3      29.96       4.87
9:05am            285          0          2         96       55.3      29.96       4.87
9:10am            278          1          2         96       55.5      29.96       4.87
9:15am            278          2          2         96       55.8      29.96       4.87
9:20am            252          0          3         96       55.9      29.96       4.87
9:25am            262          1          3         96       56.1      29.96       4.87
9:30am            245          0          3         96       56.3      29.96       4.87
9:35am            271          2          4         96       56.4      29.96       4.87
9:40am            275          3          4         96       56.6      29.96       4.87
9:45am            266          2          4         95       56.6      29.96       4.87
9:50am            266          1          4         95       56.6      29.95       4.87
9:55am            282          3          4         95       56.8      29.96       4.87
10:00am           266          2          4         95       57.2      29.96       4.87
10:04am           269          0          4         95       57.6      29.96       4.87
10:10am           282          3          6         95       58.1      29.95       4.87
10:15am           263          3          6         94       58.6      29.95       4.87
10:20am           262          2          6         94       59.3      29.95       4.87
10:25am           264          3          6         93       59.8      29.96       4.87
10:30am           261          3          6         92       60.1      29.96       4.87
10:35am           285          2          8         91       60.2      29.95       4.87
10:40am           285          3          8         91       60.7      29.95       4.87
10:45am           292          2          8         90       60.7      29.95       4.87
10:50am           229          0          8         90       60.9      29.95       4.87
10:55am           274          2          8         89       61.3      29.95       4.87
11:00am           259          0          8         88       61.8      29.95       4.87
11:05am           270          5          8         87       62.1      29.95       4.87
11:10am           276          3          8         87       62.3      29.95       4.87
11:15am           271          2          8         86       62.7      29.95       4.87
11:20am           184          0          8         84       62.8      29.94       4.87
11:25am           271          3          8         83       63.4      29.94       4.87
11:30am           278          0          8         82       63.8      29.94       4.87
11:35am           256          0          4         80       64.0      29.94       4.87
11:40am           266          1          6         79       64.6      29.94       4.87
11:45am           262          3          6         78       64.8      29.94       4.87
11:50am           267          3          9         76       64.5      29.94       4.87
11:55am           288          3          9         77       64.4      29.93       4.87
12:00pm           266          3          9         76       64.3      29.93       4.87
12:05pm           300          3          6         75       64.3      29.93       4.87
12:10pm           238          2          6         76       64.5      29.93       4.87
12:15pm           278          6          7         75       64.4      29.93       4.87
12:20pm           288          2         10         74       64.2      29.93       4.87
12:25pm           257          5         10         75       64.1      29.93       4.87
12:30pm           277          5         10         75       64.2      29.92       4.87
12:35pm           271          5          8         75       64.3      29.92       4.87
12:40pm           277          8          8         74       64.7      29.92       4.87
12:45pm           283          4         10         70       65.1      29.92       4.87
12:50pm           219          3         10         70       65.1      29.92       4.87
12:55pm           271          4         10         70       65.1      29.91       4.87
1:00pm            251         10         11         70       65.1      29.91       4.87
1:05pm            269          2         10         69       65.2      29.91       4.87
1:10pm            277          2         11         66       65.4      29.91       4.87
1:15pm            283          2         11         66       65.2      29.91       4.87
1:20pm            289          5         11         66       65.1      29.91       4.87
1:25pm            271          5         11         64       65.7      29.91       4.87
1:30pm            269          5         11         61       66.0      29.91       4.87
1:35pm            262          4         10         60       66.1      29.90       4.87
1:40pm            249         11         11         62       67.1      29.90       4.87
1:45pm            253          3         13         55       67.5      29.90       4.87
1:50pm            273          3         14         54       67.7      29.90       4.87
1:55pm            275          3         14         53       67.9      29.90       4.87
2:00pm            278          4         14         54       68.0      29.89       4.87
2:05pm            270          5          9         52       68.4      29.89       4.87
2:10pm            278          2         15         52       69.1      29.88       4.87
2:15pm            266          7         18         41       69.7      29.88       4.87
2:20pm            296          8         18         39       69.6      29.88       4.87
2:25pm            281         11         18         38       69.6      29.88       4.87
2:30pm            269          9         18         40       69.8      29.88       4.87
2:35pm            257         15         16         35       70.0      29.87       4.87
2:40pm            277          4         16         37       69.9      29.87       4.87
2:45pm            304          6         17         36       69.9      29.88       4.87
2:50pm            241          4         18         35       70.3      29.88       4.87
2:55pm            267          9         18         36       70.2      29.87       4.87
3:00pm            184          4         20         34       70.3      29.86       4.87
3:05pm            278          9         15         35       70.2      29.87       4.87
3:10pm            274         10         22         33       70.4      29.86       4.87
3:15pm            244          6         22         34       70.2      29.86       4.87
3:20pm            240          3         22         34       71.1      29.86       4.87
3:25pm            251          7         22         33       71.4      29.86       4.87
3:30pm            236          5         22         32       71.2      29.86       4.87
3:35pm            256          3         11         34       71.3      29.86       4.87
3:40pm            275          6         15         33       70.9      29.86       4.87
3:45pm            307          5         15         33       70.3      29.86       4.87
3:50pm            270          2         15         33       70.2      29.86       4.87
3:55pm            266          5         15         33       70.1      29.86       4.87
4:00pm            269          6         15         33       70.1      29.86       4.87
4:05pm            290          5         12         33       69.7      29.86       4.87
4:10pm            234          4         13         34       69.4      29.86       4.87
4:15pm            267          7         13         34       69.2      29.86       4.87
4:20pm            291         10         13         33       68.9      29.86       4.87
4:25pm            277          4         15         33       68.6      29.86       4.87
4:30pm            289          4         15         33       68.4      29.86       4.87
4:35pm            278          6         10         34       68.3      29.86       4.87
4:40pm            270          5         10         33       68.3      29.86       4.87
4:45pm            284          3         10         33       68.3      29.86       4.87
4:50pm            245          5         11         33       68.6      29.86       4.87
4:55pm            269          4         11         33       68.8      29.87       4.87
5:00pm            262          3         11         33       68.7      29.86       4.87
5:05pm            278          3         11         33       68.6      29.86       4.87
5:10pm            290          6         11         34       68.4      29.86       4.87
5:15pm            283          9         11         33       68.4      29.87       4.87
5:20pm            262          8         11         35       68.3      29.86       4.87
5:25pm            280          5         11         35       68.1      29.87       4.87
5:30pm            243          3         11         36       67.8      29.87       4.87
5:35pm            239          4         10         37       67.3      29.86       4.87
5:40pm            248          1         10         39       67.1      29.87       4.87
5:45pm            276          3         10         38       66.9      29.86       4.87
5:50pm            266          2         10         39       66.8      29.86       4.87
5:55pm            268          5         10         39       67.0      29.86       4.87
6:00pm            233          6         11         39       67.0      29.86       4.87
6:05pm            208          4         11         40       66.8      29.86       4.87
6:10pm            248          3         15         41       66.5      29.87       4.87
6:15pm            297          8         15         41       66.3      29.87       4.87
6:20pm            271          7         15         42       66.2      29.87       4.87
6:25pm            229          2         15         42       66.2      29.88       4.87
6:30pm            270          1         15         41       66.3      29.88       4.87
6:35pm            274          6         12         42       66.3      29.88       4.87
6:40pm            231          2         12         41       66.1      29.88       4.87
6:45pm            274          4         12         41       65.7      29.88       4.87
6:50pm            282          7         12         43       65.2      29.89       4.87
6:55pm            276          2         12         42       65.0      29.89       4.87
7:00pm            246          0         12         43       64.7      29.89       4.87
7:05pm            274          5          6         43       64.1      29.89       4.87
7:10pm            259          3          6         44       63.6      29.89       4.87
7:15pm            262          0          6         45       63.3      29.89       4.87
7:20pm             28          0          6         47       62.4      29.89       4.87
7:25pm            252          0          6         48       61.5      29.89       4.87
7:30pm            252          0          6         49       60.8      29.89       4.87
7:35pm            252          0          1         51       60.2      29.89       4.87
7:40pm            252          0          1         51       59.3      29.89       4.87
7:45pm            252          0          1         52       58.5      29.89       4.87
7:50pm            252          0          1         54       57.9      29.89       4.87
7:55pm            252          0          1         54       57.4      29.89       4.87
8:00pm            251          0          1         54       56.8      29.89       4.87
8:05pm            252          0          0         55       56.4      29.89       4.87
8:10pm            252          0          0         56       56.0      29.88       4.87
8:15pm            252          0          0         56       55.6      29.89       4.87
8:20pm            252          0          0         56       55.4      29.89       4.87
8:25pm            252          0          0         56       54.9      29.89       4.87
8:30pm            252          0          0         55       54.6      29.89       4.87
8:35pm            252          0          0         56       54.6      29.89       4.87
8:40pm            252          0          0         55       54.4      29.89       4.87
8:45pm            252          0          0         56       53.9      29.89       4.87
8:50pm            252          0          0         58       53.4      29.89       4.87
8:55pm            252          0          0         61       52.8      29.90       4.87
9:00pm            252          0          0         62       51.8      29.90       4.87
9:05pm            252          0          0         63       50.8      29.90       4.87
9:10pm            252          0          0         64       49.9      29.90       4.87
9:15pm            252          0          0         66       49.1      29.90       4.87
9:20pm            252          0          0         69       48.5      29.90       4.87
9:25pm            252          0          0         69       48.7      29.90       4.87
9:30pm            251          0          1         71       49.1      29.90       4.87
9:35pm            252          0          0         68       49.8      29.90       4.87
9:40pm            252          0          0         64       50.4      29.90       4.87
9:45pm            252          0          0         63       50.7      29.90       4.87
9:50pm            252          0          0         61       51.3      29.89       4.87
9:55pm            252          0          0         64       50.6      29.89       4.87
10:00pm           252          0          0         67       49.3      29.89       4.87
10:05pm           252          0          0         67       48.3      29.89       4.87
10:10pm           251          0          0         65       48.5      29.89       4.87
10:15pm            93          0          0         69       48.1      29.89       4.87
10:20pm            93          0          0         70       46.7      29.89       4.87
10:25pm            93          0          0         72       45.7      29.89       4.87
10:30pm           329          0          0         75       46.5      29.89       4.87
10:35pm           109          0          0         71       45.9      29.90       4.87
10:40pm           109          0          0         73       44.7      29.90       4.87
10:45pm           110          0          0         76       44.7      29.90       4.87
10:50pm           109          0          0         75       45.0      29.90       4.87
10:55pm           109          0          0         74       44.1      29.90       4.87
11:00pm           110          0          0         75       43.0      29.89       4.87
11:05pm           109          0          0         76       42.0      29.89       4.87
11:10pm           109          0          0         77       41.1      29.89       4.87
11:15pm           109          0          0         81       41.4      29.89       4.87
11:20pm           291          0          0         80       43.1      29.89       4.87
11:25pm           293          0          0         75       45.2      29.89       4.87
11:30pm           293          0          0         73       44.9      29.89       4.87
11:35pm           293          0          0         74       43.6      29.89       4.87
11:40pm           293          0          0         75       42.7      29.89       4.87
11:45pm           293          0          0         76       41.9      29.89       4.87
11:50pm           293          0          0         77       41.3      29.89       4.87
11:55pm           293          0          0         79       41.3      29.89       4.87
