5/24/19
Time         Wind Dir   Wind Spd  Wind Gust   Humidity       Temp  Raw Barom   Tot Rain
                    °        mph        mph          %         °F         in         in
12:00am           278          3          7         96       55.7      29.62      11.56
12:04am           248          1          5         95       55.8      29.62      11.56
12:10am           269          2          5         95       55.7      29.62      11.56
12:15am           243          1          5         95       55.4      29.62      11.56
12:20am           255          0          5         96       55.3      29.62      11.56
12:25am           277          2          5         96       55.3      29.62      11.56
12:30am           289          3          5         96       55.4      29.62      11.56
12:35am           258          3          9         96       55.3      29.62      11.56
12:40am           255          1          9         96       55.2      29.61      11.56
12:45am           260          0          9         96       55.1      29.61      11.56
12:50am           275          0          9         96       55.0      29.61      11.56
12:55am           279          0          9         95       54.7      29.61      11.56
1:00am            276          2          9         96       54.9      29.61      11.56
1:05am            293          0          5         96       55.1      29.60      11.56
1:09am             19          0          5         96       55.2      29.60      11.56
1:15am            195          0          5         95       55.0      29.60      11.56
1:20am            257          0          5         95       54.8      29.60      11.56
1:25am            263          0          5         96       54.7      29.60      11.56
1:30am            259          0          5         95       54.5      29.59      11.56
1:35am            245          0          2         96       54.4      29.60      11.56
1:40am            213          0          2         96       54.3      29.59      11.56
1:45am            215          0          2         96       54.2      29.59      11.56
1:50am            215          0          2         96       54.0      29.59      11.56
1:55am             54          0          2         96       54.1      29.59      11.57
2:00am            101          0          2         96       54.2      29.59      11.57
2:05am            246          0          2         96       54.2      29.59      11.57
2:10am            231          0          2         95       54.0      29.58      11.57
2:15am            231          0          2         96       53.7      29.58      11.57
2:20am            217          1          3         96       53.6      29.58      11.57
2:25am            254          0          3         96       53.5      29.58      11.57
2:30am            264          0          3         96       53.3      29.58      11.57
2:35am            281          1          2         96       53.2      29.58      11.57
2:40am            267          0          2         96       53.2      29.58      11.57
2:45am            267          0          2         96       53.1      29.58      11.57
2:50am            276          1          2         96       52.9      29.57      11.57
2:55am            273          3          4         96       52.5      29.57      11.57
3:00am            281          2          4         97       52.8      29.57      11.57
3:05am            253          0          2         96       52.6      29.57      11.57
3:10am            257          0          2         96       52.3      29.57      11.57
3:15am            254          0          2         96       52.0      29.57      11.57
3:20am            266          0          2         96       51.9      29.56      11.57
3:25am            278          2          5         96       51.8      29.56      11.57
3:30am            240          0          5         97       52.2      29.56      11.57
3:35am            259          2          5         97       52.5      29.56      11.57
3:40am            244          0          5         96       52.6      29.55      11.57
3:45am            329          2          5         96       52.6      29.55      11.57
3:50am            232          1          5         96       52.8      29.55      11.57
3:55am            221          0          5         95       52.9      29.55      11.57
4:00am            265          2          5         95       52.7      29.55      11.57
4:05am            226          2          6         95       52.6      29.55      11.57
4:10am            278          0          7         95       52.8      29.55      11.57
4:15am            224          2          7         94       53.0      29.55      11.57
4:20am            254          2          7         94       52.9      29.55      11.57
4:25am            223          1          7         94       52.8      29.55      11.57
4:30am            229          0          7         94       52.8      29.55      11.57
4:35am            250          1          3         94       52.7      29.55      11.57
4:40am            245          0          6         94       52.7      29.55      11.57
4:45am            256          0          6         94       52.6      29.56      11.57
4:50am            259          1          6         94       52.6      29.56      11.57
4:55am            245          1          6         94       52.5      29.56      11.57
5:00am            292          6          6         95       52.4      29.55      11.57
5:05am            240          0          8         94       52.6      29.55      11.57
5:10am            243          2          8         94       52.7      29.55      11.57
5:15am            252          1          8         93       52.8      29.56      11.57
5:20am            283          3          8         93       52.8      29.56      11.57
5:25am            236          0          8         93       52.9      29.56      11.57
5:30am            257          0          8         93       53.3      29.56      11.57
5:35am            295          3          8         92       53.5      29.56      11.57
5:40am            290          3          9         92       53.6      29.57      11.57
5:45am            239          1          9         92       53.6      29.57      11.57
5:50am            254          0          9         92       53.7      29.57      11.57
5:55am            224          2          9         92       53.7      29.57      11.57
6:00am            249          4          9         93       53.7      29.58      11.57
6:05am            231          3          8         92       53.9      29.58      11.57
6:10am            266          1         10         92       54.1      29.58      11.57
6:15am            253          1         10         91       54.4      29.58      11.57
6:20am            283          3         10         90       54.6      29.58      11.57
6:25am            273          3         10         90       54.8      29.58      11.57
6:30am            259          6         10         90       54.9      29.58      11.57
6:35am            269          2          9         90       54.9      29.58      11.57
6:40am            262          1          9         90       54.9      29.58      11.57
6:45am            254          7          9         90       55.1      29.58      11.57
6:50am            252          6         13         89       55.3      29.58      11.57
6:55am            278          6         13         89       55.4      29.58      11.57
7:00am            245          0         13         88       55.5      29.59      11.57
7:05am            278          1          5         89       55.4      29.59      11.57
7:10am            252          0          7         89       55.5      29.59      11.57
7:15am            272          5          8         89       55.4      29.60      11.57
7:20am            262          1          8         89       55.3      29.60      11.57
7:25am            276          0          8         91       55.1      29.61      11.57
7:30am            245          2          8         91       54.9      29.61      11.58
7:35am            266          0          6         92       54.8      29.61      11.58
7:40am            227          0          6         92       54.7      29.62      11.58
7:45am            244          2          6         92       54.8      29.62      11.58
7:50am            264          0          7         92       55.0      29.62      11.58
7:55am            139          1          7         92       55.3      29.62      11.58
8:00am            333          1          9         91       55.7      29.62      11.58
8:05am            234          0          6         90       55.9      29.62      11.58
8:10am            110          1          6         90       56.0      29.63      11.58
8:15am            106          2         10         89       56.1      29.63      11.58
8:20am             62          0         10         88       56.1      29.63      11.58
8:25am            110          1         10         88       56.0      29.64      11.58
8:30am            206          1         10         87       56.0      29.64      11.58
8:35am            212          2          9         87       55.9      29.65      11.58
8:40am            253          7         11         86       55.9      29.65      11.59
8:45am            264          3         11         86       56.2      29.65      11.59
8:50am             90          3         11         86       56.3      29.66      11.59
8:55am            301          1         11         85       56.3      29.67      11.59
9:00am             29          3         16         85       56.4      29.67      11.59
9:05am            117          2          8         85       56.4      29.67      11.59
9:10am            258          7          9         84       56.4      29.67      11.59
9:15am            209          6         11         83       56.2      29.67      11.59
9:20am            285          1         11         83       56.2      29.68      11.59
9:25am            264          2         16         82       56.6      29.68      11.59
9:30am            251          2         16         82       56.7      29.69      11.59
9:35am             69          2          9         82       56.8      29.69      11.59
9:40am            236          0          9         82       56.6      29.69      11.59
9:45am            278          1         15         81       56.8      29.69      11.59
9:50am            262          6         15         81       57.0      29.70      11.59
9:55am            274          2         15         81       57.3      29.70      11.59
10:00am           160          0         15         80       57.8      29.70      11.59
10:05am           299          0         12         79       58.0      29.70      11.59
10:10am             6          1         15         77       57.9      29.70      11.59
10:15am           195          1         15         78       57.8      29.71      11.59
10:20am           104          1         15         77       57.8      29.71      11.59
10:25am           255          0         15         78       58.0      29.71      11.59
10:30am           326          0         15         77       58.2      29.72      11.59
10:35am           123          2          7         77       58.5      29.72      11.59
10:40am           266          4          7         77       58.6      29.72      11.59
10:45am           140          2         13         76       58.2      29.73      11.59
10:50am           351          0         13         77       58.0      29.73      11.59
10:55am           219          3         13         77       57.7      29.73      11.59
11:00am           187          1         13         77       57.7      29.74      11.59
11:05am           238          1          9         77       57.8      29.74      11.59
11:10am           167          0         12         77       57.7      29.74      11.59
11:15am           263          4         12         76       57.6      29.74      11.59
11:20am           306          5         12         77       57.6      29.75      11.59
11:25am           218          0         12         76       57.9      29.75      11.59
11:30am           263          2         12         76       58.2      29.75      11.59
11:35am           265          4          9         74       58.7      29.75      11.59
11:40am           112          3         10         74       59.3      29.75      11.59
11:45am           181          0         10         74       59.3      29.76      11.59
11:50am           285          2         10         73       59.9      29.76      11.59
11:55am           260          6         16         72       59.9      29.76      11.59
12:00pm            86          2         16         72       59.5      29.76      11.59
12:05pm           100          1          7         73       59.6      29.77      11.59
12:10pm            84          2         11         71       59.8      29.76      11.59
12:15pm           163          1         11         72       60.5      29.76      11.59
12:20pm           285          3         13         70       61.1      29.77      11.59
12:25pm           144          0         13         70       61.0      29.77      11.59
12:30pm            53          9         13         69       60.5      29.77      11.59
12:35pm           188          2          9         70       60.4      29.77      11.59
12:40pm            68          4         11         71       60.3      29.77      11.59
12:45pm           120          4         11         70       60.5      29.77      11.59
12:50pm            44          3         11         68       61.4      29.77      11.59
12:55pm           278          0         11         68       61.7      29.77      11.59
1:00pm            155          1         11         69       61.9      29.77      11.59
1:05pm             31          3          8         67       62.0      29.78      11.59
1:10pm            289          2         13         67       61.7      29.78      11.59
1:15pm            113          3         13         68       61.9      29.79      11.59
1:20pm            297          4         13         68       62.6      29.79      11.59
1:25pm             48          4         13         64       63.2      29.79      11.59
1:30pm            164          3         13         62       63.1      29.79      11.59
1:35pm            300          3          3         66       62.8      29.80      11.59
1:40pm            306          0          9         65       62.0      29.80      11.59
1:45pm            146          1          9         68       61.6      29.81      11.59
1:50pm            266          5          9         68       61.4      29.81      11.59
1:55pm            271          0          9         68       61.4      29.82      11.59
2:00pm            219          0          9         69       61.6      29.81      11.59
2:05pm            238          0          8         67       61.7      29.82      11.59
2:10pm            247          0          8         68       61.9      29.82      11.59
2:15pm             89          0          9         66       61.9      29.83      11.59
2:20pm            276          3          9         70       62.0      29.83      11.59
2:25pm            252          2          9         67       62.5      29.83      11.59
2:30pm             95          1          9         68       62.4      29.84      11.59
2:35pm            288          0          5         66       62.5      29.84      11.59
2:40pm            169          3          7         67       62.3      29.85      11.59
2:45pm            299          3          7         65       62.0      29.85      11.59
2:50pm             89         10         10         66       61.7      29.85      11.59
2:55pm            118          0         10         65       61.5      29.86      11.59
3:00pm            262          0         10         66       61.4      29.86      11.59
3:05pm             53          0          5         66       61.2      29.87      11.59
3:10pm            125          0          6         68       60.7      29.88      11.59
3:15pm             23          2         11         67       60.1      29.88      11.59
3:20pm            351          6         14         70       59.5      29.88      11.59
3:25pm            314          3         14         70       59.1      29.89      11.59
3:30pm             36          0         14         70       58.7      29.89      11.59
3:35pm             81          0          7         71       58.6      29.89      11.59
3:40pm            131          2          9         71       58.5      29.89      11.59
3:45pm            172          2         12         71       58.4      29.90      11.59
3:50pm            243          0         12         73       58.6      29.90      11.59
3:55pm            263          0         12         71       58.5      29.90      11.59
4:00pm             70          0         12         71       58.4      29.90      11.59
4:05pm            224          1          8         72       58.4      29.91      11.59
4:10pm             49          4          8         72       58.4      29.91      11.59
4:15pm             69          0          8         73       58.2      29.91      11.59
4:20pm            214          0          8         72       58.2      29.92      11.59
4:25pm            307          0          8         72       58.3      29.92      11.59
4:30pm            146          2          8         72       58.3      29.92      11.59
4:35pm            126          1          4         72       58.4      29.92      11.59
4:40pm            290          0          4         72       58.7      29.92      11.59
4:45pm            280          1          8         70       58.8      29.92      11.59
4:50pm            316          0          8         71       58.8      29.93      11.59
4:55pm            160          0          8         70       59.3      29.93      11.59
5:00pm             79          0          8         68       60.0      29.93      11.59
5:05pm             20          6         10         65       60.5      29.94      11.59
5:10pm            295          3         10         65       60.9      29.94      11.59
5:15pm            281          0         10         67       59.7      29.94      11.59
5:20pm            273          1         10         68       60.2      29.95      11.59
5:25pm             16          0         10         65       61.6      29.95      11.59
5:30pm            259          0         10         64       61.4      29.95      11.59
5:35pm            277          2          6         66       60.3      29.95      11.59
5:40pm             49          1          6         68       59.3      29.95      11.59
5:45pm             81          1          6         70       58.9      29.96      11.59
5:50pm            106          0          6         70       59.1      29.96      11.59
5:55pm            292          1          6         69       59.1      29.96      11.59
6:00pm             59          1          6         69       58.8      29.96      11.59
6:05pm            167          0          5         69       58.5      29.96      11.59
6:10pm            301          1          8         69       58.0      29.97      11.59
6:15pm             37          0          8         70       57.8      29.97      11.59
6:20pm            107          1          8         71       57.6      29.98      11.59
6:25pm            122          1          8         71       57.4      29.98      11.59
6:30pm            106          0          8         72       57.3      29.98      11.59
6:35pm            105          0          2         72       57.2      29.98      11.59
6:40pm             43          0          5         72       57.2      29.99      11.59
6:45pm            115          1          5         72       57.2      29.99      11.59
6:50pm             65          2          5         72       57.2      29.99      11.59
6:55pm            124          0          5         73       57.1      29.99      11.59
7:00pm             85          1          5         72       57.2      30.00      11.59
7:05pm            283          0          4         72       57.0      30.00      11.59
7:10pm             20          2          6         72       57.0      30.01      11.59
7:15pm             75          2          7         72       56.8      30.01      11.59
7:20pm            131          0          7         73       56.7      30.01      11.59
7:25pm             37          0          7         73       56.6      30.01      11.59
7:30pm            278          0          7         73       56.6      30.01      11.59
7:35pm            346          0          3         73       56.5      30.01      11.59
7:40pm             77          2          6         74       56.4      30.01      11.59
7:45pm             96          0          6         74       56.3      30.01      11.59
7:50pm            356          1          6         75       56.2      30.01      11.59
7:55pm            255          1          6         75       56.1      30.02      11.59
8:00pm            274          0          6         75       56.0      30.02      11.59
8:05pm            271          0          1         76       55.8      30.03      11.59
8:10pm             86          0          1         77       55.7      30.03      11.59
8:15pm             63          0          1         77       55.6      30.03      11.59
8:20pm            264          0          1         77       55.5      30.03      11.59
8:25pm            309          0          1         77       55.4      30.03      11.59
8:30pm             53          0          1         78       55.3      30.04      11.59
8:35pm             40          0          1         78       55.2      30.04      11.59
8:40pm            284          0          1         78       55.2      30.04      11.59
8:45pm            250          0          4         79       55.1      30.04      11.59
8:50pm             41          0          4         79       55.0      30.04      11.59
8:55pm             86          0          4         79       54.9      30.04      11.59
9:00pm             31          0          4         79       54.9      30.04      11.59
9:05pm            221          0          1         79       54.9      30.04      11.59
9:10pm            277          0          2         79       54.8      30.05      11.59
9:15pm            197          0          2         79       54.8      30.05      11.59
9:20pm            273          0          2         79       54.7      30.05      11.59
9:25pm            273          0          2         80       54.6      30.05      11.59
9:30pm            273          0          2         80       54.4      30.05      11.59
9:35pm             71          0          1         80       54.2      30.05      11.59
9:40pm             69          0          1         81       53.9      30.05      11.59
9:45pm            191          0          1         81       53.7      30.05      11.59
9:50pm            191          0          1         81       53.4      30.05      11.59
9:55pm            244          0          1         82       53.2      30.05      11.59
10:00pm           244          0          1         82       52.9      30.05      11.59
10:05pm           279          0          1         82       52.8      30.05      11.59
10:10pm           276          0          1         82       52.7      30.05      11.59
10:15pm           276          0          1         83       52.4      30.05      11.59
10:20pm            51          0          1         83       52.2      30.06      11.59
10:25pm            51          0          1         84       52.1      30.05      11.59
10:30pm           166          0          1         84       52.0      30.06      11.59
10:35pm           231          0          1         85       51.7      30.06      11.59
10:40pm            96          0          2         85       51.4      30.06      11.59
10:45pm           102          0          2         86       51.2      30.06      11.59
10:50pm           212          0          2         86       50.9      30.06      11.59
10:55pm           212          0          2         87       50.6      30.06      11.59
11:00pm           206          0          2         88       50.4      30.06      11.59
11:05pm           225          0          0         88       50.2      30.06      11.59
11:10pm           225          0          1         88       49.8      30.06      11.59
11:15pm           224          0          1         89       49.5      30.06      11.59
11:20pm           224          0          1         89       49.0      30.07      11.59
11:25pm           224          0          1         90       48.6      30.07      11.59
11:30pm           224          0          1         91       48.4      30.07      11.59
11:35pm           224          0          0         91       48.3      30.07      11.59
11:40pm           225          0          0         91       48.0      30.07      11.59
11:45pm           224          0          0         92       47.6      30.07      11.59
11:50pm           225          0          0         92       47.4      30.07      11.59
11:55pm           225          0          0         93       47.4      30.07      11.59
