5/16/19
Time         Wind Dir   Wind Spd  Wind Gust   Humidity       Temp  Raw Barom   Tot Rain
                    °        mph        mph          %         °F         in         in
12:00am           270          0          1         90       45.9      29.75      10.35
12:30am           270          0          1         91       45.9      29.75      10.35
1:00am            270          0          1         93       45.3      29.74      10.35
1:30am             90          0          1         94       45.2      29.73      10.35
2:00am             90          0          1         95       44.9      29.74      10.36
2:30am             90          0          0         95       44.8      29.73      10.36
3:00am            135          0          1         95       44.5      29.73      10.36
3:30am            135          0          0         95       44.3      29.73      10.36
4:00am            135          0          0         96       43.9      29.74      10.36
4:30am            270          0          1         96       43.5      29.74      10.36
5:00am            270          0          1         96       43.5      29.74      10.36
5:30am            270          0          1         97       43.1      29.74      10.36
6:00am            270          0          0         97       42.9      29.75      10.36
6:30am            270          0          1         97       43.3      29.76      10.36
7:00am            270          0          2         96       44.4      29.77      10.36
7:30am            270          0          4         94       46.4      29.78      10.36
8:00am            270          1          4         90       48.7      29.78      10.36
8:30am            270          1          5         81       51.2      29.79      10.36
9:00am            270          1          6         75       54.0      29.79      10.36
9:30am            270          1          6         70       54.3      29.79      10.36
10:15am           250          0          7         61       56.7      29.78      10.40
10:19am           243          0          7         61       55.8      29.78      10.40
10:24am           257          0          7         60       55.5      29.78      10.40
10:29am           169          0          7         62       55.1      29.78      10.40
10:35am           118          0          3         63       55.7      29.78      10.40
10:40am            68          1          5         59       56.4      29.78      10.40
10:45am           266          3          6         57       56.6      29.78      10.40
10:50am           333          3          8         60       56.3      29.78      10.40
10:54am           263          3          8         60       56.3      29.78      10.40
11:00am           113          0          8         59       56.6      29.78      10.40
11:04am           311          2          5         57       57.4      29.78      10.40
11:09am           181          2          7         55       57.8      29.77      10.40
11:14am           266          2          8         51       58.2      29.77      10.40
11:19am           236          3          9         51       58.5      29.78      10.40
11:24am           282          0          9         51       58.6      29.78      10.40
11:29am           255          1          9         52       59.0      29.77      10.40
11:34am           313          2          4         53       58.7      29.78      10.40
11:40am           108          0          4         53       58.3      29.78      10.40
11:44am           205          3          4         53       58.6      29.78      10.40
11:50am           292          3          8         51       58.8      29.78      10.40
11:55am           302          2          8         49       59.5      29.78      10.40
11:59am           281          0          8         50       59.8      29.78      10.40
12:05pm           186          2          5         51       60.5      29.78      10.40
12:10pm           241          2          9         48       60.6      29.78      10.40
12:15pm           276          3          9         51       61.0      29.78      10.40
12:19pm           129          0          9         47       61.6      29.78      10.40
12:24pm            94          2          9         48       61.2      29.78      10.40
12:30pm           258          5          9         48       61.4      29.78      10.40
12:34pm            89          2          6         48       60.8      29.78      10.40
12:39pm           131          1          6         46       61.7      29.78      10.40
12:45pm           263          6          8         48       61.7      29.78      10.40
12:49pm           265          1          8         46       61.7      29.78      10.40
12:54pm           209          0          8         47       60.7      29.77      10.40
1:00pm            281          2          8         47       59.9      29.77      10.40
1:05pm            298          6         10         52       59.1      29.78      10.40
1:09pm            253          3         10         55       58.1      29.78      10.40
1:15pm            303          3         10         57       57.9      29.78      10.40
1:19pm            279         12         12         55       57.8      29.78      10.40
1:25pm            323          2         12         55       57.8      29.78      10.40
1:30pm            267          1         12         53       58.3      29.78      10.40
1:34pm            210          0          7         54       58.9      29.77      10.40
1:40pm            243          3          9         52       59.2      29.77      10.40
1:44pm            285          2          9         48       59.7      29.77      10.40
1:49pm            113          1          9         51       60.2      29.77      10.40
1:54pm            283          3          9         47       60.8      29.77      10.40
2:00pm            294          1         10         48       60.7      29.77      10.40
2:05pm            348          0          6         47       61.2      29.76      10.40
2:09pm              6          1          7         47       62.0      29.76      10.40
2:14pm            247          2         10         43       61.6      29.76      10.40
2:19pm            354          4         10         47       62.0      29.76      10.40
2:24pm            270          2         10         44       62.8      29.76      10.40
2:29pm            269          9         10         46       63.5      29.75      10.40
2:34pm            169          0         10         46       62.9      29.76      10.40
2:39pm            160          3         10         51       62.5      29.76      10.40
2:45pm             94          3         10         52       62.2      29.75      10.40
2:50pm            106          1         10         49       62.0      29.75      10.40
2:54pm            181          0         10         50       61.3      29.75      10.40
3:00pm            115          3         10         51       60.6      29.75      10.40
3:04pm             60          2          5         50       60.9      29.75      10.40
3:09pm            158          0          5         51       61.2      29.75      10.40
3:14pm            316          0          5         50       60.8      29.75      10.40
3:20pm            233          0          5         49       60.6      29.75      10.40
3:24pm            101          1          5         49       61.3      29.75      10.40
3:29pm            105          3          5         49       60.7      29.75      10.40
3:35pm            123          1          5         49       61.3      29.75      10.40
3:39pm            208          1          5         49       61.1      29.75      10.40
3:45pm            264          2          7         46       62.0      29.75      10.40
3:49pm            275          0          7         48       63.2      29.75      10.40
3:54pm            278          1          7         47       62.1      29.75      10.40
4:00pm            181          0          7         48       61.2      29.75      10.40
4:04pm            251          2          6         49       61.0      29.75      10.40
4:09pm             58          3          6         48       60.8      29.75      10.40
4:14pm            310          0          8         51       60.5      29.76      10.40
4:19pm             80          1          8         50       60.3      29.76      10.40
4:24pm            215          1          8         50       59.9      29.76      10.40
4:29pm            200          0          8         52       60.0      29.76      10.40
4:34pm            257          0          4         51       60.2      29.76      10.40
4:39pm            284          0          4         51       60.6      29.76      10.40
4:44pm            252          0          4         51       60.8      29.76      10.40
4:49pm            182          0          4         51       60.7      29.76      10.40
4:54pm            209          0          4         50       60.9      29.76      10.40
4:59pm            115          0          4         51       61.3      29.76      10.40
5:04pm            106          0          1         51       61.4      29.76      10.40
5:09pm             56          0          3         49       61.8      29.76      10.40
5:14pm            287          0          5         48       61.6      29.76      10.40
5:19pm            271          3          5         47       61.6      29.76      10.40
5:25pm            278          3          6         48       62.6      29.76      10.40
5:29pm            275          3          6         46       62.8      29.76      10.40
5:35pm            265          0          5         47       62.1      29.76      10.40
5:39pm             97          0          5         48       62.7      29.76      10.40
5:44pm            157          0          5         45       65.4      29.76      10.40
5:49pm            203          0          5         41       65.3      29.76      10.40
5:54pm            108          0          5         43       64.1      29.76      10.40
6:00pm             98          0          5         44       63.0      29.76      10.40
6:04pm            204          0          1         46       62.0      29.76      10.40
6:09pm            181          0          4         47       61.6      29.76      10.40
6:14pm             91          0          4         47       61.3      29.76      10.40
6:19pm             91          0          4         48       60.8      29.76      10.40
6:24pm             82          0          4         54       60.5      29.77      10.40
6:29pm             82          0          4         50       59.7      29.76      10.40
6:34pm             82          0          0         50       59.7      29.77      10.40
6:39pm             82          0          0         51       59.9      29.77      10.40
6:44pm             82          0          0         50       60.0      29.77      10.40
6:49pm             82          0          0         51       60.0      29.77      10.40
6:54pm             82          0          0         51       60.1      29.77      10.40
7:00pm             82          0          1         52       59.8      29.77      10.40
7:04pm             82          0          1         54       59.5      29.77      10.40
7:09pm             85          0          1         52       59.4      29.77      10.40
7:14pm             84          0          1         51       59.1      29.77      10.40
7:19pm             85          0          1         53       58.8      29.77      10.40
7:24pm             85          0          1         54       58.3      29.77      10.40
7:29pm             85          0          1         58       57.9      29.77      10.40
7:34pm             85          0          0         60       57.5      29.77      10.40
7:39pm             85          0          0         61       57.2      29.77      10.40
7:44pm             85          0          0         61       56.9      29.77      10.40
7:49pm             85          0          0         61       56.6      29.77      10.40
7:54pm             85          0          0         61       56.2      29.77      10.40
8:00pm             85          0          0         62       55.7      29.77      10.40
8:04pm             84          0          0         65       55.2      29.78      10.40
8:09pm             84          0          0         69       54.6      29.78      10.40
8:14pm             85          0          0         69       54.1      29.78      10.40
8:19pm             85          0          0         70       53.8      29.78      10.40
8:24pm             85          0          0         73       53.7      29.78      10.40
8:29pm             85          0          0         71       53.3      29.78      10.40
8:34pm             85          0          0         69       53.1      29.78      10.40
8:39pm             85          0          0         69       53.0      29.78      10.40
8:44pm             85          0          0         68       52.7      29.79      10.40
8:49pm             85          0          1         71       52.4      29.79      10.40
8:54pm             85          0          1         75       52.0      29.79      10.40
9:00pm             85          0          1         78       51.4      29.80      10.40
9:04pm             89          0          1         81       50.9      29.79      10.40
9:09pm             89          0          1         79       50.5      29.80      10.40
9:14pm             89          0          1         79       50.2      29.80      10.40
9:19pm            108          0          1         81       50.1      29.80      10.40
9:24pm             75          0          1         78       50.3      29.80      10.40
9:29pm             75          0          1         78       50.5      29.80      10.40
9:34pm             75          0          0         79       50.4      29.80      10.40
9:39pm             75          0          0         79       50.2      29.81      10.40
9:44pm             75          0          0         82       50.1      29.81      10.40
9:49pm            101          0          1         84       49.9      29.80      10.40
9:54pm            101          0          1         83       49.7      29.80      10.40
10:00pm           101          0          1         81       49.8      29.80      10.40
10:04pm           102          0          1         82       49.9      29.80      10.40
10:09pm            92          1          1         82       49.8      29.80      10.40
10:15pm            92          0          1         84       49.7      29.80      10.40
10:19pm            92          0          1         84       49.3      29.80      10.40
10:24pm            92          1          1         85       49.2      29.80      10.40
10:30pm            92          0          1         85       48.9      29.81      10.40
10:35pm           105          0          1         85       48.8      29.81      10.40
10:39pm            86          0          1         85       48.8      29.81      10.40
10:44pm            86          0          1         84       48.9      29.81      10.40
10:49pm            86          0          1         85       48.9      29.81      10.40
10:54pm            86          0          1         86       48.9      29.81      10.40
11:00pm            93          0          1         86       48.9      29.81      10.40
11:04pm           105          0          1         86       48.9      29.81      10.40
11:09pm           115          0          1         87       48.9      29.80      10.40
11:14pm           100          0          1         86       48.9      29.80      10.40
11:19pm           120          0          1         85       49.1      29.80      10.40
11:24pm            98          0          1         85       49.2      29.80      10.40
11:29pm            86          1          1         85       49.1      29.81      10.40
11:34pm            97          0          1         85       49.0      29.81      10.40
11:40pm            87          0          2         85       49.0      29.80      10.40
11:44pm           118          0          2         84       49.1      29.80      10.40
11:49pm           118          0          2         84       49.0      29.80      10.40
11:55pm            50          2          3         85       48.9      29.80      10.40
