5/5/19
Time         Wind Dir   Wind Spd  Wind Gust   Humidity       Temp  Raw Barom   Tot Rain
                    °        mph        mph          %         °F         in         in
12:00am            90          0          0         87       53.7      29.82       9.01
12:30am           135          0          1         90       52.6      29.82       9.03
1:00am            135          0          0         94       51.7      29.82       9.04
1:30am            135          0          0         95       51.3      29.82       9.05
2:00am            135          0          0         96       51.2      29.82       9.05
2:30am            135          0          0         96       51.0      29.81       9.05
3:00am            135          0          0         96       50.6      29.81       9.05
3:30am            135          0          0         97       50.6      29.81       9.05
4:00am            135          0          0         96       50.3      29.81       9.05
4:30am            135          0          0         96       49.7      29.81       9.05
5:00am            135          0          0         97       49.7      29.81       9.05
5:30am            135          0          0         97       49.7      29.82       9.05
6:00am            135          0          0         97       49.4      29.82       9.05
6:30am            135          0          0         97       49.5      29.83       9.05
7:00am            135          0          0         97       49.6      29.83       9.05
7:30am            135          0          0         96       50.2      29.84       9.05
8:00am             90          0          1         94       50.7      29.84       9.05
8:30am             90          0          3         93       51.6      29.84       9.05
9:00am             90          1          5         92       52.0      29.85       9.05
9:30am             90          3         10         92       52.0      29.85       9.05
10:00am            90          3          6         91       52.4      29.85       9.05
10:30am            90          4          9         90       52.3      29.84       9.05
11:00am            90          4         12         92       52.0      29.85       9.05
11:30am            90          3          8         93       51.5      29.85       9.05
12:00pm            90          1          7         94       52.0      29.85       9.05
12:30pm            90          1          7         93       52.2      29.86       9.05
1:00pm             68          1          8         91       52.6      29.86       9.05
1:30pm             90          1          6         90       52.6      29.85       9.05
2:00pm             90          1          5         88       53.3      29.85       9.05
2:30pm             90          1          7         88       53.7      29.85       9.05
3:00pm             90          1          5         88       53.8      29.84       9.05
3:30pm            180          0          3         88       54.0      29.83       9.05
4:00pm             45          0          6         86       54.1      29.83       9.05
4:30pm             90          1          8         86       53.8      29.83       9.05
5:00pm            225          1          5         88       53.3      29.82       9.05
5:30pm             90          1          5         88       53.1      29.83       9.05
6:00pm            112          1          4         88       53.0      29.83       9.05
6:30pm            225          0          5         88       52.7      29.83       9.05
7:00pm            225          0          3         88       52.7      29.84       9.05
7:30pm            112          0          4         88       52.2      29.84       9.05
8:00pm            112          0          0         91       51.4      29.84       9.05
8:30pm            112          0          1         90       51.3      29.84       9.05
9:00pm            112          0          1         93       50.4      29.85       9.05
9:30pm            135          0          1         93       50.1      29.86       9.05
10:00pm            68          0          4         92       50.6      29.85       9.05
10:30pm            90          0          3         92       50.5      29.86       9.05
11:00pm            90          0          1         93       50.1      29.86       9.05
11:30pm            90          0          3         93       50.0      29.85       9.05
