6/29/19
Time         Wind Dir   Wind Spd  Wind Gust   Humidity       Temp  Raw Barom   Tot Rain
                    °        mph        mph          %         °F         in         in
12:00am           270          0          1         84       67.2      29.99      18.22
12:05am           270          0          0         85       67.0      29.99      18.22
12:10am           270          0          0         84       66.9      29.99      18.22
12:15am           270          0          0         85       66.7      29.99      18.22
12:20am           270          0          0         85       66.5      29.99      18.22
12:25am           270          0          0         86       66.5      29.99      18.22
12:30am           270          0          0         86       66.4      29.99      18.22
12:35am           270          0          0         86       66.2      29.99      18.22
12:40am           270          0          0         86       66.2      29.99      18.22
12:45am           270          0          0         86       66.1      29.99      18.22
12:50am           280          1          3         86       66.1      29.99      18.22
12:54am           274          0          3         87       66.0      29.99      18.22
1:00am            269          0          3         86       66.2      29.99      18.22
1:05am            269          0          1         85       66.4      29.99      18.22
1:10am            269          0          1         86       66.4      29.99      18.22
1:15am            272          0          1         86       66.2      29.99      18.22
1:20am            209          0          1         88       66.1      29.98      18.22
1:25am            205          0          1         88       65.8      29.98      18.22
1:30am            205          0          1         89       65.7      29.97      18.22
1:34am            144          0          1         88       65.6      29.97      18.22
1:40am            144          0          1         87       65.8      29.97      18.22
1:45am            276          3          3         88       65.9      29.98      18.22
1:50am            281          0          4         90       65.4      29.99      18.23
1:55am            271          1          4         91       65.1      29.99      18.23
2:00am            238          0          4         91       64.9      29.98      18.24
2:05am            271          0          1         92       64.8      29.99      18.24
2:09am            271          0          3         93       64.7      30.00      18.24
2:15am            246          0          3         93       64.5      29.99      18.24
2:20am            214          0          3         93       64.5      29.99      18.25
2:25am            214          0          3         93       64.5      29.98      18.25
2:30am            214          0          3         94       64.5      29.98      18.25
2:35am            214          0          0         93       64.3      29.98      18.25
2:40am            214          0          0         94       64.3      29.98      18.25
2:45am            214          0          0         94       64.3      29.98      18.25
2:50am            214          0          0         94       64.3      29.97      18.25
2:55am            214          0          0         94       64.2      29.97      18.25
3:00am            214          0          0         94       64.1      29.96      18.25
3:05am            271          0          0         94       64.1      29.96      18.25
3:10am            274          0          0         94       64.1      29.96      18.25
3:15am            274          0          0         94       64.0      29.96      18.25
3:20am            274          0          0         95       63.9      29.97      18.25
3:25am            279          0          0         95       63.9      29.97      18.25
3:30am            279          0          0         95       63.9      29.97      18.25
3:35am            279          0          0         95       63.8      29.97      18.25
3:40am            279          0          0         95       63.7      29.97      18.25
3:45am            279          0          0         95       63.6      29.97      18.25
3:50am            279          0          0         95       63.6      29.97      18.25
3:55am            276          0          0         95       63.6      29.97      18.25
4:00am            276          0          0         95       63.5      29.97      18.25
4:05am            276          0          0         95       63.5      29.96      18.25
4:10am            276          0          0         95       63.5      29.96      18.25
4:15am            276          0          0         95       63.4      29.95      18.25
4:20am            276          0          0         95       63.3      29.96      18.25
4:25am            276          0          0         95       63.3      29.96      18.25
4:30am            284          0          0         95       63.3      29.95      18.25
4:35am            295          0          2         95       63.3      29.95      18.25
4:40am            282          0          2         95       63.3      29.95      18.25
4:45am            282          0          2         95       63.5      29.95      18.25
4:50am            269          0          2         95       63.3      29.95      18.25
4:55am            275          0          2         95       63.2      29.96      18.25
5:00am            273          0          2         95       63.2      29.96      18.25
5:05am            268          3          3         96       63.1      29.96      18.25
5:10am            250          1          3         96       63.2      29.96      18.25
5:15am            266          0          3         96       63.2      29.96      18.25
5:20am            267          0          3         96       63.1      29.95      18.25
5:25am            267          0          3         96       63.1      29.95      18.25
5:30am            266          0          3         96       63.1      29.95      18.25
5:35am            266          0          0         96       63.2      29.95      18.25
5:40am            267          0          0         96       63.2      29.95      18.25
5:45am            267          0          1         96       63.0      29.95      18.25
5:50am            266          0          1         96       63.0      29.95      18.25
5:55am            267          0          1         96       63.0      29.95      18.25
6:00am            267          0          1         96       62.9      29.95      18.25
6:05am            271          0          1         96       63.0      29.95      18.25
6:10am            271          0          1         96       63.3      29.95      18.25
6:15am            267          0          1         96       63.3      29.95      18.25
6:20am            267          0          1         96       63.2      29.95      18.25
6:25am            267          0          1         96       63.2      29.95      18.25
6:30am            267          0          1         96       63.2      29.95      18.25
6:35am            267          0          0         96       63.3      29.95      18.25
6:40am            267          0          0         96       63.3      29.95      18.25
6:45am            272          0          1         96       63.3      29.95      18.25
6:50am            272          0          1         96       63.4      29.95      18.25
6:55am            223          0          1         96       63.5      29.94      18.26
7:00am            281          0          1         96       63.5      29.94      18.27
7:05am            252          0          1         96       63.6      29.95      18.27
7:10am            252          0          1         96       63.6      29.94      18.27
7:15am            252          0          1         96       63.5      29.94      18.28
7:20am            257          0          1         96       63.5      29.94      18.28
7:25am            257          0          1         96       63.7      29.94      18.28
7:30am            257          0          1         96       63.4      29.94      18.28
7:35am            257          0          0         96       63.4      29.94      18.29
7:40am            257          0          0         96       63.5      29.94      18.29
7:45am            257          0          1         96       63.8      29.94      18.29
7:50am            257          0          1         96       64.0      29.94      18.29
7:55am            282          0          1         95       64.1      29.94      18.29
8:00am            281          0          1         95       64.2      29.94      18.29
8:05am            281          0          0         95       64.5      29.93      18.29
8:10am            282          0          0         95       64.7      29.93      18.29
8:15am            282          0          1         95       64.9      29.93      18.29
8:20am            282          0          1         94       65.1      29.93      18.29
8:25am            282          0          1         94       65.4      29.93      18.29
8:30am            282          0          1         94       65.6      29.93      18.29
8:35am            282          0          0         92       65.5      29.92      18.29
8:40am            282          0          0         93       65.9      29.92      18.29
8:45am            282          0          0         91       66.0      29.92      18.29
8:50am            282          0          0         90       66.7      29.92      18.29
8:55am            282          0          0         89       67.2      29.92      18.29
9:00am            282          0          0         90       67.7      29.92      18.29
9:05am            282          0          0         90       68.3      29.92      18.29
9:10am            282          0          0         87       68.5      29.92      18.29
9:15am            282          0          0         85       69.0      29.92      18.29
9:20am             89          0          2         84       68.8      29.92      18.29
9:25am             96          0          2         85       68.2      29.92      18.29
9:30am             96          0          2         86       68.4      29.92      18.29
9:35am             96          0          0         84       68.9      29.91      18.29
9:40am            278          0          0         84       68.8      29.91      18.29
9:45am            278          0          0         88       68.5      29.91      18.29
9:50am            265          0          0         87       68.0      29.91      18.29
9:55am            209          0          0         88       68.1      29.91      18.29
10:00am           275          0          0         88       68.0      29.91      18.29
10:05am           278          0          0         88       67.9      29.91      18.29
10:10am           289          0          0         89       68.0      29.91      18.29
10:15am           198          0          0         88       68.1      29.91      18.29
10:20am           199          0          0         87       68.3      29.91      18.29
10:25am           210          0          0         87       68.5      29.90      18.29
10:30am           210          0          0         88       68.6      29.90      18.29
10:35am           277          0          0         87       68.6      29.90      18.29
10:40am           277          0          0         88       68.5      29.90      18.29
10:45am           277          0          0         88       68.4      29.89      18.29
10:50am           267          0          0         87       68.3      29.89      18.29
10:55am           276          0          0         88       68.2      29.89      18.29
11:00am           267          0          0         90       68.1      29.89      18.29
11:05am           283          0          2         89       68.1      29.89      18.29
11:10am           282          0          2         90       68.2      29.89      18.29
11:15am           290          0          2         91       68.4      29.88      18.29
11:20am           265          0          2         91       68.4      29.89      18.29
11:25am           258          0          3         90       68.6      29.89      18.29
11:30am           264          0          3         90       68.8      29.89      18.29
11:35am           266          1          1         89       69.0      29.88      18.29
11:40am           281          1          2         88       69.5      29.88      18.29
11:45am           263          0          4         87       70.1      29.88      18.29
11:50am           249          0          4         84       70.9      29.88      18.29
11:55am           278          1          4         84       71.3      29.87      18.29
12:00pm            71          0          4         84       71.9      29.87      18.29
12:05pm           212          0          4         81       72.0      29.87      18.29
12:10pm           289          0          4         83       72.2      29.87      18.29
12:15pm           238          0          4         79       72.7      29.87      18.29
12:20pm           212          0          4         80       72.9      29.86      18.29
12:25pm           267          0          4         80       73.4      29.86      18.29
12:30pm           269          1          4         79       73.9      29.86      18.29
12:35pm           283          1          3         79       73.9      29.86      18.29
12:40pm           258          2          3         77       74.4      29.86      18.29
12:45pm           271          1          3         80       74.6      29.86      18.29
12:50pm           285          0          3         77       75.5      29.86      18.29
12:55pm           258          0          5         76       75.3      29.86      18.29
1:00pm            248          0          5         77       74.7      29.85      18.29
1:05pm            278          1          2         76       74.9      29.85      18.29
1:10pm            214          1          4         76       75.0      29.84      18.29
1:15pm            283          1          4         78       75.2      29.84      18.29
1:20pm             98          0          5         76       75.7      29.85      18.29
1:25pm            285          3          5         73       76.2      29.84      18.29
1:30pm            197          2          5         73       75.7      29.84      18.29
1:35pm            262          0          3         74       75.9      29.84      18.29
1:40pm            290          3          5         72       76.1      29.84      18.29
1:45pm            243          0          6         73       75.3      29.84      18.29
1:50pm            180          0          6         73       75.2      29.83      18.29
1:55pm            262          0          6         75       75.3      29.83      18.29
2:00pm            257          2          6         74       75.2      29.83      18.29
2:05pm            251          1          6         76       74.6      29.83      18.29
2:10pm            274          5          6         75       74.2      29.83      18.29
2:15pm            270          2          6         77       74.1      29.83      18.29
2:20pm            259          0          6         76       74.0      29.83      18.29
2:25pm            274          6          7         77       73.9      29.83      18.29
2:30pm            248          3          7         77       73.8      29.83      18.29
2:35pm            285          3          5         78       73.8      29.82      18.29
2:40pm            214          0          6         80       73.7      29.82      18.29
2:45pm            283          6          6         78       73.8      29.82      18.29
2:50pm            255          0          6         79       73.9      29.82      18.29
2:55pm            295          1          6         77       74.3      29.82      18.29
3:00pm            291          0          6         78       74.9      29.81      18.29
3:05pm            266          1          8         75       75.9      29.81      18.29
3:10pm            287          4          8         74       76.7      29.81      18.29
3:15pm            265          4         10         71       76.7      29.80      18.29
3:20pm            257          2         10         71       76.7      29.80      18.29
3:25pm            224          2         10         70       76.8      29.79      18.29
3:30pm            287          5         10         70       76.6      29.80      18.29
3:35pm            241          0          7         66       76.6      29.80      18.29
3:40pm            265          4          7         68       76.6      29.79      18.29
3:45pm            267          0          7         68       77.0      29.79      18.29
3:50pm            252          0          7         69       77.2      29.78      18.29
3:55pm            226          6          9         68       77.3      29.78      18.29
4:00pm            255          5         10         64       77.6      29.78      18.29
4:05pm            238          2          8         64       78.0      29.77      18.29
4:10pm            280          8          8         66       78.7      29.77      18.29
4:15pm            219          2          9         64       78.7      29.77      18.29
4:20pm            281          2         11         63       78.9      29.77      18.29
4:25pm            176          1         11         62       79.4      29.77      18.29
4:30pm            290          0         11         63       79.7      29.76      18.29
4:35pm            245          0          7         60       80.2      29.76      18.29
4:40pm            297          0          7         63       80.4      29.76      18.29
4:45pm            278          4         10         60       80.6      29.76      18.29
4:50pm            265          2         10         62       80.3      29.76      18.29
4:55pm            156          0         10         63       80.3      29.75      18.29
5:00pm            257          0         10         64       80.1      29.75      18.29
5:05pm            259          2          4         63       80.5      29.75      18.29
5:10pm            275          3          8         59       80.5      29.75      18.29
5:15pm            275          1          8         62       80.5      29.75      18.29
5:20pm            166          0          8         60       81.1      29.75      18.29
5:25pm            281          1          8         58       82.1      29.75      18.29
5:30pm            278          0          8         57       82.2      29.74      18.29
5:35pm            110          1          6         58       82.4      29.74      18.29
5:40pm            252          0          7         58       82.0      29.74      18.29
5:45pm            172          0          7         60       80.8      29.74      18.29
5:50pm            240          0          7         61       80.8      29.74      18.29
5:55pm            222          0          7         59       81.7      29.74      18.29
6:00pm            274          4          8         58       82.0      29.74      18.29
6:05pm            293          5          5         59       82.1      29.74      18.29
6:10pm            280          0          5         61       81.8      29.74      18.29
6:15pm            208          0          9         60       82.0      29.74      18.29
6:20pm            245          0          9         59       82.5      29.73      18.29
6:25pm            259          1          9         60       80.4      29.73      18.29
6:30pm            201          0          9         65       78.9      29.73      18.29
6:35pm            218          0          3         66       78.3      29.74      18.29
6:40pm            212          0          4         68       77.7      29.74      18.29
6:45pm            245          0          4         69       77.1      29.74      18.29
6:50pm            210          0          4         70       76.8      29.74      18.29
6:55pm            158          0          4         69       76.6      29.74      18.29
7:00pm            203          0          4         71       76.3      29.73      18.29
7:05pm            203          0          0         72       75.9      29.74      18.29
7:10pm            193          0          1         73       74.8      29.74      18.29
7:15pm            193          0          1         75       74.1      29.73      18.29
7:20pm            193          0          1         74       73.9      29.73      18.29
7:25pm            162          0          1         75       73.7      29.73      18.29
7:30pm            161          0          1         76       73.6      29.73      18.29
7:35pm            161          0          0         76       73.4      29.73      18.29
7:40pm            161          0          0         76       73.3      29.73      18.29
7:45pm            161          0          0         77       73.2      29.73      18.29
7:50pm            161          0          0         77       73.1      29.73      18.29
7:55pm            161          0          0         78       73.0      29.73      18.29
8:00pm            161          0          0         81       72.9      29.73      18.29
8:05pm            161          0          0         81       72.6      29.73      18.29
8:10pm            161          0          0         82       72.3      29.73      18.29
8:15pm            161          0          0         82       71.9      29.73      18.29
8:20pm            161          0          0         83       71.6      29.73      18.29
8:25pm            161          0          0         84       71.2      29.73      18.29
8:30pm            161          0          0         84       70.8      29.73      18.29
8:35pm            161          0          0         85       70.5      29.73      18.29
8:40pm            161          0          0         85       70.3      29.73      18.29
8:45pm            161          0          0         85       70.1      29.73      18.29
8:50pm            161          0          0         85       69.8      29.73      18.29
8:55pm            161          0          0         85       69.6      29.73      18.29
9:00pm            161          0          0         86       69.2      29.73      18.29
9:05pm            161          0          0         86       69.0      29.73      18.29
9:10pm            161          0          0         88       68.6      29.73      18.29
9:15pm            161          0          0         88       68.5      29.73      18.29
9:20pm            161          0          0         89       68.3      29.73      18.29
9:25pm            161          0          0         89       67.9      29.72      18.29
9:30pm            161          0          0         89       67.7      29.72      18.29
9:35pm            161          0          0         90       67.5      29.72      18.29
9:40pm            161          0          0         90       67.3      29.72      18.29
9:45pm            161          0          0         91       67.2      29.72      18.29
9:50pm            216          0          0         91       67.0      29.72      18.29
9:55pm            216          0          0         92       66.8      29.72      18.29
10:00pm           216          0          0         92       66.6      29.72      18.29
10:05pm           216          0          0         92       66.3      29.72      18.29
10:10pm           216          0          0         93       66.2      29.72      18.29
10:15pm           216          0          0         93       66.0      29.73      18.29
10:20pm           216          0          0         93       65.9      29.74      18.29
10:24pm           131          0         15         85       65.7      29.74      18.29
10:30pm           199          3         15         79       65.7      29.73      18.29
10:35pm           165          1          5         77       65.7      29.74      18.29
10:40pm           219          0          8         76       65.6      29.74      18.29
10:45pm           302          5          8         76       65.2      29.74      18.29
10:50pm            94          1          8         79       64.8      29.74      18.29
10:55pm           344          1          8         80       64.2      29.73      18.30
11:00pm           348          0          8         83       63.6      29.72      18.30
11:05pm           124          0          3         84       63.3      29.72      18.30
11:10pm           107          0          5         85       63.2      29.71      18.30
11:15pm           155          0          5         86       63.3      29.72      18.30
11:20pm           212          0          5         85       63.3      29.73      18.30
11:25pm           272          0          5         86       63.3      29.74      18.32
11:30pm           252          3          6         88       63.0      29.75      18.37
11:35pm            58          2          6         89       62.1      29.74      18.46
11:40pm           240          2          6         91       61.5      29.75      18.50
11:45pm           226          0          6         92       61.3      29.75      18.52
11:50pm           257          0          6         93       61.3      29.76      18.56
11:55pm           212          0          6         93       61.2      29.75      18.66
