7/17/19
Time         Wind Dir   Wind Spd  Wind Gust   Humidity       Temp  Raw Barom   Tot Rain
                    °        mph        mph          %         °F         in         in
12:00am           280          0          0         93       68.1      29.87      20.04
12:05am           280          0          0         93       68.3      29.86      20.04
12:10am           280          0          0         93       68.3      29.86      20.04
12:15am           280          0          0         93       68.2      29.86      20.04
12:20am           280          0          0         93       68.1      29.86      20.04
12:25am           280          0          0         94       68.1      29.87      20.04
12:30am           280          0          0         93       68.1      29.86      20.04
12:35am           282          0          0         93       67.9      29.87      20.04
12:40am           282          0          0         93       67.6      29.86      20.04
12:45am           281          0          0         94       67.4      29.87      20.04
12:50am           281          0          0         94       67.2      29.87      20.04
12:55am           281          0          0         94       67.1      29.87      20.04
1:00am            281          0          0         94       67.0      29.87      20.04
1:05am            275          0          0         95       67.0      29.87      20.04
1:10am            271          0          0         95       67.3      29.87      20.04
1:15am            271          0          0         95       67.7      29.87      20.04
1:20am            321          0          0         94       67.8      29.86      20.04
1:25am            290          0          0         93       67.5      29.86      20.04
1:30am            296          0          0         94       67.1      29.86      20.04
1:35am            330          0          0         95       67.2      29.86      20.04
1:40am            296          0          0         94       68.1      29.86      20.04
1:45am            288          0          0         92       68.3      29.86      20.04
1:50am            282          0          0         92       67.6      29.86      20.04
1:55am            278          0          0         93       67.2      29.86      20.04
2:00am            274          0          0         94       67.2      29.86      20.04
2:05am            286          0          0         93       67.6      29.85      20.04
2:10am            284          3          3         93       66.9      29.86      20.04
2:15am            270          0          3         94       66.4      29.86      20.04
2:20am            274          0          3         94       66.2      29.86      20.04
2:25am            275          0          3         95       66.1      29.85      20.04
2:30am            285          2          3         95       66.1      29.86      20.04
2:35am            266          0          2         96       66.4      29.85      20.04
2:40am            266          0          2         95       66.8      29.85      20.04
2:45am            274          0          2         94       66.6      29.85      20.04
2:50am            280          2          3         95       66.2      29.85      20.04
2:55am            284          2          3         95       66.1      29.84      20.04
3:00am            276          0          4         95       66.4      29.84      20.04
3:05am            265          0          4         96       67.4      29.84      20.04
3:10am            266          0          4         94       68.9      29.84      20.04
3:15am            285          0          4         91       69.6      29.84      20.04
3:20am            307          1          4         91       69.9      29.84      20.04
3:25am            312          0          4         89       70.6      29.84      20.04
3:30am            278          0          4         88       69.9      29.84      20.04
3:35am            278          0          1         90       68.6      29.83      20.04
3:40am            288          0          2         92       68.3      29.83      20.04
3:45am            328          1          2         93       69.1      29.83      20.04
3:50am            290          0          3         90       70.1      29.83      20.04
3:55am            290          0          3         89       70.3      29.83      20.04
4:00am            290          0          3         89       70.2      29.83      20.04
4:05am            290          0          1         89       69.5      29.84      20.04
4:10am            290          0          1         90       68.9      29.84      20.04
4:15am            290          0          1         91       68.5      29.84      20.04
4:20am            290          0          1         92       68.4      29.84      20.04
4:25am            290          0          1         92       68.2      29.84      20.04
4:30am            290          0          1         93       68.0      29.84      20.04
4:35am            290          0          0         93       67.9      29.83      20.04
4:40am            290          0          0         94       68.2      29.84      20.04
4:45am            290          0          0         93       68.6      29.84      20.04
4:50am            281          0          2         93       69.2      29.83      20.04
4:55am            283          0          2         92       69.6      29.83      20.04
5:00am            269          0          2         91       69.5      29.83      20.04
5:05am            269          0          1         91       68.9      29.84      20.04
5:10am            269          0          1         92       68.4      29.84      20.04
5:15am            269          0          1         93       68.1      29.84      20.04
5:20am            268          0          1         93       67.9      29.84      20.04
5:25am            257          0          2         94       68.0      29.84      20.04
5:30am            301          1          2         94       68.1      29.83      20.04
5:35am            247          0          1         94       68.3      29.83      20.04
5:40am            267          0          2         94       68.4      29.83      20.04
5:45am            261          2          3         94       68.4      29.83      20.04
5:50am            299          2          4         94       68.9      29.84      20.04
5:55am            267          1          6         92       69.9      29.84      20.04
6:00am            269          2          6         90       70.7      29.84      20.04
6:05am            266          2          4         89       71.0      29.84      20.04
6:10am            264          0          5         89       71.0      29.84      20.04
6:15am            281          2          6         89       71.0      29.84      20.04
6:20am            268          2          6         90       71.0      29.84      20.04
6:25am            268          0          6         89       70.9      29.84      20.04
6:30am            293          2          6         90       70.9      29.84      20.04
6:35am            271          0          3         89       71.0      29.84      20.04
6:40am            240          0          3         89       71.1      29.84      20.04
6:45am            264          0          3         89       71.0      29.84      20.04
6:50am            264          0          3         90       71.0      29.84      20.05
6:55am            264          0          3         91       70.7      29.84      20.05
7:00am            264          0          3         92       70.5      29.84      20.05
7:05am            268          0          1         92       70.3      29.84      20.05
7:10am            265          0          1         93       70.1      29.84      20.05
7:15am            273          0          1         93       70.0      29.84      20.05
7:20am            286          0          3         94       69.9      29.84      20.05
7:25am            268          0          3         94       70.1      29.84      20.06
7:30am            259          0          3         94       70.1      29.84      20.06
7:35am            266          0          1         94       70.2      29.84      20.07
7:40am            257          0          3         94       70.1      29.84      20.07
7:45am            271          0          3         95       70.3      29.84      20.07
7:50am            207          0          3         95       70.5      29.84      20.07
7:55am            214          0          3         95       70.6      29.84      20.08
8:00am            236          0          3         95       70.6      29.84      20.08
8:05am            247          4          5         94       70.6      29.84      20.09
8:10am            262          0          6         94       70.6      29.84      20.09
8:15am            250          0          6         95       70.6      29.84      20.09
8:20am            274          0          6         95       70.7      29.84      20.09
8:25am            276          3          6         95       71.0      29.84      20.09
8:30am            258          0          6         95       71.1      29.84      20.09
8:35am            269          0          3         95       71.2      29.84      20.09
8:40am            259          0          4         94       71.2      29.85      20.09
8:45am            226          0          4         94       71.3      29.84      20.09
8:50am            294          0          4         94       71.6      29.84      20.09
8:55am            283          1          6         94       71.6      29.84      20.10
9:00am            224          0          6         94       71.6      29.84      20.10
9:05am            278          0          5         93       71.6      29.84      20.10
9:10am            283          0          5         93       71.6      29.84      20.10
9:15am            282          0          5         93       71.8      29.84      20.10
9:20am            266          0          5         93       72.0      29.84      20.10
9:25am            264          0          5         93       72.2      29.84      20.10
9:30am            281          0          5         93       72.6      29.84      20.10
9:35am            249          1          3         93       72.9      29.84      20.10
9:40am            290          4          5         92       73.3      29.84      20.10
9:45am            271          0          5         91       73.5      29.84      20.10
9:50am            193          0          5         92       73.7      29.84      20.10
9:55am            288          0          5         90       73.8      29.84      20.10
10:00am           281          0          5         91       73.9      29.84      20.10
10:05am           271          0          4         90       74.1      29.84      20.10
10:10am           278          0          4         90       74.3      29.84      20.10
10:15am           251          0          4         89       74.4      29.84      20.10
10:20am           246          0          4         90       74.6      29.84      20.10
10:25am           236          0          4         89       74.7      29.84      20.10
10:30am           268          0          4         87       74.7      29.84      20.10
10:35am           229          0          4         88       74.8      29.84      20.10
10:40am           250          3          6         88       74.8      29.84      20.10
10:45am           274          0          6         88       74.8      29.83      20.10
10:50am           257          2          6         88       74.8      29.83      20.10
10:55am           274          0          7         87       74.5      29.84      20.10
11:00am           210          1          7         88       74.2      29.84      20.10
11:05am           257          0          6         88       74.0      29.83      20.10
11:10am           276          1          6         89       73.9      29.83      20.10
11:15am           259          5          6         89       73.8      29.83      20.10
11:20am           288          1          7         88       73.7      29.83      20.10
11:25am           278          0          8         89       73.6      29.83      20.10
11:30am           259          1          8         89       73.5      29.83      20.10
11:35am           274          2          5         90       73.4      29.83      20.10
11:40am           257          0          5         90       73.5      29.82      20.10
11:45am           264          2          5         90       73.7      29.82      20.10
11:50am           281          4          6         89       73.9      29.82      20.10
11:55am           292          0          6         88       74.5      29.82      20.10
12:00pm           288          2          8         88       75.0      29.82      20.10
12:05pm           347          0          7         85       75.4      29.82      20.10
12:10pm           299          3          7         86       76.0      29.81      20.10
12:15pm           297          3          9         84       76.1      29.81      20.10
12:20pm           277          3          9         84       76.2      29.81      20.10
12:25pm           266          2          9         82       76.4      29.81      20.10
12:30pm           273          4         11         82       76.7      29.81      20.10
12:35pm           258          0          7         83       77.0      29.81      20.10
12:40pm           257          0          7         82       77.3      29.81      20.10
12:45pm           255          0          7         82       77.6      29.81      20.10
12:50pm           285          3          7         82       78.2      29.81      20.10
12:55pm           265          3          7         81       78.8      29.81      20.10
1:00pm            235          4          7         79       79.6      29.81      20.10
1:05pm            276          3          8         77       79.5      29.81      20.10
1:10pm            255          2          8         79       79.8      29.81      20.10
1:15pm            293          5          8         75       80.5      29.81      20.10
1:20pm            318          0          8         75       80.7      29.81      20.10
1:25pm            247          3          8         73       80.9      29.81      20.10
1:30pm            266          2          8         74       80.9      29.81      20.10
1:35pm            274          2          8         73       81.0      29.81      20.10
1:40pm            172          0          8         75       81.4      29.82      20.10
1:45pm            214          0          8         72       82.3      29.82      20.10
1:50pm            165          1          8         72       81.8      29.82      20.10
1:55pm            289          0          8         71       81.4      29.82      20.10
2:00pm            286          3          8         72       80.9      29.82      20.10
2:05pm            292          3          5         74       80.4      29.81      20.10
2:10pm            269          1          6         75       80.0      29.82      20.10
2:15pm            274          3          9         75       79.6      29.82      20.10
2:20pm            275          0          9         76       79.2      29.82      20.10
2:25pm            273          1          9         76       78.9      29.82      20.10
2:30pm            263          0          9         77       78.5      29.82      20.10
2:35pm            267          0          6         78       78.2      29.82      20.10
2:40pm            274          3          6         80       78.0      29.81      20.10
2:45pm            246          1          7         81       77.8      29.82      20.10
2:50pm            287          1          7         82       77.6      29.81      20.10
2:55pm            291          1          7         82       77.5      29.81      20.10
3:00pm            293          0          7         83       77.4      29.81      20.10
3:05pm            290          2          3         83       77.3      29.80      20.10
3:10pm            258          1          3         86       77.0      29.81      20.10
3:15pm            281          2          5         85       76.5      29.81      20.10
3:20pm            268          0          5         86       76.2      29.81      20.10
3:25pm            256          2          5         86       76.0      29.80      20.10
3:30pm            266          2          6         87       76.0      29.80      20.10
3:35pm            262          0          4         87       76.0      29.80      20.10
3:40pm            271          0          4         88       76.0      29.79      20.10
3:45pm            219          0          4         88       75.8      29.79      20.10
3:50pm            263          0          5         87       75.7      29.79      20.10
3:55pm            271          0          5         88       75.5      29.78      20.10
4:00pm            198          0          5         87       75.2      29.78      20.10
4:05pm            300          2          4         87       75.1      29.78      20.10
4:10pm            283          3          7         87       75.0      29.78      20.10
4:15pm            296          2          7         89       74.9      29.78      20.10
4:20pm            278          1          7         87       74.9      29.77      20.10
4:25pm            199          0          7         88       74.8      29.77      20.11
4:30pm            293          1          7         89       74.8      29.77      20.11
4:35pm            228          0          2         89       74.8      29.77      20.11
4:40pm            283          0          5         89       74.7      29.77      20.11
4:45pm            338          2          5         90       74.8      29.77      20.11
4:50pm            265          0          6         89       74.8      29.78      20.11
4:55pm            271          1          6         89       74.8      29.78      20.11
5:00pm            262          1          6         90       74.8      29.78      20.11
5:05pm            274          2          4         89       74.7      29.78      20.11
5:10pm            278          1          4         90       74.9      29.78      20.11
5:15pm            273          0          5         88       74.9      29.79      20.11
5:20pm            261          0          5         89       75.0      29.79      20.11
5:25pm            277          0          5         89       75.2      29.79      20.11
5:30pm            269          0          5         88       75.4      29.79      20.11
5:35pm            281          0          3         88       75.5      29.79      20.11
5:40pm            300          0          3         87       75.5      29.79      20.11
5:45pm            269          0          3         86       75.2      29.79      20.11
5:50pm            259          0          3         86       75.1      29.79      20.11
5:55pm            282          0          3         87       75.3      29.79      20.11
6:00pm            198          0          3         87       75.6      29.79      20.11
6:05pm            236          0          1         86       75.8      29.79      20.11
6:10pm            283          0          3         86       75.9      29.79      20.11
6:15pm            266          0          3         86       76.2      29.78      20.11
6:20pm            234          0          3         84       76.4      29.78      20.11
6:25pm            278          0          3         84       76.3      29.78      20.11
6:30pm            242          0          3         84       76.2      29.79      20.11
6:35pm            253          0          1         84       76.3      29.79      20.11
6:40pm            283          0          2         84       76.1      29.80      20.11
6:45pm            259          0          3         86       75.8      29.80      20.11
6:50pm            290          0          3         85       75.7      29.80      20.11
6:55pm            282          0          5         85       75.4      29.80      20.11
7:00pm            283          0          5         86       75.3      29.81      20.11
7:05pm            279          0          1         86       75.3      29.81      20.11
7:10pm            288          0          1         86       75.2      29.81      20.11
7:15pm            273          0          1         87       74.9      29.81      20.11
7:20pm            275          0          1         87       74.6      29.81      20.11
7:25pm            269          0          1         88       74.3      29.81      20.11
7:30pm            285          2          2         88       74.1      29.81      20.11
7:35pm            283          1          2         88       73.9      29.81      20.11
7:40pm            284          0          2         89       73.7      29.81      20.11
7:45pm            281          0          2         89       73.7      29.81      20.11
7:50pm            281          0          2         89       73.5      29.81      20.11
7:55pm            281          0          2         89       73.4      29.81      20.11
8:00pm            281          0          2         90       73.2      29.80      20.11
8:05pm            285          0          1         90       73.0      29.81      20.11
8:10pm            283          0          1         90       72.9      29.81      20.11
8:15pm            201          0          1         91       72.8      29.80      20.11
8:20pm            262          0          1         91       72.7      29.80      20.11
8:25pm            262          0          1         92       72.4      29.80      20.11
8:30pm            262          0          1         92       72.2      29.80      20.11
8:35pm            262          0          0         92       72.1      29.80      20.11
8:40pm            262          0          0         92       72.0      29.81      20.11
8:45pm            262          0          0         92       71.9      29.81      20.11
8:50pm            283          0          0         93       71.8      29.81      20.11
8:55pm            293          0          0         93       71.5      29.82      20.11
9:00pm            270          0          0         93       71.3      29.82      20.11
9:05pm            270          0          0         94       71.0      29.82      20.11
9:10pm            270          0          0         94       70.8      29.82      20.11
9:15pm            270          0          0         94       70.6      29.83      20.11
9:20pm            270          0          0         94       70.4      29.83      20.11
9:25pm            270          0          0         95       70.1      29.83      20.11
9:30pm            270          0          0         95       70.0      29.83      20.11
9:35pm            270          0          0         95       69.8      29.83      20.11
9:40pm            270          0          0         95       69.8      29.84      20.11
9:45pm            270          0          0         95       69.7      29.84      20.11
9:50pm            271          0          0         96       69.8      29.84      20.11
9:55pm            271          0          0         95       69.8      29.83      20.11
10:00pm           271          0          0         95       69.7      29.83      20.11
10:05pm           271          0          0         96       69.6      29.83      20.11
10:10pm           271          0          0         96       69.7      29.83      20.11
10:15pm           271          0          0         96       69.9      29.83      20.11
10:20pm           271          0          0         96       69.7      29.83      20.11
10:25pm           272          0          0         95       69.4      29.84      20.11
10:30pm           271          0          0         95       69.1      29.84      20.11
10:35pm           276          0          0         96       68.9      29.84      20.11
10:40pm           215          0          0         96       68.7      29.84      20.11
10:45pm           215          0          0         96       68.7      29.85      20.11
10:50pm           215          0          0         96       68.6      29.85      20.11
10:55pm           285          0          0         96       68.7      29.85      20.11
11:00pm           284          0          0         97       68.8      29.86      20.11
11:05pm           284          0          0         96       68.8      29.86      20.11
11:10pm           284          0          0         96       68.7      29.86      20.11
11:15pm           284          0          0         96       68.6      29.86      20.11
11:20pm           284          0          0         97       68.6      29.85      20.11
11:25pm           284          0          0         96       68.4      29.85      20.11
11:30pm           285          0          0         97       68.3      29.85      20.11
11:35pm           284          0          0         97       68.3      29.84      20.11
11:40pm           284          0          0         97       68.0      29.84      20.11
11:45pm           284          0          0         97       67.9      29.85      20.11
11:50pm           284          0          0         97       67.8      29.85      20.11
11:55pm           269          0          0         97       67.8      29.84      20.11
