7/15/19
Time         Wind Dir   Wind Spd  Wind Gust   Humidity       Temp  Raw Barom   Tot Rain
                    °        mph        mph          %         °F         in         in
12:00am            24          0          1         77       64.3      29.91      19.98
12:05am            24          0          0         77       63.9      29.91      19.98
12:10am            24          0          0         79       63.7      29.91      19.98
12:15am           195          0          1         81       63.2      29.91      19.98
12:20am           195          0          1         81       62.6      29.92      19.98
12:25am           194          0          1         82       62.4      29.92      19.98
12:30am           194          0          1         84       62.1      29.92      19.98
12:35am           194          0          0         85       61.9      29.92      19.98
12:40am           194          0          0         85       61.5      29.92      19.98
12:45am           194          0          0         86       61.2      29.92      19.98
12:50am           194          0          0         86       61.1      29.92      19.98
12:55am           194          0          0         87       60.8      29.92      19.98
1:00am            194          0          0         88       60.6      29.92      19.98
1:05am            194          0          0         88       60.3      29.92      19.98
1:10am            194          0          0         89       60.0      29.92      19.98
1:15am            194          0          0         89       59.8      29.92      19.98
1:20am            194          0          0         89       59.5      29.92      19.98
1:25am            197          0          0         90       59.4      29.92      19.98
1:30am            266          0          1         90       59.5      29.92      19.98
1:35am            284          0          1         90       59.3      29.92      19.98
1:40am            221          0          1         91       59.2      29.92      19.98
1:45am            221          0          1         91       59.0      29.92      19.98
1:50am            221          0          1         91       59.0      29.92      19.98
1:55am            221          0          1         91       58.8      29.92      19.98
2:00am            221          0          1         91       58.6      29.92      19.98
2:05am            221          0          0         92       58.4      29.92      19.98
2:10am            221          0          0         92       58.4      29.92      19.98
2:15am            207          0          0         92       58.3      29.93      19.98
2:20am            261          0          1         93       58.3      29.93      19.98
2:25am            191          0          1         93       58.1      29.92      19.98
2:30am            214          0          1         93       58.0      29.93      19.98
2:35am            214          0          0         93       57.7      29.93      19.98
2:40am            262          0          0         93       57.6      29.93      19.98
2:45am            262          0          0         93       57.6      29.93      19.98
2:50am            203          0          0         93       57.5      29.93      19.98
2:55am            203          0          0         93       57.5      29.93      19.98
2:59am            203          0          0         94       57.5      29.93      19.98
3:05am             15          0          1         94       57.9      29.93      19.98
3:10am            333          0          1         92       58.6      29.93      19.98
3:15am            203          0          2         91       59.0      29.93      19.98
3:20am            203          0          2         90       58.9      29.93      19.98
3:25am            203          0          2         90       58.7      29.92      19.98
3:30am            203          0          2         90       58.6      29.92      19.98
3:35am            203          0          0         91       58.5      29.92      19.98
3:40am            168          0          0         90       58.8      29.92      19.98
3:45am            248          0          0         89       59.0      29.92      19.98
3:50am            271          0          1         89       59.1      29.93      19.98
3:55am            271          0          1         88       59.1      29.93      19.98
4:00am            271          0          1         88       59.1      29.93      19.98
4:05am            271          0          0         89       58.9      29.93      19.98
4:10am            271          0          0         89       58.7      29.93      19.98
4:15am            319          0          0         89       58.6      29.93      19.98
4:20am            207          0          1         88       58.9      29.93      19.98
4:25am            176          0          4         88       59.2      29.93      19.98
4:30am            162          0          4         86       59.5      29.93      19.98
4:35am            245          0          2         84       60.0      29.93      19.98
4:40am            284          0          3         84       60.1      29.93      19.98
4:45am            277          0          6         82       60.5      29.93      19.98
4:50am            219          0          6         82       60.5      29.93      19.98
4:55am            271          0          6         82       60.6      29.93      19.98
5:00am            287          0          6         81       60.7      29.93      19.98
5:05am            113          0          2         81       60.8      29.93      19.98
5:10am            297          1          2         80       60.8      29.93      19.98
5:15am            173          0          2         81       60.8      29.93      19.98
5:20am            243          0          2         81       60.8      29.93      19.98
5:25am            322          0          2         80       60.8      29.93      19.98
5:30am            210          0          2         80       60.7      29.93      19.98
5:35am             79          0          3         80       60.7      29.93      19.98
5:40am            328          0          6         80       60.7      29.93      19.98
5:45am            128          0          6         81       61.0      29.93      19.98
5:50am            252          0          6         80       61.0      29.93      19.98
5:55am            252          0          6         80       60.8      29.93      19.98
6:00am            217          0          6         81       60.7      29.94      19.98
6:05am            112          0          2         81       60.7      29.94      19.98
6:10am            112          0          2         81       60.7      29.94      19.98
6:15am            112          0          2         82       60.5      29.94      19.98
6:20am            150          0          2         82       60.4      29.94      19.98
6:25am            270          0          2         82       60.4      29.94      19.98
6:30am             57          0          3         82       60.6      29.94      19.98
6:35am            292          0          0         82       60.7      29.94      19.98
6:40am             20          0          2         81       60.8      29.94      19.98
6:45am             52          0          2         81       60.8      29.94      19.98
6:50am            109          0          2         81       60.7      29.94      19.98
6:55am            153          0          2         81       60.7      29.94      19.98
7:00am            292          0          2         81       60.8      29.94      19.98
7:05am            309          2          2         80       60.9      29.94      19.98
7:10am            259          0          7         80       61.2      29.94      19.98
7:15am            239          0          7         79       62.2      29.94      19.98
7:20am            253          0          7         77       63.4      29.95      19.98
7:25am            282          1          7         74       63.9      29.94      19.98
7:30am             78          0          7         75       64.1      29.94      19.98
7:35am            252          4          4         73       64.6      29.94      19.98
7:40am            257          0          4         74       65.1      29.95      19.98
7:45am            284          1          4         73       66.3      29.95      19.98
7:50am            330          4          6         70       66.7      29.95      19.98
7:55am            280          0          6         70       66.4      29.95      19.98
8:00am             78          0          6         70       66.5      29.95      19.98
8:05am            221          0          8         69       66.8      29.95      19.98
8:10am             51          1          8         69       67.4      29.95      19.98
8:15am            261          0          8         68       67.1      29.95      19.98
8:20am            139          0          8         69       66.8      29.95      19.98
8:25am            311          0          8         69       66.8      29.95      19.98
8:30am            287          1          8         69       67.3      29.95      19.98
8:35am            218          1          3         67       67.7      29.95      19.98
8:40am            293          0          9         65       68.3      29.95      19.98
8:45am            270          5          9         66       68.2      29.95      19.98
8:50am            300          0          9         66       68.4      29.95      19.98
8:55am            102          0          9         65       68.3      29.95      19.98
9:00am            282          5          9         66       68.3      29.94      19.98
9:05am            283          0          7         67       67.9      29.95      19.98
9:10am             37          0          7         66       68.2      29.95      19.98
9:15am            121          2          7         64       68.6      29.95      19.98
9:20am            288          1          7         67       68.8      29.95      19.98
9:25am            300          2          9         64       69.2      29.95      19.98
9:30am            293          2          9         65       68.8      29.95      19.98
9:35am            232          0          6         66       68.4      29.96      19.98
9:40am              7          0          6         65       68.3      29.96      19.98
9:45am            225          0          6         68       68.6      29.96      19.98
9:50am            146          0          7         68       68.8      29.96      19.98
9:55am            286          0          7         64       69.6      29.96      19.98
10:00am           248          0          7         62       69.9      29.96      19.98
10:05am           256          1          8         62       70.3      29.95      19.98
10:10am           193          0          8         62       70.7      29.95      19.98
10:15am           301          4          8         61       71.1      29.96      19.98
10:20am           260          0          8         61       71.3      29.96      19.98
10:25am           264          4          9         58       71.9      29.96      19.98
10:30am           337          1          9         62       72.0      29.96      19.98
10:35am           266          0          4         60       72.7      29.96      19.98
10:40am           287          2          5         56       72.9      29.96      19.98
10:45am            15          3          9         59       73.2      29.95      19.98
10:50am           243          3          9         56       73.2      29.95      19.98
10:55am            50          2          9         57       73.4      29.96      19.98
11:00am           221          3          9         56       74.0      29.96      19.98
11:05am           285          7          9         56       74.4      29.95      19.98
11:10am           199          2          9         55       74.1      29.96      19.98
11:15am           149          0          9         54       74.5      29.96      19.98
11:20am           277          1          9         54       74.4      29.96      19.98
11:25am           137          0         12         55       74.7      29.96      19.98
11:30am           158          0         12         56       74.7      29.96      19.98
11:35am           257          3          8         52       74.8      29.96      19.98
11:40am           244          2         10         56       74.6      29.96      19.98
11:45am           284          2         10         53       74.8      29.96      19.98
11:50am           210          0         10         53       74.7      29.96      19.98
11:55am           264          1         10         52       75.0      29.96      19.98
12:00pm            88          1         10         55       75.0      29.96      19.98
12:05pm           229          2          7         53       75.1      29.97      19.98
12:10pm           264          1          8         54       74.6      29.96      19.98
12:15pm           157          3         12         54       74.6      29.96      19.98
12:20pm           152          1         13         53       74.7      29.96      19.98
12:25pm           129          1         13         53       75.0      29.97      19.98
12:30pm           211          2         13         53       75.2      29.96      19.98
12:35pm           327          2         10         53       75.0      29.95      19.98
12:40pm           272          2         10         52       75.1      29.96      19.98
12:45pm           212          0         10         56       76.1      29.95      19.98
12:50pm           315          4         10         50       76.3      29.95      19.98
12:55pm           303          4         10         54       76.2      29.95      19.98
1:00pm            207          3         10         53       76.4      29.95      19.98
1:05pm            149          0          4         51       77.0      29.94      19.98
1:10pm            253          0         10         52       77.2      29.95      19.98
1:15pm            116          2         10         51       77.9      29.95      19.98
1:20pm            253          3         10         49       77.0      29.94      19.98
1:25pm             49          1         10         50       76.2      29.95      19.98
1:30pm            257          2         10         51       76.8      29.95      19.98
1:35pm             54          0          4         55       77.3      29.94      19.98
1:40pm            283          0          5         54       77.2      29.94      19.98
1:45pm            287          6          6         51       77.2      29.94      19.98
1:50pm            296          2          7         51       76.4      29.94      19.98
1:55pm            226          0          7         52       76.5      29.94      19.98
2:00pm            264          2          7         49       76.8      29.94      19.98
2:05pm            272          1          7         53       77.0      29.94      19.98
2:10pm             22          0          8         50       77.0      29.94      19.98
2:15pm            263          4          8         49       77.2      29.93      19.98
2:20pm             77          6          8         49       77.4      29.94      19.98
2:25pm             71          1          8         49       77.3      29.94      19.98
2:30pm             64          1          8         51       77.7      29.93      19.98
2:35pm            280          0          7         50       77.4      29.93      19.98
2:40pm            233          2          7         51       78.3      29.93      19.98
2:45pm            285          2          7         49       78.9      29.93      19.98
2:50pm            307          1          7         48       78.5      29.93      19.98
2:55pm            277          0          7         49       78.2      29.93      19.98
3:00pm            276          0          7         51       77.6      29.93      19.98
3:05pm            349          0          6         49       78.3      29.93      19.98
3:10pm            259          0          7         50       78.4      29.93      19.98
3:15pm            292          1          7         48       79.4      29.93      19.98
3:20pm            250          0          7         47       79.1      29.93      19.98
3:25pm            292          1          7         47       78.8      29.93      19.98
3:30pm            142          0          7         51       79.5      29.93      19.98
3:35pm            320          1          6         46       80.2      29.93      19.98
3:40pm             99          2          6         46       80.3      29.93      19.98
3:45pm            220          0          6         46       79.6      29.93      19.98
3:50pm             86          1          6         48       78.7      29.93      19.98
3:55pm            230          0         11         47       78.6      29.93      19.98
4:00pm            258          3         11         48       79.1      29.93      19.98
4:05pm             90          0          5         49       78.5      29.93      19.98
4:10pm             58          0          5         49       78.1      29.93      19.98
4:15pm            243          0          7         48       79.5      29.93      19.98
4:20pm            238          1          7         48       79.7      29.93      19.98
4:25pm            246          0          7         50       78.3      29.93      19.98
4:30pm            155          0          7         51       77.4      29.93      19.98
4:35pm            272          1          2         49       78.5      29.93      19.98
4:40pm            216          0          7         49       79.2      29.93      19.98
4:45pm             15          0          7         47       78.9      29.93      19.98
4:50pm            265          1          7         48       79.1      29.93      19.98
4:55pm            270          0          7         47       79.6      29.93      19.98
5:00pm            360          1          7         46       80.0      29.93      19.98
5:05pm            262          0          2         48       79.1      29.93      19.98
5:10pm            229          0          2         49       80.2      29.93      19.98
5:15pm            264          0          6         48       80.5      29.93      19.98
5:20pm            300          3          9         48       79.6      29.92      19.98
5:25pm            281          0          9         49       79.2      29.93      19.98
5:30pm            170          0          9         47       80.1      29.93      19.98
5:35pm            244          2          5         47       80.4      29.93      19.98
5:40pm            156          0          5         47       81.1      29.93      19.98
5:45pm            105          0          7         47       80.8      29.93      19.98
5:50pm            273          0          7         48       81.2      29.93      19.98
5:55pm            105          2          7         46       80.9      29.93      19.98
6:00pm            127          2          7         47       80.4      29.93      19.98
6:05pm            127          0          4         49       80.4      29.93      19.98
6:10pm            263          1          8         50       79.7      29.93      19.98
6:15pm            293          1          8         48       79.5      29.93      19.98
6:20pm            260          3          8         48       79.6      29.93      19.98
6:25pm            276          6          8         48       77.8      29.93      19.98
6:30pm            285          1          8         52       76.6      29.93      19.98
6:35pm            277          0          4         52       76.0      29.93      19.98
6:40pm            277          3          5         52       75.6      29.93      19.98
6:45pm            288          3          5         53       75.4      29.94      19.98
6:50pm            262          1          5         53       75.1      29.94      19.98
6:55pm            281          0          5         54       74.9      29.94      19.98
7:00pm             80          0          5         55       74.7      29.94      19.98
7:05pm             60          0          2         55       74.3      29.94      19.98
7:10pm             62          0          2         56       74.0      29.94      19.98
7:15pm             48          0          2         56       73.6      29.94      19.98
7:20pm              9          0          2         58       73.1      29.94      19.98
7:25pm            282          1          2         58       72.9      29.94      19.98
7:30pm             99          0          2         59       72.6      29.94      19.98
7:35pm            101          0          0         59       72.2      29.94      19.98
7:40pm            100          0          0         60       71.8      29.94      19.98
7:45pm            100          0          0         60       71.4      29.94      19.98
7:50pm            100          0          0         62       71.1      29.94      19.98
7:55pm            100          0          0         63       70.6      29.94      19.98
8:00pm            100          0          0         64       70.2      29.94      19.98
8:05pm            100          0          0         65       69.8      29.94      19.98
8:10pm            100          0          0         66       69.4      29.94      19.98
8:15pm            100          0          0         69       69.0      29.94      19.98
8:20pm            100          0          0         70       68.5      29.95      19.98
8:25pm            115          0          0         72       67.9      29.95      19.98
8:30pm            115          0          0         73       67.1      29.95      19.98
8:35pm            115          0          0         75       66.6      29.95      19.98
8:40pm            115          0          0         77       66.0      29.95      19.98
8:45pm            194          0          0         78       65.6      29.95      19.98
8:50pm            194          0          0         79       65.1      29.95      19.98
8:55pm            217          0          0         79       64.9      29.96      19.98
9:00pm            217          0          0         80       64.5      29.96      19.98
9:05pm            217          0          0         81       64.2      29.96      19.98
9:10pm            217          0          0         81       63.9      29.96      19.98
9:15pm            217          0          0         82       63.7      29.97      19.98
9:20pm            217          0          0         83       63.5      29.97      19.98
9:25pm            217          0          0         83       63.3      29.97      19.98
9:30pm            217          0          0         84       63.1      29.97      19.98
9:35pm            217          0          0         84       62.8      29.97      19.98
9:40pm            217          0          0         84       62.5      29.97      19.98
9:45pm            217          0          0         85       62.2      29.97      19.98
9:50pm            255          0          0         86       62.1      29.97      19.98
9:55pm            255          0          0         86       62.0      29.97      19.98
10:00pm           255          0          0         85       61.9      29.97      19.98
10:05pm           255          0          0         85       61.9      29.97      19.98
10:10pm           255          0          0         86       61.9      29.97      19.98
10:15pm           259          0          0         86       62.0      29.97      19.98
10:20pm           258          0          1         85       62.1      29.97      19.98
10:25pm           277          0          1         86       61.8      29.97      19.98
10:30pm           262          0          2         87       61.3      29.97      19.98
10:35pm           261          0          1         88       60.9      29.97      19.98
10:40pm           261          0          1         89       60.5      29.97      19.98
10:45pm           261          0          1         90       60.2      29.97      19.98
10:50pm           261          0          1         91       60.0      29.97      19.98
10:55pm           261          0          1         91       59.8      29.97      19.98
11:00pm           261          0          1         91       59.5      29.97      19.98
11:05pm           261          0          0         91       59.5      29.97      19.98
11:10pm           261          0          0         91       59.4      29.98      19.98
11:15pm           261          0          0         91       59.3      29.97      19.98
11:20pm           261          0          0         92       59.2      29.97      19.98
11:25pm           261          0          0         92       59.2      29.98      19.98
11:30pm           261          0          0         92       59.0      29.98      19.98
11:35pm           261          0          0         92       58.8      29.98      19.98
11:40pm           261          0          0         93       58.7      29.98      19.98
11:45pm           261          0          0         93       58.8      29.98      19.98
11:50pm           261          0          0         93       58.7      29.98      19.98
11:55pm           261          0          0         93       58.5      29.98      19.98
