8/18/19
Time         Wind Dir   Wind Spd  Wind Gust   Humidity       Temp  Raw Barom   Tot Rain
                    °        mph        mph          %         °F         in         in
12:00am           202          0          0         98       63.3      29.93      21.98
12:30am           270          0          2         98       63.1      29.94      21.98
1:00am            270          0          0         98       63.4      29.94      21.98
1:30am            270          0          0         98       63.0      29.93      21.98
2:00am            270          0          0         98       62.7      29.93      21.98
2:30am            270          0          3         98       62.9      29.93      21.98
3:00am            270          0          4         98       63.1      29.92      21.98
3:30am            270          0          2         98       63.2      29.92      21.98
4:00am            270          0          3         98       63.2      29.91      21.98
4:30am            270          0          3         98       63.2      29.91      21.98
5:00am            292          0          3         98       63.2      29.92      21.98
5:30am            270          0          2         98       63.1      29.92      21.98
6:00am            292          0          2         98       62.9      29.92      21.98
6:30am            270          0          3         98       63.1      29.93      21.98
7:00am            270          0          2         98       63.5      29.94      21.98
7:30am            270          0          2         98       63.5      29.95      21.98
8:00am            292          0          2         98       63.8      29.96      21.98
8:30am            292          0          2         98       64.0      29.96      21.98
9:00am            292          0          4         97       64.3      29.96      21.98
9:30am            292          0          3         97       66.2      29.96      21.98
10:00am           292          1          4         96       67.2      29.97      21.98
10:30am           270          1          4         96       68.0      29.97      21.98
11:00am           270          1          4         95       70.2      29.96      21.98
11:30am           202          1          5         94       71.4      29.94      21.98
12:00pm           292          1          5         94       73.9      29.93      21.98
12:30pm           292          1          7         84       75.7      29.93      21.98
1:00pm            270          1         10         72       77.0      29.92      21.98
1:30pm            270          2          9         70       77.8      29.92      21.98
2:00pm            270          2          9         63       79.3      29.92      21.98
2:30pm            270          2          7         63       80.3      29.93      21.98
3:00pm            270          1          8         58       83.1      29.93      21.98
3:30pm            270          2          8         54       84.9      29.91      21.98
4:00pm            292          1          7         55       85.5      29.90      21.98
4:30pm            292          1          7         51       86.7      29.90      21.98
5:00pm            270          1          6         50       86.9      29.90      21.98
5:30pm            292          0          6         59       83.4      29.90      21.98
6:00pm            270          0          1         55       86.7      29.89      21.98
6:30pm            270          0          0         70       79.6      29.88      21.98
7:00pm            270          0          0         75       76.7      29.88      21.98
7:30pm            270          0          0         79       74.8      29.89      21.98
8:00pm            270          0          0         83       73.6      29.88      21.98
8:30pm            270          0          0         86       72.9      29.88      21.98
9:00pm            270          0          0         87       72.7      29.88      21.98
9:30pm             90          0          4         88       73.8      29.88      21.98
10:00pm            90          2         10         93       71.5      29.88      21.98
10:30pm            90          1          9         94       72.1      29.89      21.98
11:00pm            68          0          5         95       71.3      29.89      21.98
11:30pm           292          0          3         94       69.8      29.88      21.98
