8/16/19
Time         Wind Dir   Wind Spd  Wind Gust   Humidity       Temp  Raw Barom   Tot Rain
                    °        mph        mph          %         °F         in         in
12:00am           112          1          6         81       66.8      29.98      21.98
12:30am            68          1          7         83       66.5      29.97      21.98
1:00am             68          1          7         82       66.5      29.98      21.98
1:30am            112          0          3         82       66.4      29.97      21.98
2:00am             90          0          3         85       65.8      29.97      21.98
2:30am            202          0          2         89       65.1      29.96      21.98
3:00am             68          0          2         92       64.7      29.95      21.98
3:30am            270          0          7         89       65.2      29.94      21.98
4:00am            270          2         10         90       64.6      29.95      21.98
4:30am            270          1          8         93       63.9      29.95      21.98
5:00am            270          0          1         94       63.1      29.96      21.98
5:30am            225          0          1         95       62.9      29.96      21.98
6:00am            225          0          0         96       62.9      29.96      21.98
6:30am             68          0          1         96       63.3      29.97      21.98
7:00am            225          0          1         95       63.8      29.97      21.98
7:30am            225          0          0         94       64.5      29.98      21.98
8:00am            202          0          2         93       64.7      29.99      21.98
8:30am             90          0          1         90       66.2      29.99      21.98
9:00am            202          0          1         90       65.6      29.99      21.98
9:30am            135          0          1         90       65.9      29.99      21.98
10:00am            90          1          6         91       66.8      29.99      21.98
10:30am            90          1          5         85       69.0      29.99      21.98
11:00am            68          1          5         81       69.9      30.00      21.98
11:30am            90          1          5         86       68.9      29.99      21.98
12:00pm            68          2          8         85       69.3      29.98      21.98
12:30pm            68          2          8         82       71.1      29.98      21.98
1:00pm             68          2          6         82       71.2      29.98      21.98
1:30pm             68          2          6         80       73.2      29.97      21.98
2:00pm             90          3          7         76       73.9      29.97      21.98
2:30pm             68          1          6         68       77.4      29.97      21.98
3:00pm            225          1          7         67       77.0      29.96      21.98
3:30pm             90          1          5         65       78.5      29.95      21.98
4:00pm            292          1          8         56       80.0      29.95      21.98
4:30pm            292          1          6         54       80.5      29.94      21.98
5:00pm            292          0          3         53       82.6      29.94      21.98
5:30pm             90          1          7         60       80.1      29.93      21.98
6:00pm             68          1          6         63       78.3      29.93      21.98
6:30pm             68          1          5         67       75.8      29.93      21.98
7:00pm             68          0          6         69       75.0      29.93      21.98
7:30pm             90          1          5         70       74.0      29.93      21.98
8:00pm             90          0          5         71       72.8      29.94      21.98
8:30pm             68          1          7         75       72.0      29.94      21.98
9:00pm             68          2          8         79       71.2      29.95      21.98
9:30pm             90          2          9         83       69.8      29.96      21.98
10:00pm            68          1          9         86       68.6      29.97      21.98
10:30pm            90          1          7         89       67.5      29.97      21.98
11:00pm            90          1          8         90       66.9      29.97      21.98
11:30pm            68          1          7         90       66.6      29.97      21.98
