8/9/19
Time         Wind Dir   Wind Spd  Wind Gust   Humidity       Temp  Raw Barom   Tot Rain
                    °        mph        mph          %         °F         in         in
12:00am           264          0          4         84       64.1      29.55      21.92
12:05am           283          1          3         84       64.0      29.55      21.92
12:10am           266          0          3         85       63.7      29.55      21.92
12:15am           264          0          3         85       63.4      29.55      21.92
12:20am           262          0          3         86       63.0      29.56      21.92
12:25am           283          1          4         87       62.8      29.56      21.92
12:30am           262          0          6         87       62.8      29.56      21.92
12:35am           285          0          4         87       62.8      29.56      21.92
12:40am           257          1          4         87       62.8      29.56      21.92
12:45am           258          1          6         87       62.7      29.56      21.92
12:50am           255          1          6         87       62.8      29.56      21.92
12:55am           252          0          6         87       62.9      29.56      21.92
1:00am            259          0          6         86       63.0      29.56      21.92
1:05am            259          1          6         86       63.0      29.56      21.92
1:10am            284          2          6         87       62.9      29.56      21.92
1:15am            285          1          6         87       62.6      29.57      21.92
1:20am            304          1          6         88       62.3      29.56      21.92
1:25am            229          0          6         88       62.1      29.56      21.92
1:30am            256          1          6         89       61.8      29.56      21.92
1:35am            252          0          1         89       61.6      29.57      21.92
1:40am            268          0          1         90       61.4      29.57      21.92
1:45am            255          0          1         90       61.2      29.57      21.92
1:50am            251          0          3         91       61.0      29.57      21.92
1:55am            266          0          3         91       60.9      29.57      21.92
2:00am            262          0          3         91       60.8      29.57      21.92
2:05am            240          0          4         92       60.9      29.57      21.92
2:10am            293          2          4         91       61.6      29.57      21.92
2:15am            287          0          4         90       61.9      29.57      21.92
2:20am            278          0          5         90       62.2      29.57      21.92
2:25am            259          2          5         90       62.1      29.57      21.92
2:30am            208          0          5         90       62.0      29.57      21.92
2:35am            248          0          0         90       61.7      29.57      21.92
2:40am            264          0          2         91       61.6      29.57      21.92
2:45am            275          0          2         91       61.4      29.57      21.92
2:50am            276          0          2         91       61.1      29.58      21.92
2:55am            276          0          2         91       60.9      29.58      21.92
3:00am            276          0          2         92       60.7      29.57      21.92
3:05am            276          0          0         92       60.3      29.57      21.92
3:10am            276          0          0         92       60.1      29.57      21.92
3:15am            276          0          0         93       60.0      29.57      21.92
3:20am            279          0          1         93       60.1      29.57      21.92
3:25am            279          0          1         93       60.1      29.57      21.92
3:30am            279          0          1         93       60.0      29.57      21.92
3:35am            266          3          3         93       59.9      29.57      21.92
3:40am            251          0          4         93       59.7      29.57      21.92
3:45am            288          0          4         94       59.5      29.57      21.92
3:50am            281          1          4         94       59.3      29.57      21.92
3:55am            269          1          4         94       59.1      29.58      21.92
4:00am            279          0          4         94       59.1      29.58      21.92
4:05am            279          0          0         94       59.0      29.57      21.92
4:10am            279          0          0         95       58.9      29.58      21.92
4:15am            279          0          0         95       58.7      29.58      21.92
4:20am            279          0          0         95       58.7      29.57      21.92
4:25am            287          0          1         95       58.9      29.58      21.92
4:30am            288          0          1         95       59.0      29.58      21.92
4:35am            285          0          1         95       59.1      29.58      21.92
4:40am            287          0          1         95       58.9      29.58      21.92
4:45am            288          0          1         95       59.0      29.58      21.92
4:50am            288          0          1         95       59.1      29.58      21.92
4:55am            287          0          1         95       59.3      29.58      21.92
5:00am            288          0          1         95       59.3      29.58      21.92
5:05am            287          0          0         95       59.0      29.58      21.92
5:10am            288          0          0         95       58.7      29.58      21.92
5:15am            257          0          1         95       58.4      29.58      21.92
5:20am            257          0          1         95       58.4      29.58      21.92
5:25am            311          0          1         96       58.6      29.58      21.92
5:30am            302          0          2         96       58.7      29.58      21.92
5:35am            302          0          0         96       58.8      29.58      21.92
5:40am            300          0          1         96       58.8      29.58      21.92
5:45am            281          0          1         95       58.7      29.59      21.92
5:50am            281          0          1         95       58.6      29.59      21.92
5:55am            281          0          1         95       58.6      29.59      21.92
6:00am            281          0          1         95       58.6      29.59      21.92
6:05am            281          0          0         96       58.5      29.59      21.92
6:10am            281          0          0         96       58.5      29.59      21.92
6:15am            281          0          0         95       58.4      29.60      21.92
6:20am            281          0          0         96       58.3      29.60      21.92
6:25am            281          0          0         96       58.4      29.60      21.92
6:30am            281          0          0         95       58.8      29.60      21.92
6:35am            281          0          0         95       59.7      29.60      21.92
6:40am            281          0          0         94       60.6      29.60      21.92
6:45am            281          0          0         92       61.1      29.60      21.92
6:50am            281          0          0         91       61.7      29.60      21.92
6:55am            281          0          0         91       62.1      29.60      21.92
7:00am            281          0          0         91       63.0      29.60      21.92
7:05am            281          0          0         90       64.8      29.61      21.92
7:10am            281          0          0         86       65.9      29.61      21.92
7:15am            282          0          0         84       65.1      29.61      21.92
7:20am            287          0          0         86       64.2      29.61      21.92
7:25am            287          0          1         87       63.9      29.61      21.92
7:30am            275          0          1         88       64.2      29.61      21.92
7:35am            278          0          1         87       65.4      29.61      21.92
7:40am            274          1          2         84       65.6      29.61      21.92
7:45am            276          0          2         85       65.6      29.62      21.92
7:50am            248          0          2         85       65.7      29.62      21.92
7:55am            262          1          2         85       66.0      29.62      21.92
8:00am            264          0          3         85       66.4      29.62      21.92
8:05am            282          0          3         84       67.0      29.62      21.92
8:10am            250          3          4         82       67.8      29.62      21.92
8:15am            127          0          5         81       67.7      29.62      21.92
8:20am            270          0          5         82       67.9      29.62      21.92
8:25am            250          4          6         80       68.2      29.62      21.92
8:30am            290          3          6         81       68.2      29.62      21.92
8:35am            262          0          4         81       68.7      29.62      21.92
8:40am            278          4          4         79       69.2      29.62      21.92
8:45am            302          0          6         79       69.0      29.62      21.92
8:50am            278          3          6         79       69.4      29.62      21.92
8:55am            217          0          6         77       70.0      29.62      21.92
9:00am            281          0          6         76       70.9      29.62      21.92
9:05am            269          1          7         75       70.1      29.62      21.92
9:10am            214          1          7         77       70.0      29.62      21.92
9:15am            265          4          7         75       70.7      29.62      21.92
9:20am            205          0          7         75       70.3      29.61      21.92
9:25am            296          0         10         72       70.6      29.62      21.92
9:30am            259          1         10         74       70.4      29.62      21.92
9:35am            260          1          6         74       70.3      29.62      21.92
9:40am            229          0          8         72       71.1      29.62      21.92
9:45am            329          2          9         73       71.0      29.62      21.92
9:50am            189          0          9         72       71.1      29.62      21.92
9:55am            246          3          9         73       71.1      29.62      21.92
10:00am           277          1          9         72       70.9      29.62      21.92
10:05am           201          0          9         72       70.5      29.62      21.92
10:10am           289          3          9         73       70.7      29.62      21.92
10:15am           236          2          9         70       71.5      29.62      21.92
10:20am           276          1          9         68       71.8      29.62      21.92
10:25am           299          9          9         67       71.3      29.62      21.92
10:30am           199          3          9         69       71.3      29.62      21.92
10:35am           171          3          6         65       72.6      29.62      21.92
10:40am           293          2         10         62       72.6      29.62      21.92
10:45am           199          2         12         61       72.1      29.62      21.92
10:50am           143          0         12         63       71.8      29.62      21.92
10:55am           155          0         12         63       72.8      29.62      21.92
11:00am           248          0         12         60       73.3      29.62      21.92
11:05am           148          0          7         59       73.4      29.62      21.92
11:10am           142          2          7         60       73.9      29.62      21.92
11:15am           294          4          7         60       73.5      29.62      21.92
11:20am           270          8         12         58       74.3      29.62      21.92
11:25am           249          4         12         57       74.3      29.62      21.92
11:30am           279          0         12         56       74.6      29.62      21.92
11:35am           259          0          4         55       74.6      29.62      21.92
11:40am           229          3         10         54       75.0      29.62      21.92
11:45am           141          0         10         53       75.7      29.62      21.92
11:50am           284          5         10         51       75.9      29.62      21.92
11:55am           269          1         10         51       75.8      29.61      21.92
12:00pm           295          4         12         49       76.4      29.61      21.92
12:05pm           273          3         13         50       76.4      29.61      21.92
12:10pm           266          5         13         50       76.1      29.61      21.92
12:15pm           257          1         13         50       75.3      29.61      21.92
12:20pm           289          5         13         54       74.9      29.61      21.92
12:25pm           310          3         13         52       75.4      29.61      21.92
12:30pm           264          3         14         51       75.7      29.61      21.92
12:35pm           203          0          7         53       76.4      29.61      21.92
12:40pm           299          5          8         50       77.4      29.60      21.92
12:45pm           154          0         11         47       77.5      29.60      21.92
12:50pm           300          6         11         47       77.8      29.60      21.92
12:55pm           227          0         11         47       76.8      29.60      21.92
1:00pm            262          1         11         49       77.3      29.60      21.92
1:05pm            203          5          8         48       77.0      29.61      21.92
1:10pm            281          1         12         48       77.0      29.60      21.92
1:15pm            255          6         13         49       77.4      29.60      21.92
1:20pm            290          4         14         47       77.2      29.60      21.92
1:25pm            209          0         14         46       77.0      29.60      21.92
1:30pm            241          1         14         47       77.2      29.59      21.92
1:35pm            268          5         11         44       77.5      29.60      21.92
1:40pm            275          3         12         45       78.2      29.60      21.92
1:45pm            262          4         12         48       78.1      29.59      21.92
1:50pm            305          5         12         43       79.1      29.59      21.92
1:55pm            213          4         12         43       78.7      29.59      21.92
2:00pm            274          1         12         46       77.8      29.59      21.92
2:05pm            251          4         11         45       78.5      29.59      21.92
2:10pm            293          4         11         46       77.8      29.59      21.92
2:15pm            252          1         11         46       77.2      29.59      21.92
2:20pm            279          1         11         49       77.8      29.58      21.92
2:25pm            193          0         11         48       79.3      29.59      21.92
2:30pm            247         11         12         44       79.2      29.59      21.92
2:35pm            260          3         13         46       78.1      29.59      21.92
2:40pm            291          2         13         48       78.1      29.59      21.92
2:45pm            218          2         13         47       78.7      29.58      21.92
2:50pm            326          0         13         46       79.5      29.58      21.92
2:55pm            205          3         13         45       79.4      29.59      21.92
3:00pm            259          6         13         43       79.5      29.58      21.92
3:05pm            294          8         13         44       79.7      29.58      21.92
3:10pm            202          8         13         43       79.5      29.58      21.92
3:15pm            264          9         13         45       79.7      29.58      21.92
3:20pm            239          4         13         45       79.7      29.58      21.92
3:25pm            154          0         13         45       78.3      29.58      21.92
3:30pm            181          1         18         47       77.9      29.58      21.92
3:35pm            262          1          7         45       79.7      29.58      21.92
3:40pm            266          7          8         44       80.3      29.58      21.92
3:45pm            245          2         13         42       79.9      29.57      21.92
3:50pm            285          6         13         41       80.2      29.58      21.92
3:55pm            284          4         13         40       80.9      29.57      21.92
4:00pm            269          4         15         43       80.2      29.58      21.92
4:05pm            227          1         14         42       79.8      29.58      21.92
4:10pm            252          2         14         41       80.0      29.58      21.92
4:15pm            226          2         14         41       80.1      29.58      21.92
4:20pm            243          0         14         41       80.5      29.58      21.92
4:25pm            285          7         14         42       80.9      29.58      21.92
4:30pm            263          2         14         44       79.9      29.58      21.92
4:35pm            268          1         11         45       78.6      29.58      21.92
4:40pm            203          1         11         43       79.5      29.58      21.92
4:45pm            288          3         11         44       79.6      29.58      21.92
4:50pm            236          5         11         46       77.9      29.58      21.92
4:55pm            283          2         11         49       76.7      29.58      21.92
5:00pm            262          6         11         48       77.2      29.58      21.92
5:05pm            235          1         11         49       76.4      29.58      21.92
5:10pm            282          5         11         50       75.7      29.59      21.92
5:15pm            243          4         15         52       74.9      29.60      21.92
5:20pm            248          2         15         58       73.2      29.61      21.92
5:25pm            238          0         15         66       70.4      29.62      21.92
5:30pm            236          0         15         71       69.5      29.61      21.92
5:35pm            195          0          3         72       69.3      29.61      21.92
5:40pm            206          0          3         71       70.9      29.61      21.92
5:45pm            333          1          3         65       72.7      29.61      21.92
5:50pm            321          0          3         62       73.6      29.61      21.92
5:55pm            233          0          3         61       74.0      29.61      21.92
6:00pm            276          0          3         57       73.9      29.61      21.92
6:05pm            287          0          2         58       74.2      29.61      21.92
6:10pm            273          0          3         59       75.0      29.61      21.92
6:15pm            290          0          3         59       74.7      29.61      21.92
6:20pm            205          0          3         61       73.3      29.61      21.92
6:25pm            205          0          3         65       72.5      29.61      21.92
6:30pm            288          0          3         65       71.6      29.61      21.92
6:35pm            288          0          0         68       71.5      29.61      21.92
6:40pm            217          0          1         68       71.3      29.61      21.92
6:45pm            195          0          1         69       71.3      29.61      21.92
6:50pm            265          1          1         68       71.4      29.61      21.92
6:55pm            219          0          4         66       71.4      29.61      21.92
7:00pm            287          1          7         62       71.3      29.61      21.92
7:05pm            196          0          6         63       71.2      29.61      21.92
7:10pm            217          0          6         63       71.0      29.61      21.92
7:15pm            184          0          6         62       70.7      29.61      21.92
7:20pm            263          0          6         64       70.5      29.61      21.92
7:25pm            253          0          6         61       70.4      29.61      21.92
7:30pm            212          0          6         63       70.3      29.62      21.92
7:35pm            228          0          1         63       70.0      29.62      21.92
7:40pm            260          0          2         64       69.6      29.62      21.92
7:45pm            248          0          2         65       69.2      29.62      21.92
7:50pm            261          0          3         64       68.9      29.62      21.92
7:55pm            270          0          5         64       68.7      29.62      21.92
8:00pm            282          0          5         63       68.5      29.62      21.92
8:05pm            240          0          1         66       68.2      29.62      21.92
8:10pm            266          0          2         66       67.9      29.62      21.92
8:15pm            217          0          2         66       67.7      29.62      21.92
8:20pm            238          0          2         67       67.4      29.62      21.92
8:25pm            266          0          2         68       67.1      29.63      21.92
8:30pm            269          0          2         67       66.9      29.63      21.92
8:35pm            269          0          0         68       66.7      29.63      21.92
8:40pm            271          0          1         68       66.6      29.64      21.92
8:45pm            271          0          1         68       66.3      29.64      21.92
8:50pm            271          0          1         70       66.0      29.64      21.92
8:55pm            191          0          2         69       65.8      29.64      21.92
9:00pm            191          0          2         70       65.5      29.65      21.92
9:05pm            205          0          1         71       65.1      29.65      21.92
9:10pm            113          0          1         71       64.9      29.65      21.92
9:15pm            228          0          3         72       65.0      29.65      21.92
9:20pm            228          0          3         71       64.9      29.66      21.92
9:25pm            228          0          3         72       64.5      29.66      21.92
9:30pm            148          0          3         73       64.0      29.66      21.92
9:35pm            148          0          0         71       63.8      29.66      21.92
9:40pm            250          0          1         71       64.0      29.66      21.92
9:45pm            250          0          1         71       64.0      29.66      21.92
9:50pm            250          0          1         72       63.6      29.67      21.92
9:55pm            250          0          1         74       63.2      29.67      21.92
10:00pm           250          0          1         75       62.8      29.67      21.92
10:05pm           250          0          0         75       62.5      29.67      21.92
10:10pm           250          0          0         76       62.4      29.67      21.92
10:15pm           250          0          0         76       62.2      29.67      21.92
10:20pm           250          0          0         76       62.1      29.67      21.92
10:25pm           250          0          0         77       62.0      29.67      21.92
10:30pm           250          0          0         77       61.9      29.67      21.92
10:35pm           250          0          0         78       61.7      29.67      21.92
10:40pm           250          0          0         78       61.5      29.67      21.92
10:45pm           250          0          0         79       61.3      29.67      21.92
10:50pm           250          0          0         79       61.1      29.67      21.92
10:55pm           250          0          0         79       60.8      29.67      21.92
11:00pm           250          0          0         80       60.6      29.66      21.92
11:05pm           250          0          0         81       60.5      29.66      21.92
11:10pm           250          0          0         81       60.3      29.66      21.92
11:15pm           250          0          0         81       60.0      29.66      21.92
11:20pm           250          0          0         81       59.8      29.66      21.92
11:25pm           250          0          0         81       59.9      29.65      21.92
11:30pm           250          0          0         81       60.0      29.65      21.92
11:35pm           250          0          0         81       59.8      29.65      21.92
11:40pm           250          0          0         82       59.4      29.65      21.92
11:45pm           250          0          0         85       59.0      29.65      21.92
11:50pm           250          0          0         86       58.6      29.65      21.92
11:55pm           250          0          0         87       58.1      29.65      21.92
