8/10/19
Time         Wind Dir   Wind Spd  Wind Gust   Humidity       Temp  Raw Barom   Tot Rain
                    °        mph        mph          %         °F         in         in
12:00am           250          0          0         88       57.8      29.65      21.92
12:05am           250          0          0         89       57.6      29.65      21.92
12:10am           250          0          0         89       57.5      29.65      21.92
12:15am           281          0          2         89       57.4      29.65      21.92
12:20am           281          0          2         90       57.3      29.65      21.92
12:25am           281          0          2         90       57.1      29.65      21.92
12:30am           281          0          2         90       56.8      29.65      21.92
12:35am           287          0          1         91       56.8      29.65      21.92
12:40am           287          0          1         91       56.6      29.65      21.92
12:45am           287          0          1         91       56.5      29.65      21.92
12:50am           287          0          1         92       56.3      29.65      21.92
12:55am           287          1          1         92       56.3      29.65      21.92
1:00am            277          0          1         92       56.4      29.65      21.92
1:05am            277          0          0         92       56.4      29.65      21.92
1:10am            274          0          1         92       56.3      29.64      21.92
1:15am            267          1          2         92       56.1      29.64      21.92
1:20am            287          0          2         93       55.9      29.64      21.92
1:25am            275          0          2         93       55.7      29.64      21.92
1:30am            281          0          2         93       55.7      29.65      21.92
1:35am            295          0          0         93       55.7      29.65      21.92
1:40am            276          0          0         93       55.7      29.64      21.92
1:45am            271          0          0         92       55.6      29.64      21.92
1:50am            268          0          0         93       55.6      29.64      21.92
1:55am            280          0          0         92       55.7      29.64      21.92
2:00am            277          0          0         92       55.7      29.64      21.92
2:05am            277          0          0         92       55.9      29.64      21.92
2:10am            277          0          0         91       55.8      29.64      21.92
2:15am            276          0          0         92       55.7      29.64      21.92
2:20am            276          0          0         92       55.5      29.64      21.92
2:25am            277          0          0         92       55.6      29.64      21.92
2:30am            266          0          0         92       55.4      29.65      21.92
2:35am            266          0          0         92       55.2      29.65      21.92
2:40am            266          0          0         93       55.0      29.65      21.92
2:45am            266          0          0         93       54.9      29.65      21.92
2:50am            266          0          0         93       54.8      29.65      21.92
2:55am            266          0          0         93       54.7      29.64      21.92
3:00am            266          0          0         93       54.6      29.64      21.92
3:05am            266          0          0         94       54.7      29.64      21.92
3:10am            266          0          0         94       54.7      29.64      21.92
3:15am            266          0          0         93       54.7      29.64      21.92
3:20am            266          0          0         93       54.6      29.65      21.92
3:25am            265          0          0         93       54.3      29.65      21.92
3:30am            265          0          0         93       54.0      29.65      21.92
3:35am            266          0          0         94       53.8      29.65      21.92
3:40am            266          0          0         94       53.7      29.65      21.92
3:45am            265          0          0         94       53.7      29.65      21.92
3:50am            265          0          0         94       53.6      29.65      21.92
3:55am            266          0          0         95       53.6      29.65      21.92
4:00am            265          0          0         94       53.8      29.65      21.92
4:05am            265          0          0         94       53.8      29.65      21.92
4:10am            266          0          0         94       53.7      29.65      21.92
4:15am            265          0          0         94       53.7      29.65      21.92
4:20am            266          0          0         94       53.9      29.65      21.92
4:25am            266          0          0         94       53.7      29.65      21.92
4:30am            265          0          0         94       53.7      29.64      21.92
4:35am            266          0          0         94       53.8      29.64      21.92
4:40am            266          0          0         94       53.7      29.64      21.92
4:45am            266          0          0         94       53.6      29.65      21.92
4:50am            266          0          0         94       53.5      29.65      21.92
4:55am            266          0          0         94       53.5      29.65      21.92
5:00am            266          0          0         94       53.5      29.65      21.92
5:05am            276          0          0         95       53.6      29.65      21.92
5:10am            280          0          0         94       53.4      29.65      21.92
5:15am            285          0          0         94       53.2      29.65      21.92
5:20am            285          0          0         95       53.2      29.65      21.92
5:25am            287          0          0         95       53.2      29.65      21.92
5:30am            293          0          0         95       53.4      29.65      21.92
5:35am            279          0          0         95       53.3      29.65      21.92
5:40am            297          0          0         94       53.0      29.66      21.92
5:45am            281          0          0         95       52.9      29.66      21.92
5:50am            289          1          4         95       52.8      29.66      21.92
5:55am            286          0          4         94       52.6      29.66      21.92
6:00am            282          0          4         95       52.8      29.66      21.92
6:05am            269          0          1         94       52.8      29.66      21.92
6:10am            270          0          1         94       52.8      29.66      21.92
6:15am            270          0          1         94       52.6      29.66      21.92
6:20am            270          0          1         95       52.6      29.66      21.92
6:25am            270          0          1         95       52.8      29.67      21.92
6:30am            270          0          1         95       53.8      29.67      21.92
6:35am            270          0          0         94       54.9      29.67      21.92
6:40am            270          0          0         92       55.6      29.67      21.92
6:45am            270          0          0         91       56.1      29.67      21.92
6:50am            270          0          0         91       56.8      29.66      21.92
6:55am            270          0          0         90       57.7      29.66      21.92
7:00am            285          0          0         88       57.6      29.66      21.92
7:05am            281          0          0         87       57.4      29.66      21.92
7:10am            264          0          0         88       57.2      29.67      21.92
7:15am            288          0          0         88       57.4      29.67      21.92
7:20am            258          0          0         88       57.8      29.67      21.92
7:25am            256          0          0         89       57.7      29.67      21.92
7:29am            256          0          0         89       58.1      29.67      21.92
7:35am            288          0          0         87       58.5      29.67      21.92
7:40am            285          0          0         87       59.2      29.67      21.92
7:45am            268          0          3         86       60.5      29.67      21.92
7:50am            261          0          3         83       61.3      29.67      21.92
7:54am            217          2          4         82       61.9      29.67      21.92
8:00am            242          1          4         80       62.6      29.67      21.92
8:05am            199          0          5         78       62.6      29.67      21.92
8:09am            221          4          7         78       62.8      29.68      21.92
8:15am            249          0          9         78       62.7      29.68      21.92
8:20am            184          0          9         77       63.2      29.68      21.92
8:25am            264          6          9         77       63.6      29.67      21.92
8:30am            217          0          9         77       63.3      29.68      21.92
8:35am            272          0          6         77       63.3      29.67      21.92
8:39am            290          4          7         78       63.9      29.67      21.92
8:44am            301          2          7         77       64.3      29.67      21.92
8:50am            229          3          9         74       64.8      29.67      21.92
8:54am            308          8         10         74       64.9      29.67      21.92
9:00am            266          2         10         74       65.0      29.67      21.92
9:05am            294          6          7         72       65.7      29.67      21.92
9:10am            269          0         10         74       65.7      29.67      21.92
9:14am            232          0         10         73       66.2      29.67      21.92
9:19am            293          5         10         71       66.0      29.66      21.92
9:25am            302          1         10         72       66.0      29.67      21.92
9:29am            288          1         10         71       65.9      29.67      21.92
9:34am            258          0          6         73       66.3      29.67      21.92
9:39am            271          4          8         70       67.1      29.67      21.92
9:45am            241          2         10         69       67.2      29.67      21.92
9:50am            264          0         12         68       67.6      29.67      21.92
9:54am            177          2         12         69       68.8      29.67      21.92
10:00am           250          2         12         66       69.0      29.67      21.92
10:05am           293          4          7         67       68.8      29.67      21.92
10:10am           210          2          9         68       67.8      29.67      21.92
10:15am           250          0          9         69       67.1      29.67      21.92
10:19am           243          0          9         70       67.1      29.68      21.92
10:25am           292          4          9         69       67.3      29.68      21.92
10:30am           226          1          9         71       67.0      29.67      21.92
10:35am           230          2          7         70       67.0      29.68      21.92
10:40am           280          1          7         68       67.0      29.68      21.92
10:45am           173          2          7         66       67.8      29.67      21.92
10:49am           116          1         13         63       68.6      29.68      21.92
10:54am           228          0         13         62       68.9      29.67      21.92
11:00am           288          5         13         62       69.2      29.68      21.92
11:05am           282          3          6         63       68.7      29.67      21.92
11:10am           290          2          6         65       68.7      29.68      21.92
11:14am           268          3          6         64       68.8      29.68      21.92
11:20am           203          0          6         63       69.2      29.68      21.92
11:25am           271          0          7         62       69.5      29.67      21.92
11:30am           290          5          9         59       70.1      29.67      21.92
11:35am           168          0          5         60       70.2      29.67      21.92
11:40am           203          5          8         58       70.1      29.67      21.92
11:45am           205          1         11         59       69.7      29.67      21.92
11:50am           231          0         11         60       69.5      29.67      21.92
11:55am            10          4         11         55       69.4      29.68      21.92
12:00pm           219          6         11         55       68.7      29.67      21.92
12:04pm           225          0          4         56       68.4      29.68      21.92
12:10pm           285          2         10         58       67.9      29.68      21.92
12:15pm           250          3         10         60       67.2      29.69      21.92
12:20pm           284          0         10         66       65.7      29.69      21.93
12:25pm           182          0         10         72       64.5      29.69      21.95
12:30pm           262          0         10         78       63.3      29.70      21.95
12:34pm           181          0          4         83       62.2      29.70      21.95
12:40pm           226          0          4         83       61.7      29.70      21.96
12:44pm            89          0          4         83       61.5      29.70      21.96
12:50pm            63          0          4         82       61.4      29.69      21.96
12:55pm           124          0          4         84       62.1      29.69      21.96
1:00pm             50          0          4         81       62.4      29.68      21.96
1:05pm            245          0          1         84       63.8      29.68      21.96
1:10pm            288          0          7         77       64.9      29.68      21.96
1:15pm            138          1          8         73       65.8      29.68      21.96
1:20pm            274          7          8         70       66.5      29.67      21.96
1:25pm            247          0          9         72       67.3      29.68      21.96
1:30pm            243          2          9         67       68.0      29.68      21.96
1:35pm            214          3          9         67       68.4      29.67      21.96
1:40pm            199          3          9         66       68.3      29.68      21.96
1:45pm            293          2         11         66       68.2      29.67      21.96
1:50pm             69          1         11         64       68.0      29.68      21.96
1:55pm             89          3         11         62       68.7      29.67      21.96
2:00pm            131          2         11         59       68.7      29.67      21.96
2:04pm            359          0         12         58       68.3      29.68      21.96
2:09pm            280          6         12         57       68.1      29.67      21.96
2:15pm            273          5         12         60       67.8      29.67      21.96
2:20pm            129          0         12         61       67.7      29.67      21.96
2:25pm             92          3         12         60       68.2      29.67      21.96
2:30pm            277          4         12         59       68.6      29.66      21.96
2:35pm            226          0          6         60       68.9      29.66      21.96
2:40pm            167          0          6         56       69.1      29.67      21.96
2:45pm            276          0         13         57       69.6      29.67      21.96
2:50pm            293          0         13         54       70.2      29.66      21.96
2:54pm             46          1         13         56       70.8      29.67      21.96
3:00pm            318          2         13         53       71.1      29.67      21.96
3:05pm              3          1          7         54       70.5      29.67      21.96
3:10pm            195          3         10         55       69.4      29.67      21.96
3:15pm            116          0         10         55       70.2      29.67      21.96
3:19pm            143          0         10         54       71.4      29.67      21.96
3:25pm            310          1         10         50       72.2      29.67      21.96
3:30pm            285          3         10         50       72.1      29.67      21.96
3:35pm            246          1          5         49       73.0      29.67      21.96
3:40pm            258          8         14         47       71.7      29.67      21.96
3:45pm            243          0         14         48       70.0      29.68      21.96
3:50pm            305          1         14         49       69.2      29.68      21.96
3:55pm            294          0         14         49       68.6      29.68      21.96
4:00pm            328          1         14         50       69.1      29.68      21.96
4:05pm            296          2         11         51       69.4      29.68      21.96
4:10pm            300          2         11         49       69.5      29.68      21.96
4:15pm             90          5         11         51       68.6      29.68      21.96
4:20pm            311          2         11         52       68.1      29.69      21.96
4:25pm            127          0         11         53       67.8      29.69      21.96
4:30pm             63          4         11         53       69.3      29.70      21.96
4:35pm            115          1          8         55       68.7      29.69      21.96
4:39pm            250          0          8         55       69.6      29.69      21.96
4:44pm            309          4         12         53       70.6      29.69      21.96
4:50pm            127          2         12         50       71.3      29.70      21.96
4:55pm            255          5         12         51       72.1      29.70      21.96
5:00pm            227         13         13         51       69.8      29.70      21.96
5:05pm            256          5         13         50       68.2      29.70      21.96
5:10pm            282          1         13         52       67.6      29.71      21.96
5:15pm             32          0         13         52       67.4      29.71      21.96
5:19pm             99          0         13         54       67.5      29.71      21.96
5:25pm             16          1         13         55       67.4      29.71      21.96
5:30pm            117          3         13         53       68.6      29.71      21.96
5:35pm            233          1          5         51       70.0      29.71      21.96
5:40pm             10          0         10         49       70.3      29.72      21.96
5:45pm            217          0         11         51       69.6      29.71      21.96
5:50pm            264          0         11         51       68.7      29.72      21.96
5:55pm             82          1         11         53       67.6      29.72      21.96
6:00pm            170          0         11         56       67.0      29.72      21.96
6:05pm            116          0          2         57       66.5      29.72      21.96
6:10pm            278          3          7         56       66.4      29.72      21.96
6:15pm            304          0          7         56       66.7      29.72      21.96
6:20pm            269          0          7         56       66.4      29.73      21.96
6:25pm            286          6          7         58       66.2      29.73      21.96
6:30pm            226          3          7         58       66.0      29.73      21.96
6:35pm            293          3          4         59       66.0      29.73      21.96
6:40pm            292          0          6         59       65.7      29.74      21.96
6:45pm            186          0          7         60       65.2      29.74      21.96
6:50pm            247          0          7         61       64.7      29.74      21.96
6:55pm            207          0          7         63       64.3      29.74      21.96
7:00pm             40          0          7         63       64.0      29.75      21.96
7:05pm            188          0          5         63       63.9      29.75      21.96
7:10pm            205          0          5         62       63.8      29.75      21.96
7:15pm            271          3         10         65       63.7      29.75      21.96
7:20pm            188          3         10         68       63.3      29.75      21.96
7:25pm            188          0         10         72       62.2      29.75      21.96
7:30pm            266          1         10         75       61.5      29.76      21.96
7:35pm            182          0          4         76       60.8      29.76      21.96
7:40pm            259          0          4         77       60.1      29.76      21.96
7:45pm            205          0          4         79       59.4      29.76      21.96
7:50pm            236          0          4         81       59.0      29.76      21.96
7:55pm            257          0          4         82       58.5      29.76      21.96
8:00pm            206          0          4         82       58.2      29.77      21.96
8:05pm            240          0          2         82       58.0      29.77      21.96
8:10pm            240          4          5         83       57.8      29.76      21.96
8:15pm            248          0          5         84       57.7      29.76      21.97
8:20pm            207          0          5         85       57.4      29.76      21.97
8:25pm            295          1          5         86       57.1      29.76      21.97
8:30pm            281          0          5         87       56.7      29.77      21.97
8:35pm            200          0          1         87       56.5      29.77      21.97
8:40pm            200          0          1         88       56.1      29.77      21.97
8:45pm            205          0          1         88       55.7      29.77      21.97
8:50pm            191          1          2         89       55.6      29.78      21.97
8:55pm            227          0          2         89       55.4      29.78      21.97
9:00pm            227          0          2         90       55.3      29.79      21.97
9:05pm            239          1          1         90       55.1      29.79      21.97
9:10pm            245          0          1         90       54.8      29.79      21.97
9:15pm            245          0          1         91       54.7      29.79      21.97
9:20pm            287          0          3         91       54.6      29.80      21.97
9:25pm            286          0          3         90       54.6      29.79      21.97
9:30pm            286          0          3         90       54.5      29.79      21.97
9:35pm             62          0          1         90       54.3      29.79      21.97
9:40pm            277          0          1         91       54.2      29.80      21.97
9:45pm            277          0          1         90       54.2      29.80      21.97
9:50pm            252          0          1         90       54.0      29.80      21.97
9:55pm            252          0          1         90       53.8      29.80      21.97
10:00pm           252          0          1         91       53.6      29.80      21.97
10:05pm           252          0          0         91       53.4      29.80      21.97
10:10pm           252          0          0         91       53.1      29.81      21.97
10:15pm           209          0          0         92       53.0      29.81      21.97
10:20pm           209          0          0         92       52.8      29.81      21.97
10:25pm           209          0          0         92       52.5      29.81      21.97
10:30pm           209          0          0         93       52.5      29.81      21.97
10:35pm           203          0          0         93       52.4      29.81      21.97
10:40pm           271          0          2         94       52.2      29.81      21.97
10:45pm           269          0          2         94       52.1      29.81      21.97
10:50pm           236          0          2         94       51.9      29.81      21.97
10:55pm           225          0          2         94       51.8      29.81      21.97
11:00pm           207          0          2         94       51.7      29.82      21.97
11:05pm           191          0          2         94       51.6      29.81      21.97
11:10pm           191          0          2         94       51.5      29.82      21.97
11:15pm           191          0          2         94       51.4      29.82      21.97
11:20pm           256          0          2         95       51.3      29.82      21.97
11:25pm           236          0          3         95       51.3      29.82      21.97
11:30pm           231          0          3         95       51.3      29.82      21.97
11:35pm           238          0          0         95       51.2      29.81      21.97
11:40pm           267          0          2         95       51.2      29.82      21.97
11:45pm           205          0          2         95       51.2      29.82      21.97
11:50pm           276          0          2         95       51.2      29.82      21.97
11:55pm           270          0          3         95       51.3      29.82      21.97
