8/13/19
Time         Wind Dir   Wind Spd  Wind Gust   Humidity       Temp  Raw Barom   Tot Rain
                    °        mph        mph          %         °F         in         in
12:00am           255          0          4         76       69.3      29.74      21.98
12:05am           265          0          1         75       69.4      29.74      21.98
12:10am           279          0          4         75       69.4      29.74      21.98
12:15am           269          0          4         77       69.2      29.73      21.98
12:20am           278          0          4         76       69.0      29.74      21.98
12:25am           264          0          4         76       68.9      29.74      21.98
12:30am           269          1          4         77       68.8      29.73      21.98
12:35am           259          0          3         77       68.6      29.73      21.98
12:40am           245          1          3         78       68.2      29.73      21.98
12:45am           259          0          4         79       68.1      29.73      21.98
12:50am           259          0          4         79       67.9      29.73      21.98
12:55am           274          0          4         80       67.9      29.73      21.98
1:00am            244          1          4         79       68.0      29.73      21.98
1:05am            270          0          2         78       68.3      29.73      21.98
1:10am            257          0          2         79       68.3      29.73      21.98
1:15am            281          0          2         78       68.3      29.73      21.98
1:20am            274          0          3         77       68.7      29.73      21.98
1:25am            274          0          3         76       68.9      29.73      21.98
1:30am            290          0          3         76       69.0      29.72      21.98
1:35am            279          0          1         76       69.1      29.72      21.98
1:40am            239          0          1         76       69.0      29.72      21.98
1:45am            282          0          1         77       68.8      29.72      21.98
1:50am            280          0          1         77       68.6      29.72      21.98
1:55am            285          0          1         77       68.6      29.72      21.98
2:00am            280          0          1         77       68.8      29.72      21.98
2:05am            276          0          0         76       68.9      29.72      21.98
2:10am            281          0          0         76       69.0      29.72      21.98
2:15am            278          0          0         76       69.0      29.72      21.98
2:20am            287          0          0         76       69.0      29.72      21.98
2:25am            271          0          2         76       69.0      29.72      21.98
2:30am            274          0          2         77       68.8      29.72      21.98
2:35am            270          1          1         78       68.6      29.72      21.98
2:40am            283          0          3         78       68.4      29.72      21.98
2:45am            291          0          3         78       68.4      29.72      21.98
2:50am            289          0          3         78       68.4      29.72      21.98
2:55am            284          0          3         78       68.5      29.72      21.98
3:00am            246          1          4         77       68.8      29.71      21.98
3:05am            275          0          4         77       68.9      29.72      21.98
3:10am            267          0          4         78       68.8      29.71      21.98
3:15am            257          0          4         78       68.8      29.71      21.98
3:20am            260          0          4         79       68.6      29.71      21.98
3:25am            261          0          4         79       68.5      29.71      21.98
3:30am            281          0          4         79       68.4      29.71      21.98
3:35am            262          0          0         79       68.2      29.70      21.98
3:40am            265          0          0         80       68.1      29.70      21.98
3:45am            265          0          0         80       68.2      29.70      21.98
3:50am            255          0          1         80       68.3      29.70      21.98
3:55am            289          0          1         79       68.4      29.70      21.98
4:00am            260          0          3         80       68.5      29.70      21.98
4:05am            261          0          1         81       68.3      29.70      21.98
4:10am            264          0          5         82       68.0      29.70      21.98
4:15am            281          3          5         84       67.7      29.70      21.98
4:20am            274          1          7         85       67.5      29.70      21.98
4:25am            270          0          7         86       67.2      29.70      21.98
4:30am            254          0          7         87       66.9      29.70      21.98
4:35am            217          0          2         88       66.8      29.70      21.98
4:40am            283          0          4         88       66.8      29.70      21.98
4:45am            273          0          4         88       66.8      29.70      21.98
4:50am            240          0          4         89       66.7      29.70      21.98
4:55am            257          0          4         89       66.6      29.70      21.98
5:00am            271          0          4         89       66.5      29.71      21.98
5:05am            271          0          0         89       66.4      29.70      21.98
5:10am            271          0          0         89       66.3      29.71      21.98
5:15am            271          0          0         89       66.2      29.70      21.98
5:20am            271          0          0         89       65.9      29.71      21.98
5:25am            271          0          0         90       65.7      29.71      21.98
5:30am            271          0          0         90       65.7      29.71      21.98
5:35am            271          0          0         90       65.8      29.71      21.98
5:40am            271          0          1         90       65.8      29.71      21.98
5:45am            294          0          1         90       65.9      29.71      21.98
5:50am            294          0          1         90       66.0      29.71      21.98
5:55am            302          1          1         90       66.2      29.71      21.98
5:59am            290          0          2         89       66.2      29.71      21.98
6:05am            317          0          0         89       66.3      29.71      21.98
6:10am            291          0          3         89       66.4      29.71      21.98
6:15am            293          0          3         89       66.4      29.71      21.98
6:20am            276          0          3         89       66.3      29.71      21.98
6:25am            291          3          4         89       66.4      29.70      21.98
6:30am            279          0          4         89       66.4      29.71      21.98
6:35am            298          0          3         89       66.5      29.71      21.98
6:40am            291          0          3         89       66.5      29.71      21.98
6:45am            278          1          3         89       66.6      29.71      21.98
6:50am            269          0          3         89       66.6      29.71      21.98
6:55am            283          0          3         89       66.6      29.71      21.98
7:00am            277          0          3         90       66.6      29.72      21.98
7:05am            281          0          0         90       66.6      29.72      21.98
7:10am            281          0          0         90       66.7      29.72      21.98
7:15am            281          0          0         90       66.8      29.72      21.98
7:20am            283          0          0         90       66.8      29.72      21.98
7:25am            274          0          0         91       66.9      29.72      21.98
7:30am            274          0          0         90       67.0      29.73      21.98
7:35am            274          0          0         91       67.0      29.72      21.98
7:40am            274          0          0         90       67.1      29.72      21.98
7:45am            274          0          0         90       67.1      29.72      21.98
7:50am            274          0          0         90       67.4      29.72      21.98
7:55am            274          0          0         90       67.7      29.72      21.98
8:00am            274          0          0         89       68.0      29.72      21.98
8:05am            277          0          0         88       68.2      29.72      21.98
8:10am            277          0          0         87       68.3      29.71      21.98
8:15am            277          0          0         88       68.9      29.71      21.98
8:20am            264          0          3         85       69.4      29.70      21.98
8:25am            271          0          3         86       69.6      29.70      21.98
8:30am            269          2          3         84       70.3      29.70      21.98
8:35am            257          0          2         84       70.9      29.70      21.98
8:40am            274          1          3         82       71.5      29.70      21.98
8:45am            275          1          4         82       72.0      29.70      21.98
8:50am            281          0          4         80       72.1      29.70      21.98
8:55am            307          2          4         79       72.5      29.70      21.98
9:00am            258          1          5         79       72.1      29.70      21.98
9:05am            277          2          5         79       72.7      29.70      21.98
9:10am            281          3          6         78       73.3      29.70      21.98
9:15am            284          4          6         77       73.9      29.70      21.98
9:20am            272          3          6         75       74.3      29.70      21.98
9:25am            265          0          6         75       74.2      29.70      21.98
9:30am            271          0          6         75       74.6      29.69      21.98
9:35am            273          0          6         75       74.5      29.69      21.98
9:40am            275          0          6         75       74.9      29.69      21.98
9:45am            243          1          6         73       75.3      29.69      21.98
9:50am            184          3          6         74       75.8      29.69      21.98
9:55am            297          0          6         71       76.3      29.69      21.98
10:00am           300          1          6         72       76.4      29.69      21.98
10:05am           240          2          4         71       76.9      29.69      21.98
10:10am           193          0          5         71       76.9      29.70      21.98
10:15am           235          0          5         70       77.4      29.70      21.98
10:20am           220          0          5         71       77.3      29.69      21.98
10:25am           258          0          5         70       77.0      29.70      21.98
10:30am           233          0          5         71       77.0      29.69      21.98
10:35am           248          0          2         70       77.4      29.69      21.98
10:40am           197          1          5         70       77.4      29.69      21.98
10:45am           258          4          5         71       77.6      29.69      21.98
10:50am           274          1          6         68       77.2      29.69      21.98
10:55am           262          1          6         71       76.6      29.69      21.98
11:00am           217          0          6         72       76.3      29.69      21.98
11:05am           186          0          6         71       76.2      29.69      21.98
11:10am           250          1          6         72       76.6      29.69      21.98
11:15am           311          1          6         71       76.8      29.70      21.98
11:20am           255          0          6         72       76.6      29.70      21.98
11:25am           268          0          6         71       76.5      29.70      21.98
11:30am           204          0          6         72       76.5      29.69      21.98
11:35am           290          1          4         72       76.9      29.69      21.98
11:40am           279          2          6         71       77.1      29.69      21.98
11:45am           203          0          6         72       76.7      29.70      21.98
11:50am           282          4          6         72       77.3      29.69      21.98
11:55am           274          0          6         71       77.1      29.69      21.98
12:00pm           296          4          7         72       77.4      29.69      21.98
12:05pm           242          1          4         70       77.6      29.69      21.98
12:10pm           275          1         11         70       77.2      29.69      21.98
12:15pm           255          0         11         71       77.0      29.69      21.98
12:20pm           264          0         11         71       77.1      29.69      21.98
12:25pm           265          0         11         74       76.8      29.68      21.98
12:30pm           267          3         11         75       76.1      29.68      21.98
12:35pm           255          0          5         79       75.3      29.68      21.98
12:40pm           276          0          5         82       74.8      29.68      21.98
12:45pm            51          0          5         83       74.5      29.68      21.98
12:50pm            34          0          5         85       74.2      29.68      21.98
12:55pm           274          0          5         86       74.1      29.68      21.98
1:00pm            285          0          5         86       74.0      29.68      21.98
1:05pm            263          0          0         83       74.3      29.68      21.98
1:10pm            272          1          4         84       74.4      29.68      21.98
1:15pm            281          3          4         80       74.4      29.67      21.98
1:20pm            244          1          5         78       74.6      29.67      21.98
1:25pm            265          0          5         80       74.5      29.67      21.98
1:30pm            281          0          5         81       74.4      29.67      21.98
1:35pm            274          2          7         79       74.4      29.67      21.98
1:40pm            238          2          7         78       74.5      29.67      21.98
1:45pm            253          0          7         80       74.5      29.67      21.98
1:50pm            245          0          7         81       74.5      29.67      21.98
1:55pm            267          0          7         81       74.7      29.66      21.98
2:00pm            273          0          7         80       75.2      29.66      21.98
2:05pm            191          0          6         77       76.1      29.66      21.98
2:10pm            271          1          6         74       77.2      29.66      21.98
2:15pm            257          2          6         75       78.0      29.66      21.98
2:20pm            278          1          9         72       78.1      29.66      21.98
2:25pm            281          1          9         74       77.5      29.66      21.98
2:30pm            166          0          9         75       77.5      29.65      21.98
2:35pm            238          0          3         75       77.9      29.65      21.98
2:40pm            306          1          6         75       77.8      29.65      21.98
2:45pm            262          0          6         75       77.7      29.65      21.98
2:50pm            276          4          6         74       77.8      29.65      21.98
2:55pm            252          2          6         74       77.7      29.65      21.98
3:00pm            275          1          7         73       77.7      29.65      21.98
3:05pm            220          2          9         73       77.3      29.65      21.98
3:10pm            284          1          9         73       77.2      29.65      21.98
3:15pm            281          3          9         73       77.5      29.65      21.98
3:20pm            297          0          9         72       77.6      29.65      21.98
3:25pm            205          0          9         71       77.9      29.65      21.98
3:30pm            266          4          9         72       77.7      29.65      21.98
3:35pm            218          2          8         73       77.1      29.65      21.98
3:40pm            112          1          8         73       76.7      29.65      21.98
3:45pm            274          0         10         75       76.4      29.65      21.98
3:50pm            170          1         10         76       76.3      29.64      21.98
3:55pm            257          4         10         76       76.2      29.64      21.98
4:00pm            264          1         10         78       75.9      29.64      21.98
4:05pm            276          4          8         80       75.9      29.64      21.98
4:10pm            289          1          9         80       76.7      29.64      21.98
4:15pm            274          2          9         80       77.3      29.64      21.98
4:20pm            305          2          9         77       77.8      29.64      21.98
4:25pm            251          4          9         76       78.3      29.65      21.98
4:30pm            285          0          9         78       77.7      29.64      21.98
4:35pm            200          0          3         74       79.7      29.64      21.98
4:40pm            286          3          7         70       80.2      29.65      21.98
4:45pm            258          2          8         71       79.8      29.65      21.98
4:50pm            184          0          8         68       80.7      29.65      21.98
4:55pm            193          0          8         68       80.2      29.64      21.98
5:00pm            280          3          8         69       79.8      29.65      21.98
5:05pm            257          2          8         68       79.9      29.65      21.98
5:10pm            193          0          8         69       80.4      29.65      21.98
5:15pm            209          0          8         68       81.5      29.65      21.98
5:20pm            207          0          8         67       81.5      29.65      21.98
5:25pm            293          5          8         66       81.4      29.65      21.98
5:30pm            195          0          8         69       80.3      29.65      21.98
5:35pm            226          3          4         67       80.8      29.65      21.98
5:40pm            271          4          5         66       81.0      29.65      21.98
5:45pm            283          2          5         66       80.9      29.66      21.98
5:50pm            273          4          5         67       81.0      29.66      21.98
5:55pm            205          0          5         66       80.9      29.66      21.98
6:00pm            202          0          5         64       81.3      29.66      21.98
6:05pm            305          4          7         62       81.5      29.66      21.98
6:10pm            298          3          8         63       80.1      29.66      21.98
6:15pm            270          3          8         62       78.5      29.66      21.98
6:20pm            253          1          8         66       77.3      29.66      21.98
6:25pm            208          0          8         68       76.6      29.67      21.98
6:30pm            283          2          8         69       76.5      29.67      21.98
6:35pm            249          0          2         68       76.7      29.67      21.98
6:40pm            247          0          2         66       76.7      29.67      21.98
6:45pm            261          1          2         67       76.2      29.67      21.98
6:50pm            274          0          3         68       75.7      29.67      21.98
6:55pm            277          0          3         70       75.3      29.67      21.98
7:00pm            278          0          3         71       75.0      29.67      21.98
7:05pm            274          0          0         71       74.8      29.67      21.98
7:10pm            274          0          0         71       74.6      29.67      21.98
7:15pm            273          0          0         72       74.4      29.67      21.98
7:20pm            276          0          0         72       74.2      29.68      21.98
7:25pm            276          0          0         73       74.2      29.68      21.98
7:30pm            276          0          0         73       74.1      29.68      21.98
7:35pm            276          0          0         74       73.9      29.68      21.98
7:40pm            276          0          0         74       73.5      29.68      21.98
7:45pm            276          0          0         76       73.1      29.68      21.98
7:50pm            276          0          0         77       72.8      29.69      21.98
7:55pm            276          0          0         78       72.4      29.69      21.98
8:00pm            276          0          0         79       71.9      29.69      21.98
8:05pm            276          0          0         80       71.5      29.69      21.98
8:10pm            276          0          0         82       71.1      29.69      21.98
8:15pm            276          0          0         83       70.7      29.69      21.98
8:20pm            276          0          0         83       70.3      29.69      21.98
8:25pm            276          0          0         84       69.9      29.70      21.98
8:30pm            276          0          0         85       69.5      29.70      21.98
8:35pm            276          0          0         86       69.0      29.70      21.98
8:40pm            276          0          0         87       68.8      29.70      21.98
8:45pm            276          0          0         87       68.6      29.71      21.98
8:50pm            276          0          0         87       68.4      29.71      21.98
8:55pm            276          0          0         87       68.3      29.71      21.98
9:00pm            276          0          0         88       68.1      29.71      21.98
9:05pm            276          0          0         88       68.0      29.71      21.98
9:10pm            276          0          0         89       67.7      29.71      21.98
9:15pm            276          0          0         89       67.4      29.72      21.98
9:20pm            276          0          0         90       67.2      29.72      21.98
9:25pm            276          0          0         90       67.2      29.72      21.98
9:30pm            276          0          0         90       66.9      29.72      21.98
9:35pm            276          0          0         91       66.6      29.72      21.98
9:40pm            276          0          0         91       66.4      29.72      21.98
9:45pm            286          1          1         92       66.2      29.72      21.98
9:50pm            269          0          2         92       66.1      29.72      21.98
9:55pm            271          0          2         92       65.9      29.72      21.98
10:00pm           276          0          2         93       65.6      29.72      21.98
10:05pm           286          0          3         92       65.8      29.72      21.98
10:10pm           261          0          3         91       65.9      29.72      21.98
10:15pm           261          0          3         91       66.0      29.72      21.98
10:20pm           261          0          3         90       65.8      29.72      21.98
10:25pm           261          0          3         89       65.8      29.72      21.98
10:30pm           261          0          3         88       65.7      29.73      21.98
10:35pm           261          0          0         87       65.6      29.73      21.98
10:39pm           213          0          0         87       65.7      29.73      21.98
10:45pm           260          0          0         86       65.7      29.73      21.98
10:50pm           260          0          0         85       65.6      29.73      21.98
10:55pm           264          0          0         86       65.5      29.73      21.98
11:00pm           264          0          0         87       65.4      29.73      21.98
11:05pm           297          1          2         86       65.4      29.74      21.98
11:10pm           271          0          2         88       65.1      29.74      21.98
11:15pm           271          0          2         89       64.6      29.73      21.98
11:20pm           271          0          2         90       64.3      29.74      21.98
11:25pm           271          0          2         90       63.9      29.73      21.98
11:30pm           271          0          2         90       63.6      29.73      21.98
11:35pm           271          0          0         89       63.8      29.73      21.98
11:40pm           271          0          0         88       64.1      29.73      21.98
11:45pm           287          0          1         88       63.8      29.73      21.98
11:50pm           287          0          1         88       63.5      29.74      21.98
11:55pm           287          0          1         88       63.2      29.74      21.98
