8/22/19
Time         Wind Dir   Wind Spd  Wind Gust   Humidity       Temp  Raw Barom   Tot Rain
                    °        mph        mph          %         °F         in         in
12:00am           270          0          3         98       66.9      29.76      23.12
12:30am           270          1          7         98       66.2      29.76      23.12
1:00am            270          0          3         98       65.8      29.75      23.12
1:30am            270          0          3         98       65.2      29.75      23.12
2:00am            270          0          1         98       64.7      29.75      23.12
2:30am            292          0          3         98       64.1      29.74      23.12
3:00am            292          1          5         98       64.6      29.75      23.12
3:30am            292          0          5         98       64.1      29.75      23.12
4:00am            292          0          2         98       63.4      29.74      23.12
4:30am            270          0          2         98       62.8      29.73      23.12
5:00am            270          0          2         98       62.3      29.74      23.12
5:30am            270          0          3         98       61.8      29.74      23.12
6:00am            270          0          4         98       62.1      29.75      23.13
6:30am            270          0          0         98       62.1      29.75      23.13
7:00am            270          0          0         98       62.9      29.77      23.13
7:30am            270          0          0         97       65.7      29.77      23.13
8:00am            270          0          0         94       67.5      29.77      23.13
8:30am            292          0          2         92       70.3      29.77      23.13
9:00am            292          0          3         90       71.6      29.77      23.13
9:30am            292          1          7         86       72.9      29.78      23.13
10:00am           270          1          6         87       73.3      29.78      23.13
10:30am           270          1          5         86       73.7      29.78      23.13
11:00am           292          1          6         84       75.3      29.77      23.13
11:30am           270          1          5         82       77.7      29.77      23.13
12:00pm           270          2          9         75       79.1      29.77      23.13
12:30pm           270          2         10         74       79.4      29.76      23.13
1:00pm            270          2         10         71       79.8      29.75      23.13
1:30pm            270          2         11         69       80.1      29.75      23.13
2:00pm            270          3         11         65       80.1      29.75      23.13
2:30pm            270          3         12         60       81.1      29.75      23.13
3:00pm            270          2         11         60       82.1      29.74      23.13
3:30pm            270          3         10         55       83.7      29.74      23.13
4:00pm            270          2         13         55       83.8      29.74      23.13
4:30pm            270          2         11         52       81.4      29.74      23.13
5:00pm            270          1          8         58       80.4      29.74      23.13
5:30pm            270          2         10         55       82.0      29.75      23.13
6:00pm            270          2         14         54       80.5      29.75      23.13
6:30pm            270          1          9         61       75.8      29.75      23.13
7:00pm            270          0          3         65       73.9      29.76      23.13
7:30pm            270          0          2         73       71.3      29.77      23.13
8:00pm            270          0          1         79       69.2      29.76      23.13
8:30pm            248          0          1         82       67.8      29.78      23.13
9:00pm            202          0          3         80       67.3      29.79      23.13
9:30pm            292          0          3         78       66.8      29.79      23.13
10:00pm           292          0          0         83       65.2      29.79      23.13
10:30pm           292          0          0         85       64.4      29.80      23.13
11:00pm           292          0          0         85       64.3      29.80      23.13
11:30pm           292          0          0         85       63.6      29.81      23.13
