8/28/19
Time         Wind Dir   Wind Spd  Wind Gust   Humidity       Temp  Raw Barom   Tot Rain
                    °        mph        mph          %         °F         in         in
12:00am           202          0          1         85       60.1      29.95      23.15
12:30am           202          0          0         82       61.4      29.94      23.15
1:00am            270          0          3         78       62.3      29.93      23.15
1:30am            270          0          3         79       61.8      29.92      23.15
2:00am            270          0          1         77       62.5      29.92      23.15
2:30am            292          0          4         75       63.0      29.91      23.15
3:00am            270          0          3         77       62.8      29.91      23.15
3:30am            292          0          5         77       62.7      29.90      23.15
4:00am            270          0          3         80       62.6      29.90      23.15
4:30am            270          0          5         81       62.5      29.89      23.15
5:00am            292          0          3         82       62.4      29.89      23.15
5:30am            292          0          2         85       61.7      29.89      23.15
6:00am            292          0          0         85       61.6      29.89      23.15
6:30am            270          0          1         85       62.0      29.89      23.15
7:00am            270          0          1         85       62.5      29.89      23.15
7:30am            270          0          0         84       63.3      29.89      23.15
8:00am            270          0          0         84       64.1      29.88      23.15
8:30am            270          0          0         81       65.2      29.87      23.15
9:00am             90          0          4         73       69.0      29.87      23.15
9:30am            202          0          3         71       70.5      29.87      23.15
10:00am            90          1          6         73       70.1      29.86      23.15
10:30am            90          0          5         68       72.7      29.86      23.15
11:00am            90          0          4         65       74.8      29.86      23.15
11:30am            90          1          6         64       75.7      29.84      23.15
12:00pm            68          1          7         61       78.0      29.83      23.15
12:30pm            90          2         10         58       78.4      29.83      23.15
1:00pm            202          2         13         55       81.0      29.82      23.15
1:30pm            202          1          7         53       80.5      29.81      23.15
2:00pm             68          1          7         47       81.5      29.80      23.15
2:30pm            202          1          8         46       82.3      29.79      23.15
3:00pm            112          1          7         47       82.1      29.77      23.15
3:30pm            225          1          9         55       80.5      29.78      23.15
4:00pm             68          2          8         59       79.9      29.77      23.15
4:30pm            202          2         16         68       75.3      29.78      23.15
5:00pm            202          3         16         82       70.2      29.78      23.15
5:30pm            202          1          9         90       67.0      29.79      23.23
6:00pm             90          1          8         93       64.8      29.79      23.37
6:30pm             90          1          7         95       64.3      29.79      23.75
7:00pm             90          0          6         95       64.3      29.78      24.15
7:30pm             90          1          5         96       64.3      29.78      24.21
8:00pm            135          0          3         96       64.2      29.78      24.21
8:30pm             90          1          8         96       63.9      29.78      24.24
9:00pm             90          1          5         96       63.7      29.78      24.33
9:30pm             90          0          6         96       63.6      29.78      24.35
10:00pm            90          1          9         96       63.4      29.77      24.36
10:30pm            68          1          6         96       63.3      29.76      24.36
11:00pm            68          1          7         96       63.3      29.76      24.38
11:30pm            68          2          7         96       63.0      29.75      24.40
