9/3/19
Time         Wind Dir   Wind Spd  Wind Gust   Humidity       Temp  Raw Barom   Tot Rain
                    °        mph        mph          %         °F         in         in
12:00am           270          0          0         97       59.5      29.91      25.05
12:30am           270          0          0         98       58.4      29.92      25.05
1:00am            270          0          0         98       57.6      29.92      25.05
1:30am            270          0          0         98       57.2      29.92      25.05
2:00am            270          0          0         98       56.2      29.92      25.05
2:30am            270          0          0         98       55.5      29.93      25.05
3:00am            270          0          0         98       55.4      29.93      25.05
3:30am            270          0          0         98       55.1      29.92      25.05
4:00am            270          0          0         98       54.8      29.91      25.06
4:30am            270          0          0         98       54.6      29.91      25.06
5:00am            270          0          0         98       54.3      29.91      25.06
5:30am            270          0          0         98       54.6      29.93      25.06
6:00am            270          0          0         98       54.6      29.95      25.06
6:30am            270          0          2         98       54.5      29.96      25.06
7:00am            270          0          2         98       54.6      29.97      25.06
7:30am            292          0          2         98       55.2      29.99      25.06
8:00am            292          0          0         98       55.5      30.00      25.06
8:30am            292          0          0         97       57.6      30.00      25.06
9:00am            292          0          0         96       58.8      30.00      25.06
9:30am            270          0          3         96       60.8      30.00      25.06
10:00am           292          1          4         93       63.3      30.00      25.06
10:30am           292          1          5         87       64.9      30.01      25.06
11:00am           270          1          5         86       66.0      30.01      25.06
11:30am            90          0          4         80       66.8      30.01      25.06
12:00pm            90          0          4         78       68.0      30.00      25.06
12:30pm            90          0          4         71       69.5      29.99      25.06
1:00pm             90          0          4         70       69.9      30.00      25.06
1:30pm             68          0          4         68       71.6      29.99      25.06
2:00pm             90          0          5         65       72.3      29.98      25.06
2:30pm             90          0          5         68       72.0      29.97      25.06
3:00pm            202          0          3         65       72.0      29.97      25.06
3:30pm             90          0          1         64       73.0      29.97      25.06
4:00pm             68          0          1         67       72.5      29.97      25.06
4:30pm             68          0          0         58       78.2      29.95      25.06
5:00pm            270          0          4         50       77.5      29.94      25.06
5:30pm            292          0          3         46       80.2      29.94      25.06
6:00pm            292          0          3         51       76.6      29.94      25.06
6:30pm            292          0          0         72       70.9      29.95      25.06
7:00pm            292          0          0         81       67.4      29.95      25.06
7:30pm            292          0          0         80       65.9      29.96      25.06
8:00pm            292          0          0         87       62.8      29.96      25.06
8:30pm            292          0          0         88       62.6      29.96      25.06
9:00pm            292          0          0         89       61.9      29.96      25.06
9:30pm            292          0          0         92       60.6      29.97      25.06
10:00pm           292          0          0         94       59.9      29.97      25.06
10:30pm           292          0          0         95       58.7      29.97      25.06
11:00pm           292          0          0         96       59.1      29.96      25.06
11:30pm           292          0          0         96       60.6      29.95      25.06
