9/27/19
Time         Wind Dir   Wind Spd  Wind Gust   Humidity       Temp  Raw Barom   Tot Rain
                    °        mph        mph          %         °F         in         in
12:00am           258          0          0         97       48.9      29.82      25.98
12:05am           283          0          0         97       48.9      29.82      25.98
12:10am           282          0          2         98       48.9      29.82      25.98
12:15am           263          0          4         97       48.7      29.82      25.98
12:20am           261          0          4         97       48.5      29.83      25.98
12:25am           213          0          4         97       48.5      29.83      25.98
12:30am           255          0          4         98       48.6      29.83      25.98
12:35am           266          0          2         98       48.8      29.83      25.98
12:40am           231          2          4         98       48.9      29.83      25.98
12:45am           238          0          4         98       49.1      29.83      25.98
12:50am           205          0          4         98       49.2      29.83      25.98
12:55am           266          0          4         98       49.3      29.83      25.98
1:00am            205          0          4         98       49.3      29.84      25.98
1:05am            214          0          1         98       49.3      29.84      25.98
1:10am            214          0          1         98       49.3      29.84      25.98
1:15am            214          0          1         98       49.1      29.84      25.98
1:20am            214          0          1         98       49.0      29.85      25.98
1:25am            214          0          1         98       48.8      29.85      25.98
1:30am            214          0          1         98       48.8      29.85      25.98
1:35am            214          0          0         98       48.9      29.85      25.98
1:40am            214          0          0         98       48.7      29.85      25.98
1:45am            214          0          0         98       48.8      29.86      25.98
1:50am            214          0          0         98       48.7      29.86      25.98
1:55am            214          0          0         98       48.4      29.86      25.98
2:00am            214          0          0         98       48.1      29.86      25.98
2:05am             25          1          1         98       48.3      29.87      25.98
2:10am            283          0          1         98       48.5      29.87      25.98
2:15am            274          0          1         98       48.5      29.87      25.98
2:20am            282          0          2         98       48.3      29.87      25.98
2:25am            258          0          2         98       48.1      29.88      25.98
2:30am            276          0          2         98       47.9      29.88      25.98
2:35am            284          0          2         98       47.7      29.88      25.98
2:40am            269          0          2         98       47.5      29.88      25.98
2:45am            277          0          2         98       47.4      29.88      25.98
2:50am            274          1          2         98       47.3      29.89      25.98
2:55am            284          0          3         98       47.3      29.89      25.98
3:00am            278          0          3         98       47.3      29.90      25.98
3:05am            264          1          2         98       47.2      29.90      25.98
3:10am            278          0          2         98       47.1      29.90      25.98
3:15am            278          0          2         98       47.2      29.89      25.98
3:20am            278          0          2         98       47.1      29.90      25.98
3:25am            278          0          2         98       46.8      29.90      25.98
3:30am            278          0          2         98       46.6      29.90      25.98
3:35am            278          0          0         98       46.2      29.90      25.98
3:40am            278          0          0         98       46.0      29.90      25.98
3:45am            278          0          0         98       45.9      29.91      25.98
3:50am            269          0          1         98       45.7      29.91      25.98
3:55am            285          0          1         98       45.8      29.92      25.98
4:00am            274          0          1         98       45.9      29.92      25.98
4:05am            278          0          1         98       45.8      29.93      25.98
4:10am            261          0          2         98       45.8      29.93      25.98
4:15am            265          0          2         98       45.6      29.93      25.98
4:20am            276          0          2         98       45.6      29.93      25.98
4:25am            274          0          2         98       45.2      29.93      25.98
4:30am            271          0          2         98       45.2      29.93      25.98
4:35am            261          0          1         98       45.2      29.93      25.98
4:40am            269          0          1         98       45.2      29.93      25.98
4:45am            278          0          1         98       45.1      29.93      25.98
4:50am            271          0          1         98       44.7      29.93      25.98
4:55am            279          0          1         98       44.4      29.93      25.98
5:00am            279          0          1         98       44.3      29.94      25.98
5:05am            279          0          0         98       44.3      29.94      25.98
5:10am            279          0          0         98       44.2      29.94      25.98
5:15am            279          0          0         98       44.0      29.94      25.98
5:20am            279          0          0         98       44.0      29.94      25.98
5:25am            279          0          0         98       43.9      29.94      25.98
5:30am            279          0          0         98       43.9      29.95      25.98
5:35am            279          0          0         98       43.9      29.95      25.98
5:40am            279          0          0         98       43.6      29.95      25.98
5:45am            279          0          1         98       43.5      29.95      25.99
5:50am            276          0          1         98       43.3      29.95      25.99
5:55am            276          0          1         98       43.2      29.95      25.99
5:59am            276          0          1         98       43.1      29.96      25.99
6:05am            276          0          1         98       43.2      29.96      25.99
6:10am            276          0          1         98       43.2      29.96      25.99
6:15am            276          0          1         98       43.2      29.96      25.99
6:20am            280          0          1         98       43.2      29.97      25.99
6:25am            271          0          1         98       43.3      29.97      25.99
6:30am            224          0          1         98       43.1      29.97      25.99
6:35am            224          0          0         98       42.8      29.97      25.99
6:40am            224          0          0         98       42.4      29.97      25.99
6:44am            224          0          0         98       42.4      29.97      25.99
6:50am            224          0          0         98       42.4      29.97      25.99
6:55am            224          0          0         98       42.3      29.98      25.99
7:00am            224          0          0         98       42.2      29.98      25.99
7:05am            224          0          0         98       42.2      29.98      25.99
7:10am            267          0          0         98       42.2      29.98      25.99
7:15am            260          0          0         98       42.2      29.99      25.99
7:20am            290          0          0         98       42.5      29.99      25.99
7:25am            271          0          0         98       42.8      29.99      25.99
7:30am            269          0          0         98       43.5      30.00      25.99
7:35am            231          0          0         98       44.3      30.00      25.99
7:40am            266          0          2         98       44.6      30.00      25.99
7:45am            275          0          2         98       45.1      30.00      25.99
7:50am            243          0          2         98       45.7      30.00      25.99
7:55am            219          0          2         98       46.5      30.01      25.99
8:00am            205          0          2         98       47.2      30.01      25.99
8:05am            278          0          1         97       47.1      30.01      25.99
8:10am            255          0          1         97       47.4      30.02      25.99
8:15am            254          0          1         97       48.0      30.02      25.99
8:20am            269          0          1         97       48.4      30.02      25.99
8:25am            272          1          2         97       48.6      30.02      25.99
8:30am            271          0          2         96       48.8      30.02      25.99
8:35am            259          1          1         97       49.1      30.01      25.99
8:40am            275          1          1         97       49.6      30.02      25.99
8:45am            262          0          2         97       50.0      30.02      25.99
8:50am            256          0          2         97       50.8      30.03      25.99
8:55am            271          0          2         97       51.0      30.03      25.99
9:00am            282          2          4         96       51.0      30.03      25.99
9:05am            262          0          2         96       51.3      30.03      25.99
9:10am            282          2          4         96       51.8      30.03      25.99
9:15am            263          0          4         95       52.1      30.03      25.99
9:20am            200          0          4         94       52.4      30.03      25.99
9:25am            251          1          4         94       52.6      30.03      25.99
9:30am            283          0          4         94       52.9      30.03      25.99
9:35am            275          4          4         93       53.2      30.03      25.99
9:40am            261          0          4         91       53.4      30.03      25.99
9:45am            250          0          4         93       54.0      30.04      25.99
9:50am            284          2          5         92       54.5      30.03      25.99
9:55am            240          0          5         91       54.6      30.03      25.99
10:00am           276          0          5         90       55.1      30.03      25.99
10:05am           271          4          5         89       55.5      30.04      25.99
10:10am           272          1          6         89       55.9      30.04      25.99
10:15am           264          0          6         88       56.5      30.03      25.99
10:20am           279          0          6         86       57.3      30.03      25.99
10:25am           278          1          6         84       57.7      30.03      25.99
10:30am           293          0          6         85       58.3      30.03      25.99
10:35am           270          2          3         83       58.8      30.03      25.99
10:40am           266          3          5         82       59.0      30.04      25.99
10:45am           273          2          6         82       59.0      30.04      25.99
10:50am           273          2          6         79       59.4      30.04      25.99
10:55am           256          2          6         80       59.4      30.04      25.99
11:00am           273          1          6         77       59.7      30.04      25.99
11:05am           270          1          4         74       59.9      30.04      25.99
11:10am           257          0          4         76       60.6      30.04      25.99
11:15am           271          0          4         71       61.1      30.04      25.99
11:20am           246          0          4         71       61.7      30.03      25.99
11:25am           302          2          4         71       62.1      30.04      25.99
11:30am           277          2          4         69       62.1      30.04      25.99
11:35am           170          0          5         70       62.0      30.04      25.99
11:40am           138          0          5         68       62.3      30.04      25.99
11:45am           134          0          5         68       62.7      30.04      25.99
11:50am           262          0          5         68       63.0      30.04      25.99
11:55am           250          0          5         66       63.1      30.04      25.99
12:00pm           171          0          5         70       63.4      30.04      25.99
12:05pm           199          0          2         66       63.7      30.05      25.99
12:10pm           281          1          2         65       64.4      30.04      25.99
12:15pm           304          0          5         61       64.4      30.04      25.99
12:20pm           184          0          5         64       64.4      30.04      25.99
12:25pm           289          3          5         62       64.1      30.04      25.99
12:30pm           276          2          5         62       64.0      30.04      25.99
12:35pm           276          2          5         59       64.1      30.04      25.99
12:40pm           221          0          5         63       63.7      30.04      25.99
12:45pm           222          0          5         61       64.4      30.04      25.99
12:50pm           159          0          5         60       65.1      30.04      25.99
12:55pm           124          0          5         56       65.1      30.03      25.99
1:00pm             81          0          5         58       65.2      30.03      25.99
1:05pm            211          0          0         56       65.3      30.03      25.99
1:10pm            258          2          4         56       65.8      30.03      25.99
1:15pm            255          2          5         54       65.5      30.03      25.99
1:20pm            285          2          5         59       65.5      30.03      25.99
1:25pm            203          0          5         57       65.4      30.03      25.99
1:30pm            211          0          5         54       65.6      30.03      25.99
1:35pm            256          0          5         52       65.7      30.03      25.99
1:40pm            280          1          5         54       65.8      30.03      25.99
1:45pm            262          0          5         56       65.6      30.03      25.99
1:50pm            254          0          5         52       66.3      30.03      25.99
1:55pm            282          1          5         51       67.0      30.03      25.99
1:59pm            300          2          5         52       66.8      30.03      25.99
2:05pm            262          0          4         55       66.8      30.03      25.99
2:10pm            183          1          4         54       67.2      30.03      25.99
2:15pm            256          0          6         54       67.3      30.03      25.99
2:20pm             96          1          6         53       67.4      30.03      25.99
2:25pm            275          1          7         52       67.4      30.02      25.99
2:30pm            282          5          7         53       67.6      30.02      25.99
2:35pm            249          0          6         52       67.7      30.02      25.99
2:40pm            215          0          6         52       68.7      30.02      25.99
2:45pm             23          2          6         51       69.2      30.02      25.99
2:50pm             72          1          6         50       68.8      30.01      25.99
2:55pm            228          0          6         49       69.3      30.01      25.99
2:59pm            209          0          6         47       69.6      30.01      25.99
3:05pm            265          0          3         46       69.9      30.01      25.99
3:10pm            283          2          4         45       70.3      30.01      25.99
3:15pm            257          1          5         50       70.1      30.01      25.99
3:20pm             63          2          6         47       70.1      30.01      25.99
3:25pm            167          0          6         47       70.5      30.00      25.99
3:30pm            242          0          6         46       71.1      30.00      25.99
3:35pm            281          0          6         45       70.8      30.00      25.99
3:40pm            298          0          6         47       71.1      30.00      25.99
3:45pm            280          2          6         45       71.1      30.00      25.99
3:50pm            210          2          6         45       71.6      30.00      25.99
3:55pm            306          0          6         42       71.3      30.00      25.99
3:59pm            238          0          6         45       71.2      30.00      25.99
4:05pm            247          0          4         44       71.1      30.00      25.99
4:10pm            276          2          5         43       71.2      30.00      25.99
4:15pm            264          0          5         46       71.2      30.00      25.99
4:20pm            295          3          6         43       71.2      30.00      25.99
4:25pm            236          1          6         46       71.3      30.00      25.99
4:30pm            165          0          6         45       72.2      30.00      25.99
4:35pm            281          3          5         45       72.3      30.00      25.99
4:40pm            233          0          5         46       71.6      30.00      25.99
4:45pm            266          0          5         45       72.4      30.00      25.99
4:50pm            285          4          5         47       72.2      30.01      25.99
4:55pm            302          0          6         45       71.7      30.00      25.99
5:00pm            219          1          6         47       72.7      30.01      25.99
5:05pm            288          2          3         46       73.0      30.01      25.99
5:10pm            270          1          5         46       71.3      30.01      25.99
5:15pm            291          1          5         48       71.2      30.01      25.99
5:20pm            279          2          5         46       71.7      30.01      25.99
5:25pm            262          0          5         47       72.3      30.01      25.99
5:30pm            213          0          5         46       72.2      30.01      25.99
5:35pm            244          0          1         47       72.4      30.01      25.99
5:40pm            240          0          1         49       72.0      30.01      25.99
5:45pm            236          0          1         49       72.2      30.01      25.99
5:50pm            236          0          1         50       72.4      30.01      25.99
5:55pm            236          0          1         49       72.7      30.02      25.99
6:00pm            236          0          1         51       71.7      30.02      25.99
6:05pm            236          0          0         55       69.7      30.02      25.99
6:10pm            236          0          0         60       67.5      30.02      25.99
6:15pm            236          0          0         63       65.7      30.03      25.99
6:20pm            236          0          0         68       64.1      30.03      25.99
6:25pm            236          0          0         70       62.7      30.02      25.99
6:30pm            280          0          0         69       62.1      30.02      25.99
6:35pm            291          0          1         71       61.9      30.02      25.99
6:40pm            271          0          1         71       61.6      30.02      25.99
6:45pm            290          0          1         71       61.4      30.02      25.99
6:50pm            291          0          1         71       61.2      30.01      25.99
6:55pm            286          0          1         71       61.2      30.01      25.99
6:59pm            277          0          1         70       61.1      30.02      25.99
7:05pm            278          0          0         70       60.8      30.02      25.99
7:10pm            278          0          0         74       60.2      30.02      25.99
7:15pm            278          0          0         75       59.4      30.02      25.99
7:20pm            278          0          0         77       58.7      30.02      25.99
7:25pm            277          0          0         77       57.9      30.02      25.99
7:30pm            277          0          0         78       57.7      30.02      25.99
7:35pm            210          0          0         80       57.3      30.02      25.99
7:40pm            180          0          0         80       56.9      30.02      25.99
7:45pm            180          0          0         81       56.8      30.02      25.99
7:50pm            257          1          8         82       56.4      30.03      25.99
7:55pm            255          0          8         85       55.7      30.03      25.99
7:59pm            255          0          8         86       55.2      30.03      25.99
8:05pm            255          0          0         87       54.6      30.03      25.99
8:10pm            255          0          0         87       54.2      30.03      25.99
8:15pm            255          0          0         88       54.1      30.04      25.99
8:20pm            255          0          0         87       53.9      30.04      25.99
8:25pm            231          0          1         88       53.7      30.03      25.99
8:30pm            231          0          1         87       53.6      30.03      25.99
8:35pm            231          0          0         87       53.7      30.03      25.99
8:40pm            231          0          0         87       53.7      30.03      25.99
8:45pm            231          0          0         86       53.8      30.03      25.99
8:50pm            231          0          0         86       53.8      30.03      25.99
8:55pm            231          0          0         86       53.6      30.04      25.99
8:59pm            231          0          0         87       53.4      30.04      25.99
9:05pm            231          0          0         88       53.3      30.04      25.99
9:10pm            231          0          0         88       53.3      30.04      25.99
9:15pm            231          0          0         89       53.4      30.04      25.99
9:20pm            231          0          0         90       53.3      30.04      25.99
9:25pm            231          0          0         90       53.0      30.04      25.99
9:30pm            231          0          0         90       53.2      30.04      25.99
9:35pm            244          0          0         90       53.2      30.03      25.99
9:40pm            245          0          0         90       53.1      30.03      25.99
9:45pm            267          0          1         90       52.9      30.03      25.99
9:50pm            284          0          1         90       52.5      30.04      25.99
9:55pm            283          0          1         91       52.1      30.04      25.99
9:59pm            238          0          1         92       52.0      30.04      25.99
10:05pm           261          0          0         92       51.9      30.04      25.99
10:10pm           276          0          1         92       51.6      30.04      25.99
10:15pm           276          0          1         92       51.5      30.04      25.99
10:20pm           277          0          1         93       51.7      30.04      25.99
10:25pm            23          0          1         92       51.7      30.04      25.99
10:30pm            23          0          1         92       51.6      30.04      25.99
10:35pm           342          0          1         93       51.7      30.03      25.99
10:40pm           293          0          1         93       51.8      30.03      25.99
10:45pm            54          0          1         93       52.0      30.03      25.99
10:50pm            56          0          1         93       52.3      30.03      25.99
10:55pm           292          0          1         93       52.4      30.03      25.99
10:59pm           303          0          1         93       52.2      30.03      25.99
11:05pm             8          0          0         93       52.3      30.03      25.99
11:10pm             8          0          0         93       52.4      30.03      25.99
11:15pm           298          0          3         93       52.8      30.03      25.99
11:20pm           214          0          3         89       53.8      30.03      25.99
11:25pm           283          0          3         88       53.4      30.03      25.99
11:30pm           280          0          3         89       52.3      30.03      25.99
11:35pm           268          0          1         90       51.5      30.03      25.99
11:40pm           268          0          1         91       50.9      30.03      25.99
11:45pm           273          0          2         93       51.0      30.03      25.99
11:50pm           273          0          2         92       51.8      30.03      25.99
11:55pm           281          0          2         91       52.1      30.04      25.99
