9/20/19
Time         Wind Dir   Wind Spd  Wind Gust   Humidity       Temp  Raw Barom   Tot Rain
                    °        mph        mph          %         °F         in         in
12:00am           266          0          1         95       41.6      30.20      25.57
12:05am           266          0          0         95       41.6      30.20      25.57
12:10am           266          0          1         95       41.6      30.20      25.57
12:15am           274          0          1         95       41.6      30.20      25.57
12:20am           273          0          1         94       41.3      30.20      25.57
12:25am           274          0          1         94       41.0      30.20      25.57
12:30am           274          0          1         94       40.8      30.19      25.57
12:35am           274          0          0         95       40.6      30.20      25.57
12:40am           269          0          1         95       40.5      30.20      25.57
12:45am           261          0          1         95       40.5      30.20      25.57
12:50am           261          0          1         95       40.3      30.20      25.57
12:55am           265          0          1         95       40.0      30.20      25.57
1:00am            264          0          1         95       39.8      30.20      25.57
1:05am            265          0          0         95       39.8      30.20      25.57
1:10am            265          0          0         95       39.7      30.20      25.57
1:15am            265          0          0         95       39.5      30.20      25.57
1:20am            265          0          0         95       39.4      30.20      25.57
1:25am            265          0          0         95       39.3      30.20      25.57
1:30am            265          0          0         95       39.2      30.20      25.57
1:35am            265          0          0         95       39.1      30.20      25.57
1:40am            265          0          1         95       38.9      30.20      25.57
1:45am            265          0          1         95       38.9      30.19      25.57
1:50am            265          0          1         95       38.7      30.19      25.57
1:55am            265          0          1         96       38.7      30.19      25.57
2:00am            265          0          1         96       38.6      30.19      25.57
2:05am            265          0          0         96       38.5      30.19      25.57
2:10am            265          0          0         96       38.4      30.18      25.57
2:15am            265          0          0         96       38.4      30.18      25.57
2:20am            265          0          0         96       38.2      30.18      25.57
2:25am            265          0          0         96       38.1      30.18      25.57
2:30am            265          0          0         96       38.1      30.18      25.57
2:35am            265          0          0         96       38.1      30.18      25.57
2:40am            265          0          0         96       38.1      30.18      25.57
2:45am            265          0          0         96       38.1      30.17      25.57
2:50am            265          0          0         96       38.2      30.17      25.57
2:55am            269          0          0         96       38.1      30.17      25.57
3:00am            266          0          0         96       38.1      30.17      25.57
3:05am            266          0          0         96       38.0      30.17      25.57
3:10am            266          0          0         96       37.9      30.17      25.57
3:15am            255          0          0         96       37.8      30.16      25.57
3:20am            255          0          0         96       37.7      30.16      25.57
3:25am            256          0          0         96       37.6      30.17      25.57
3:30am            255          0          0         96       37.5      30.16      25.57
3:35am            256          0          0         96       37.4      30.16      25.57
3:40am            256          0          0         96       37.4      30.17      25.57
3:45am            256          0          0         96       37.4      30.17      25.57
3:50am            256          0          0         96       37.4      30.17      25.57
3:55am            256          0          0         96       37.5      30.17      25.57
4:00am            256          0          0         96       37.4      30.17      25.57
4:05am            256          0          0         96       37.5      30.17      25.57
4:10am            256          0          0         96       37.5      30.17      25.58
4:15am            261          0          0         97       37.6      30.17      25.58
4:20am            261          0          0         97       37.5      30.17      25.58
4:25am            261          0          0         96       37.3      30.17      25.58
4:30am            260          0          0         96       37.1      30.17      25.58
4:35am            261          0          0         96       37.1      30.17      25.58
4:40am            261          0          0         96       37.2      30.17      25.58
4:45am            261          0          0         96       37.2      30.17      25.58
4:50am            261          0          0         96       37.1      30.17      25.58
4:55am            231          0          0         96       37.0      30.17      25.58
5:00am            234          0          0         96       37.0      30.17      25.58
5:05am            234          0          0         96       36.8      30.17      25.58
5:10am            248          0          0         96       36.8      30.17      25.58
5:15am            248          0          0         96       36.8      30.17      25.58
5:20am            254          0          0         97       36.9      30.17      25.58
5:25am            256          0          0         97       36.9      30.16      25.58
5:30am            256          0          0         97       36.8      30.17      25.58
5:35am            264          0          0         97       36.9      30.17      25.58
5:40am            264          0          0         97       36.8      30.17      25.58
5:45am            261          0          0         97       36.8      30.17      25.58
5:50am            260          0          0         97       36.9      30.17      25.58
5:55am            228          0          0         97       37.1      30.17      25.58
6:00am            228          0          0         97       37.1      30.17      25.58
6:05am            217          0          0         97       37.0      30.17      25.58
6:10am            217          0          0         97       36.9      30.17      25.58
6:15am            217          0          0         97       37.0      30.17      25.58
6:19am            246          0          0         97       37.3      30.17      25.58
6:25am            271          0          0         97       37.7      30.17      25.58
6:30am            264          0          0         97       37.7      30.17      25.58
6:35am            267          0          0         97       37.8      30.17      25.58
6:40am            267          0          0         97       37.7      30.17      25.58
6:45am            205          0          0         97       37.6      30.17      25.58
6:50am            262          0          0         97       37.6      30.18      25.58
6:55am            273          0          0         97       37.4      30.18      25.58
7:00am            248          0          0         97       37.3      30.18      25.58
7:05am            257          0          0         97       37.3      30.18      25.58
7:10am            257          0          0         97       37.3      30.18      25.58
7:15am            257          0          0         97       37.5      30.18      25.58
7:20am            210          0          0         97       37.8      30.18      25.58
7:25am            224          0          1         97       38.9      30.18      25.58
7:30am            257          0          1         97       40.3      30.18      25.58
7:35am            257          0          0         97       41.2      30.18      25.58
7:40am            240          0          1         97       41.9      30.18      25.58
7:45am            243          0          1         96       42.8      30.18      25.58
7:50am            259          0          1         96       43.5      30.19      25.58
7:55am            297          2          2         94       43.7      30.19      25.58
8:00am            258          0          2         94       43.5      30.19      25.58
8:05am            255          0          1         94       44.0      30.19      25.58
8:10am            267          0          1         93       44.5      30.19      25.58
8:15am            266          0          1         93       45.4      30.19      25.58
8:20am            275          0          1         92       46.0      30.19      25.58
8:25am            283          1          4         92       46.2      30.19      25.58
8:30am            284          0          4         91       46.7      30.19      25.58
8:35am            224          0          2         90       47.2      30.19      25.58
8:40am            274          0          2         90       47.9      30.19      25.58
8:45am            271          0          3         88       48.3      30.19      25.58
8:50am            288          1          3         88       48.4      30.19      25.58
8:55am            272          1          3         88       48.7      30.19      25.58
9:00am            255          0          4         87       49.3      30.19      25.58
9:05am            273          1          3         87       49.8      30.19      25.58
9:10am            250          0          3         86       50.5      30.19      25.58
9:15am            271          1          4         83       51.1      30.19      25.58
9:20am            250          0          4         82       51.4      30.19      25.58
9:25am            246          0          5         82       51.6      30.19      25.58
9:30am            267          0          6         81       52.2      30.19      25.58
9:35am            283          3          4         81       52.8      30.19      25.58
9:40am            256          2          5         80       52.9      30.19      25.58
9:45am            266          0          5         80       53.5      30.18      25.58
9:50am            247          1          5         79       54.2      30.18      25.58
9:55am            270          0          5         78       55.1      30.18      25.58
10:00am           280          1          5         75       55.8      30.18      25.58
10:05am           284          2          4         74       56.5      30.18      25.58
10:10am           255          2          4         73       57.1      30.18      25.58
10:15am           256          0          4         73       58.0      30.18      25.58
10:20am           250          0          5         72       58.4      30.18      25.58
10:25am           276          1          5         70       59.1      30.18      25.58
10:30am           271          6          6         69       59.7      30.18      25.58
10:35am           295          3          6         70       60.0      30.18      25.58
10:40am           218          0          6         68       60.7      30.18      25.58
10:45am           160          0          6         68       61.6      30.17      25.58
10:50am           288          2          6         65       62.2      30.17      25.58
10:55am           302          1          6         64       62.3      30.17      25.58
11:00am           250          0          6         66       62.5      30.17      25.58
11:05am           284          2          5         64       63.1      30.17      25.58
11:10am           308          1          5         65       64.0      30.16      25.58
11:15am           301          3          5         62       64.3      30.16      25.58
11:20am           306          1          5         63       64.9      30.16      25.58
11:25am           288          1          5         61       65.5      30.16      25.58
11:30am           290          0          5         62       65.9      30.16      25.58
11:35am           281          2          6         60       66.2      30.15      25.58
11:40am           267          1          6         61       66.7      30.15      25.58
11:45am           274          2          8         60       67.0      30.14      25.58
11:50am           275          0          8         59       67.7      30.15      25.58
11:55am           297          0          8         63       68.3      30.15      25.58
11:59am           289          3          8         54       69.0      30.15      25.58
12:05pm           267          4          6         54       69.4      30.14      25.58
12:10pm            94          2          6         57       69.8      30.14      25.58
12:15pm           169          0          6         54       70.7      30.14      25.58
12:20pm           326          1          6         55       70.8      30.14      25.58
12:25pm           263          3          9         52       70.9      30.14      25.58
12:30pm           231          0          9         52       70.9      30.13      25.58
12:35pm           268          4          8         50       71.2      30.13      25.58
12:40pm           178          3          8         51       71.2      30.13      25.58
12:45pm           257          2          8         50       71.8      30.12      25.58
12:50pm           267          0          8         49       72.1      30.12      25.58
12:55pm           282          3          8         49       72.4      30.12      25.58
1:00pm             97          0          8         49       72.5      30.12      25.58
1:05pm            169          0          4         48       72.7      30.12      25.58
1:10pm            267          0          4         45       72.6      30.11      25.58
1:15pm            309          0          5         46       72.5      30.11      25.58
1:20pm            141          0          5         48       73.6      30.11      25.58
1:25pm            245          0          5         46       74.1      30.11      25.58
1:30pm            130          0          5         43       74.3      30.11      25.58
1:35pm             94          0          3         43       74.5      30.10      25.58
1:40pm            103          1          4         40       74.9      30.10      25.58
1:45pm            200          0          5         40       74.6      30.10      25.58
1:50pm            271          0          5         41       74.7      30.10      25.58
1:55pm            257          0          5         43       74.5      30.09      25.58
1:59pm             73          0          5         43       75.1      30.09      25.58
2:05pm            186          1          2         41       75.6      30.09      25.58
2:10pm             72          1          5         40       75.4      30.09      25.58
2:15pm            116          0          5         40       75.6      30.09      25.58
2:20pm            205          0          5         39       76.0      30.09      25.58
2:25pm            271          2          6         39       76.3      30.08      25.58
2:30pm            288          0          6         39       76.8      30.08      25.58
2:35pm            252          2          5         39       76.0      30.08      25.58
2:40pm            286          5          6         39       75.7      30.08      25.58
2:45pm            109          1          6         39       76.1      30.08      25.58
2:50pm            274          1          6         39       76.4      30.08      25.58
2:55pm            133          0          6         39       76.9      30.07      25.58
3:00pm            209          0          6         38       76.8      30.07      25.58
3:05pm            149          0          4         38       77.3      30.07      25.58
3:10pm             79          5          5         38       77.7      30.07      25.58
3:15pm            238          0          5         37       77.9      30.07      25.58
3:20pm            176          0          5         36       78.0      30.07      25.58
3:25pm            269          2          5         35       78.4      30.07      25.58
3:30pm            304          2          6         38       77.8      30.07      25.58
3:35pm            249          0          5         37       77.9      30.07      25.58
3:40pm             74          0          5         37       78.4      30.07      25.58
3:45pm            231          0          5         36       78.9      30.07      25.58
3:50pm            214          0          5         37       80.0      30.07      25.58
3:55pm            285          0          5         34       79.7      30.07      25.58
4:00pm            117          0          5         37       79.3      30.06      25.58
4:05pm            296          0          4         34       79.6      30.06      25.58
4:10pm            351          1          4         36       79.3      30.06      25.58
4:15pm            221          0          4         37       79.3      30.06      25.58
4:20pm            276          0          6         35       79.0      30.06      25.58
4:25pm            304          0          6         37       78.7      30.06      25.58
4:30pm            294          1          6         38       78.6      30.06      25.58
4:35pm            267          2          5         38       78.8      30.06      25.58
4:40pm            250          0          5         39       79.6      30.06      25.58
4:45pm            252          3          5         39       79.9      30.07      25.58
4:50pm            272          2          8         42       78.3      30.07      25.58
4:55pm            277          0          8         42       78.7      30.06      25.58
4:59pm            224          1          8         41       79.0      30.07      25.58
5:05pm            273          0          3         43       78.9      30.07      25.58
5:10pm             60          0          4         41       79.0      30.06      25.58
5:15pm            288          3          4         43       78.8      30.06      25.58
5:20pm            207          0          4         43       79.2      30.06      25.58
5:25pm            115          0          4         42       80.4      30.07      25.58
5:30pm            260          0          4         41       80.0      30.07      25.58
5:35pm            255          0          0         43       80.2      30.06      25.58
5:40pm            192          0          2         42       80.3      30.07      25.58
5:45pm            275          0          2         44       79.8      30.07      25.58
5:50pm            285          0          2         45       79.7      30.07      25.58
5:55pm            285          0          2         46       79.6      30.07      25.58
6:00pm            285          0          2         46       79.8      30.07      25.58
6:05pm            272          0          1         46       79.5      30.07      25.58
6:10pm            272          0          1         48       78.6      30.07      25.58
6:15pm            272          0          1         51       76.5      30.07      25.58
6:20pm            272          0          1         56       73.6      30.07      25.58
6:25pm            272          0          1         60       71.4      30.07      25.58
6:29pm            272          0          1         62       69.8      30.07      25.58
6:35pm            272          0          0         66       68.5      30.07      25.58
6:40pm            265          0          2         68       67.6      30.07      25.58
6:45pm            265          0          2         69       66.7      30.07      25.58
6:50pm            265          0          2         71       66.0      30.07      25.58
6:55pm            270          1          2         71       65.5      30.07      25.58
6:59pm            271          0          3         71       65.0      30.07      25.58
7:05pm            260          0          1         71       64.8      30.07      25.58
7:10pm            284          0          1         72       64.6      30.08      25.58
7:15pm            284          0          1         72       64.4      30.08      25.58
7:20pm            284          0          1         71       64.1      30.08      25.58
7:25pm            231          0          1         67       63.8      30.08      25.58
7:30pm            277          0          2         67       64.2      30.08      25.58
7:35pm            267          0          1         68       64.2      30.08      25.58
7:40pm            270          0          1         69       63.9      30.08      25.58
7:45pm            278          0          1         72       63.1      30.09      25.58
7:50pm            278          0          1         72       62.4      30.08      25.58
7:55pm            271          0          1         72       62.2      30.09      25.58
7:59pm            280          0          2         71       62.3      30.09      25.58
8:05pm            275          0          0         71       62.0      30.08      25.58
8:10pm            275          0          0         71       61.6      30.08      25.58
8:15pm            275          0          0         72       61.3      30.09      25.58
8:20pm            275          0          0         72       60.9      30.09      25.58
8:25pm            275          0          0         74       60.6      30.09      25.58
8:30pm            275          0          1         75       60.1      30.09      25.58
8:35pm            275          0          0         77       59.4      30.09      25.58
8:40pm            275          0          0         78       58.8      30.09      25.58
8:45pm            275          0          0         80       58.3      30.09      25.58
8:50pm            275          0          0         83       57.8      30.09      25.58
8:55pm            275          0          0         85       57.5      30.09      25.58
9:00pm            275          0          0         86       57.0      30.09      25.58
9:05pm            226          0          0         86       56.7      30.09      25.58
9:10pm            221          0          0         87       56.4      30.09      25.58
9:15pm            221          0          0         87       56.2      30.09      25.58
9:20pm            213          0          0         88       56.0      30.10      25.58
9:25pm            214          0          0         87       55.7      30.10      25.58
9:29pm            217          0          0         87       55.5      30.10      25.58
9:35pm            217          0          0         87       55.3      30.10      25.58
9:39pm            217          0          0         87       55.1      30.10      25.58
9:44pm            217          0          0         87       54.9      30.10      25.58
9:50pm            217          0          0         87       54.7      30.10      25.58
9:55pm            184          0          0         87       54.7      30.09      25.58
10:00pm           184          0          0         87       54.7      30.09      25.58
10:05pm           184          0          0         87       54.7      30.10      25.58
10:09pm           184          0          0         86       54.8      30.10      25.58
10:15pm           184          0          0         86       54.8      30.10      25.58
10:20pm           184          0          0         87       54.6      30.09      25.58
10:24pm           184          0          0         87       54.4      30.10      25.58
10:29pm           184          0          0         88       54.2      30.10      25.58
10:34pm           184          0          0         88       54.0      30.09      25.58
10:40pm           184          0          0         88       53.8      30.09      25.58
10:44pm           233          0          0         89       53.7      30.09      25.58
10:50pm           233          0          0         89       53.6      30.09      25.58
10:55pm           233          0          0         89       53.4      30.09      25.58
10:59pm           233          0          0         90       53.2      30.09      25.58
11:04pm           233          0          0         90       53.0      30.09      25.58
11:10pm           233          0          0         90       52.9      30.10      25.58
11:14pm           233          0          0         90       53.0      30.10      25.58
11:20pm           233          0          0         89       53.0      30.10      25.58
11:25pm           233          0          0         89       53.2      30.10      25.58
11:30pm           233          0          0         89       53.4      30.10      25.58
11:35pm           233          0          0         89       53.4      30.10      25.58
11:39pm           276          0          1         89       53.2      30.10      25.58
11:44pm           276          0          1         90       53.0      30.10      25.58
11:50pm           279          0          1         90       52.9      30.10      25.58
11:55pm           282          0          1         90       52.9      30.10      25.58
