10/14/19
Time         Wind Dir   Wind Spd  Wind Gust   Humidity       Temp  Raw Barom   Tot Rain
                    °        mph        mph          %         °F         in         in
12:00am           285          0          0         93       41.8      29.96      27.54
12:05am           274          0          0         93       41.6      29.96      27.54
12:10am           274          0          0         93       41.5      29.96      27.54
12:15am           274          0          0         92       41.1      29.96      27.54
12:20am           274          0          0         93       41.0      29.96      27.54
12:25am           274          0          0         93       40.8      29.95      27.54
12:30am           274          0          0         93       40.6      29.96      27.54
12:35am           274          0          0         93       40.6      29.96      27.54
12:40am           274          0          0         93       40.4      29.95      27.54
12:45am           274          0          0         93       40.2      29.95      27.54
12:50am           274          0          0         94       40.3      29.95      27.54
12:55am           274          0          0         93       40.2      29.95      27.54
1:00am            274          0          0         93       40.1      29.95      27.54
1:05am            274          0          0         94       40.1      29.95      27.54
1:10am            274          0          0         93       39.8      29.95      27.54
1:15am            274          0          0         94       39.7      29.95      27.54
1:20am            274          0          0         94       39.9      29.96      27.54
1:25am            274          0          0         94       39.8      29.96      27.54
1:30am            274          0          0         94       39.7      29.96      27.54
1:35am            274          0          0         94       39.7      29.96      27.54
1:40am            274          0          0         94       39.6      29.96      27.54
1:45am            274          0          0         95       39.7      29.96      27.54
1:50am            274          0          0         95       39.7      29.96      27.54
1:55am            274          0          0         95       39.9      29.96      27.54
2:00am            274          0          0         96       40.4      29.96      27.54
2:05am            284          0          0         95       40.0      29.96      27.54
2:10am            279          0          0         94       39.5      29.96      27.54
2:15am            279          0          0         94       39.1      29.96      27.54
2:20am            282          0          0         94       39.0      29.96      27.54
2:25am            282          0          0         95       38.8      29.95      27.54
2:30am            281          0          0         95       38.8      29.95      27.54
2:35am            282          0          0         95       38.5      29.95      27.54
2:40am            282          0          0         95       38.3      29.94      27.54
2:45am            282          0          0         96       38.5      29.94      27.54
2:50am            282          0          0         96       39.2      29.94      27.54
2:55am            282          0          0         97       39.9      29.94      27.54
3:00am            147          0          0         97       40.0      29.93      27.54
3:05am            148          0          0         97       40.5      29.93      27.54
3:10am             81          0          1         97       41.3      29.93      27.54
3:15am            101          0          3         97       42.1      29.93      27.54
3:20am            139          0          3         97       42.5      29.93      27.54
3:25am            139          0          3         97       42.2      29.92      27.54
3:30am            139          0          3         96       41.5      29.93      27.54
3:35am             61          2          2         96       41.2      29.93      27.54
3:40am             86          0          2         97       42.0      29.93      27.54
3:45am            117          0          2         97       42.4      29.92      27.54
3:50am            117          0          2         96       41.9      29.93      27.54
3:55am            117          0          2         95       41.4      29.93      27.54
4:00am            117          0          2         95       41.1      29.93      27.54
4:05am            117          0          0         95       40.6      29.92      27.54
4:10am            113          0          2         96       40.9      29.92      27.54
4:15am            139          1          3         97       42.2      29.92      27.54
4:20am             95          2          5         97       43.0      29.92      27.54
4:25am             70          1          5         95       43.6      29.92      27.54
4:30am             88          3          5         94       43.9      29.92      27.54
4:35am             79          1          4         92       44.1      29.91      27.54
4:40am             99          0          4         92       44.3      29.91      27.54
4:45am            116          0          6         91       44.3      29.92      27.54
4:50am             82          3          6         91       44.4      29.92      27.54
4:55am            105          0          6         91       44.7      29.92      27.54
5:00am            106          0          6         91       44.6      29.91      27.54
5:05am            100          0          4         91       44.7      29.92      27.54
5:10am            101          2          4         90       44.9      29.92      27.54
5:15am            113          0          4         90       45.0      29.92      27.54
5:20am            141          0          4         90       44.9      29.92      27.54
5:25am            278          1          4         89       44.6      29.92      27.54
5:30am            290          1          4         87       42.5      29.92      27.54
5:35am            288          1          2         89       40.2      29.92      27.54
5:40am            288          0          2         91       39.3      29.92      27.54
5:45am            288          0          2         93       39.1      29.92      27.54
5:50am            288          0          2         94       39.0      29.92      27.54
5:55am            288          0          2         95       39.6      29.92      27.54
6:00am            266          0          2         95       40.1      29.92      27.54
6:05am            282          1          1         96       40.6      29.92      27.54
6:10am            281          3          3         94       40.2      29.93      27.54
6:15am            286          3          4         91       38.1      29.93      27.54
6:20am            281          0          4         94       37.7      29.93      27.54
6:25am            278          1          4         93       37.3      29.93      27.54
6:30am            276          0          4         93       36.7      29.93      27.54
6:35am            282          1          1         94       36.5      29.94      27.54
6:40am            278          0          1         95       36.6      29.94      27.54
6:45am            283          0          1         95       36.7      29.94      27.54
6:50am            278          0          1         95       36.4      29.93      27.54
6:55am            274          0          1         95       36.2      29.93      27.54
7:00am            269          0          2         95       36.0      29.93      27.54
7:05am            262          0          1         95       35.9      29.93      27.54
7:10am            262          0          1         95       35.8      29.93      27.54
7:15am            262          0          1         95       35.8      29.93      27.54
7:20am            276          0          1         96       35.9      29.93      27.54
7:25am            277          0          1         96       36.1      29.93      27.54
7:30am            284          0          1         96       36.0      29.93      27.54
7:35am            275          0          1         96       36.0      29.93      27.54
7:40am            275          0          1         96       36.0      29.93      27.54
7:45am            275          0          1         96       36.5      29.93      27.54
7:50am            275          0          1         96       37.3      29.93      27.54
7:55am            275          0          1         96       38.4      29.93      27.54
8:00am            275          0          1         96       39.7      29.93      27.54
8:05am            275          0          0         96       40.9      29.93      27.54
8:10am            275          0          1         94       41.2      29.93      27.54
8:15am            277          0          1         93       41.5      29.93      27.54
8:20am            277          0          1         94       42.2      29.93      27.54
8:25am            277          0          1         94       43.4      29.93      27.54
8:30am            277          0          1         94       45.0      29.94      27.54
8:35am            207          0          0         93       46.2      29.94      27.54
8:40am            158          0          0         91       47.1      29.94      27.54
8:45am            173          0          0         89       47.7      29.94      27.54
8:50am            155          0          0         88       48.2      29.94      27.54
8:55am            124          0          1         88       48.8      29.93      27.54
9:00am            117          0          2         87       49.2      29.93      27.54
9:05am            109          0          1         87       50.0      29.93      27.54
9:10am             96          0          2         82       50.6      29.93      27.54
9:15am            132          0          2         81       51.3      29.93      27.54
9:20am             94          0          2         79       51.6      29.93      27.54
9:25am            109          0          3         80       51.8      29.92      27.54
9:30am             98          0          5         75       51.9      29.92      27.54
9:35am             89          0          4         75       52.5      29.92      27.54
9:40am            127          0          4         74       53.1      29.92      27.54
9:45am            125          2          5         72       53.7      29.92      27.54
9:50am            124          0          5         70       54.3      29.93      27.54
9:55am            109          0          5         71       55.3      29.92      27.54
10:00am           120          0          5         71       56.1      29.93      27.54
10:05am            98          2          2         69       56.7      29.92      27.54
10:10am           112          0          2         66       57.1      29.92      27.54
10:15am           109          0          2         65       57.7      29.92      27.54
10:20am           102          1          3         65       57.8      29.92      27.54
10:25am           113          1          3         64       58.2      29.92      27.54
10:30am           125          0          4         63       58.5      29.92      27.54
10:35am           104          0          4         64       58.6      29.92      27.54
10:40am           124          0          4         63       59.3      29.92      27.54
10:45am           207          0          4         62       59.8      29.92      27.54
10:50am           260          2          7         59       60.1      29.92      27.54
10:55am           261          0          7         62       60.1      29.91      27.54
11:00am           228          1          7         63       60.5      29.91      27.54
11:05am           258          1         10         67       60.8      29.91      27.54
11:10am           260          2         10         68       60.7      29.91      27.54
11:15am           252          3         10         69       60.2      29.91      27.54
11:20am           325          4         10         70       59.6      29.91      27.54
11:25am           284          5         10         72       58.8      29.91      27.54
11:30am           276          1         10         73       58.6      29.90      27.54
11:35am           271          1          6         73       59.0      29.90      27.54
11:40am           259          0          6         73       59.0      29.90      27.54
11:45am           295          5         10         73       59.0      29.90      27.54
11:50am           266          2         11         73       59.6      29.90      27.54
11:55am           319          0         11         72       60.3      29.89      27.54
12:00pm           275          2         11         70       60.5      29.89      27.54
12:05pm           292          2          8         70       60.9      29.89      27.54
12:10pm           278          3          8         70       61.5      29.89      27.54
12:15pm           217          3         10         70       62.2      29.89      27.54
12:20pm           248          0         10         69       62.3      29.89      27.54
12:25pm           298          3         10         68       61.8      29.88      27.54
12:30pm           260          2         10         70       61.4      29.88      27.54
12:35pm           281          4          9         69       61.6      29.88      27.54
12:40pm           282          0          9         69       61.5      29.87      27.54
12:45pm           224          0          9         69       62.0      29.87      27.54
12:50pm           148          0          9         67       62.7      29.86      27.54
12:55pm           131          0          9         66       63.2      29.86      27.54
1:00pm            113          6          9         65       63.8      29.86      27.54
1:05pm            313          1         10         63       64.3      29.85      27.54
1:10pm            295          3         10         63       64.3      29.85      27.54
1:15pm            253          4         10         61       64.7      29.85      27.54
1:20pm            278          7         10         62       65.2      29.84      27.54
1:25pm            293          2         10         62       65.4      29.84      27.54
1:30pm            195          3         10         62       65.8      29.84      27.54
1:35pm            242          1          8         60       66.0      29.83      27.54
1:40pm            283          5         12         56       66.2      29.83      27.54
1:45pm            325          2         12         56       66.2      29.83      27.54
1:50pm            182          0         12         57       66.7      29.83      27.54
1:55pm            296          2         12         53       66.9      29.83      27.54
2:00pm            297          3         12         54       67.1      29.82      27.54
2:05pm            300         10         10         55       67.1      29.82      27.54
2:10pm            261          4         10         55       66.9      29.82      27.54
2:15pm            221          1         10         53       67.3      29.82      27.54
2:20pm            245          1         10         53       66.9      29.82      27.54
2:25pm            278          4         10         51       67.4      29.82      27.54
2:30pm            237          2         10         50       67.9      29.82      27.54
2:35pm            218          1         10         49       67.5      29.82      27.54
2:40pm            293          4         10         47       67.5      29.82      27.54
2:45pm            139          2         10         47       67.3      29.82      27.54
2:50pm            233          3         10         48       67.1      29.82      27.54
2:55pm            256          3         10         46       67.3      29.82      27.54
3:00pm            173          1         10         47       67.3      29.82      27.54
3:05pm            266          2          8         49       67.6      29.82      27.54
3:10pm            171          0          8         47       68.0      29.82      27.54
3:15pm            219          1          8         47       69.0      29.81      27.54
3:20pm            200          0          8         46       69.2      29.82      27.54
3:25pm            240          4          8         46       69.6      29.81      27.54
3:30pm            305          2          9         47       69.0      29.81      27.54
3:35pm            269          0          4         48       68.7      29.81      27.54
3:40pm            262          1          4         48       69.4      29.81      27.54
3:45pm            255          0          8         46       69.3      29.81      27.54
3:50pm            264          0          8         47       68.8      29.81      27.54
3:55pm            254          1          8         49       67.3      29.81      27.54
4:00pm            271          1          8         50       66.3      29.81      27.54
4:05pm            274          0          4         52       65.3      29.81      27.54
4:10pm            271          0          4         53       64.7      29.81      27.54
4:15pm            257          0          4         55       64.5      29.81      27.54
4:20pm            273          0          4         55       64.4      29.81      27.54
4:25pm            257          0          4         55       64.4      29.81      27.54
4:30pm            287          1          4         54       65.2      29.81      27.54
4:35pm            293          2          3         50       66.2      29.81      27.54
4:40pm            281          4          5         50       67.2      29.81      27.54
4:45pm            233          0          7         48       66.9      29.81      27.54
4:50pm            223          0          7         49       66.6      29.81      27.54
4:55pm            245          0          7         49       66.4      29.81      27.54
5:00pm            273          0          7         49       67.0      29.81      27.54
5:05pm            266          0          2         48       67.4      29.81      27.54
5:10pm            264          0          2         49       67.1      29.82      27.54
5:15pm            257          0          5         50       67.0      29.82      27.54
5:20pm            227          0          5         50       66.9      29.82      27.54
5:25pm            227          0          5         51       66.1      29.82      27.54
5:30pm            227          0          5         53       64.9      29.82      27.54
5:35pm            227          0          0         55       63.9      29.82      27.54
5:40pm            227          0          0         58       62.9      29.83      27.54
5:45pm            227          0          0         60       62.2      29.83      27.54
5:50pm            227          0          0         60       61.6      29.83      27.54
5:55pm            227          0          0         61       61.1      29.83      27.54
6:00pm            227          0          0         63       60.5      29.83      27.54
6:05pm            227          0          0         65       60.0      29.83      27.54
6:10pm            227          0          0         65       59.5      29.83      27.54
6:15pm            227          0          0         67       59.0      29.84      27.54
6:20pm            226          0          0         68       58.9      29.84      27.54
6:25pm            227          0          0         69       58.6      29.84      27.54
6:30pm            227          0          0         69       58.3      29.84      27.54
6:35pm            227          0          0         69       58.1      29.85      27.54
6:40pm            227          0          0         69       58.0      29.85      27.54
6:45pm            262          0          2         70       57.9      29.85      27.54
6:50pm            262          0          2         71       57.8      29.85      27.54
6:55pm            262          0          2         70       57.6      29.85      27.54
7:00pm            262          0          2         69       57.5      29.85      27.54
7:05pm            262          0          0         69       57.4      29.86      27.54
7:10pm            157          0          0         67       57.4      29.86      27.54
7:15pm            272          5          5         66       57.4      29.86      27.54
7:20pm            268          0          5         64       57.9      29.87      27.54
7:25pm            268          0          5         64       57.9      29.87      27.54
7:30pm            268          0          5         64       57.8      29.87      27.54
7:35pm            317          0          0         63       57.6      29.87      27.54
7:40pm            283          0          2         63       57.7      29.87      27.54
7:45pm            278          0          2         63       57.8      29.88      27.54
7:50pm            228          0          2         64       57.8      29.88      27.54
7:55pm            229          0          2         63       57.6      29.88      27.54
8:00pm            231          0          2         64       57.5      29.88      27.54
8:05pm            264          2          2         64       57.5      29.88      27.54
8:10pm            208          0          2         64       57.6      29.89      27.54
8:15pm            262          0          2         62       57.6      29.89      27.54
8:20pm             40          1          5         60       57.8      29.89      27.54
8:25pm            346          1          5         59       57.9      29.89      27.54
8:30pm            295          2          8         57       58.2      29.89      27.54
8:35pm            235          0          8         56       58.3      29.90      27.54
8:40pm            269          1          8         56       58.1      29.90      27.54
8:45pm            297          0          8         58       57.8      29.90      27.54
8:50pm            264          0          8         59       57.4      29.91      27.54
8:55pm            264          0          8         59       56.9      29.91      27.54
9:00pm            264          0          8         59       56.5      29.91      27.54
9:05pm            264          0          0         60       56.1      29.91      27.54
9:10pm            264          0          0         62       55.9      29.91      27.54
9:15pm            264          0          0         62       55.7      29.92      27.54
9:20pm            258          0          1         63       55.4      29.92      27.54
9:25pm            168          0          2         62       55.3      29.92      27.54
9:30pm            270          0          4         61       55.5      29.92      27.54
9:35pm            257          0          1         61       55.7      29.92      27.54
9:40pm            302          2          7         60       55.7      29.93      27.54
9:45pm            259          0          7         60       55.8      29.93      27.54
9:50pm            252          2          7         60       55.8      29.93      27.54
9:55pm            262          1          7         60       55.8      29.94      27.54
10:00pm           255          1          7         61       55.7      29.94      27.54
10:05pm           275          2          4         61       55.5      29.94      27.54
10:10pm           105          0          4         62       55.3      29.94      27.54
10:15pm            52          0          4         62       55.1      29.94      27.54
10:20pm            10          0          4         62       54.9      29.94      27.54
10:25pm            94          0          4         62       54.8      29.94      27.54
10:30pm           277          0          7         62       54.6      29.94      27.54
10:35pm           307          0          5         62       54.5      29.94      27.54
10:40pm           268          4          5         62       54.4      29.94      27.54
10:45pm           290          0          8         62       54.2      29.94      27.54
10:50pm           353          0          8         62       54.0      29.94      27.54
10:55pm           199          0          8         62       53.8      29.95      27.54
11:00pm           248          0          8         62       53.7      29.95      27.54
11:05pm           264          0          4         62       53.5      29.95      27.54
11:10pm           268          0          4         63       53.4      29.95      27.54
11:15pm           267          0          4         64       53.2      29.95      27.54
11:20pm           267          0          4         64       53.0      29.95      27.54
11:25pm           276          0          4         64       52.8      29.95      27.54
11:30pm            78          0          4         63       52.7      29.95      27.54
11:35pm           198          0          2         64       52.5      29.95      27.54
11:40pm           224          0          2         64       52.3      29.95      27.54
11:45pm            47          0          2         64       52.1      29.95      27.54
11:50pm           240          0          2         65       51.9      29.95      27.54
11:55pm           240          0          2         66       51.6      29.95      27.54
