11/1/19
Time         Wind Dir   Wind Spd  Wind Gust   Humidity       Temp  Raw Barom   Tot Rain
                    °        mph        mph          %         °F         in         in
12:00am           304          4         23         91       68.1      29.38      31.17
12:05am           242          1         11         91       67.9      29.38      31.17
12:10am           335          3         19         91       68.0      29.37      31.17
12:15am           236         11         23         91       68.1      29.38      31.17
12:20am           214          8         23         91       68.0      29.37      31.17
12:25am           296         18         27         91       67.9      29.38      31.17
12:30am           275         11         27         91       67.9      29.37      31.17
12:35am           245          8         17         90       68.1      29.37      31.17
12:40am            41         12         17         90       68.1      29.36      31.17
12:45am           322          6         18         90       68.1      29.36      31.17
12:50am           322          4         20         90       68.0      29.36      31.17
12:55am           278          2         20         90       68.0      29.36      31.17
1:00am            259          5         20         90       68.0      29.35      31.17
1:05am            293          2         17         89       68.1      29.35      31.17
1:10am            264          5         17         90       68.0      29.35      31.17
1:15am            297          8         17         90       68.0      29.34      31.17
1:20am            240          5         20         92       67.3      29.35      31.17
1:25am            164          7         20         92       67.2      29.34      31.17
1:30am            233          9         20         92       67.1      29.34      31.17
1:35am            230         20         21         93       66.9      29.34      31.18
1:40am            267          5         21         94       66.6      29.33      31.22
1:45am            273          5         21         94       66.5      29.32      31.23
1:50am            269          1         21         94       66.6      29.33      31.23
1:55am            215          8         21         95       66.5      29.32      31.25
2:00am            245          6         21         94       66.6      29.30      31.25
2:05am            203          3         12         93       66.7      29.29      31.26
2:10am            134          5         12         93       66.7      29.27      31.26
2:15am            115          2         12         93       66.8      29.25      31.26
2:20am            146          0         12         92       66.9      29.24      31.26
2:25am            233          2         12         91       67.1      29.24      31.26
2:30am            219         14         14         91       67.3      29.24      31.26
2:35am            299          4         19         90       67.5      29.23      31.26
2:40am            195          6         23         90       67.6      29.22      31.26
2:45am            268          7         23         90       67.8      29.21      31.26
2:50am            266          3         23         89       67.9      29.21      31.26
2:55am            229          8         23         90       67.9      29.20      31.26
3:00am            248         12         26         93       67.4      29.25      31.31
3:05am            271         12         31         91       62.8      29.27      31.35
3:10am            240          7         31         94       61.0      29.28      31.35
3:15am            301          7         31         95       59.6      29.30      31.35
3:20am            269          3         31         95       58.7      29.32      31.35
3:25am            261          5         31         95       57.6      29.32      31.35
3:30am            255          6         31         96       56.9      29.33      31.35
3:35am            288          5         13         96       56.2      29.33      31.35
3:40am            264          3         13         96       55.7      29.34      31.35
3:45am            304          6         13         96       55.1      29.33      31.35
3:50am            255          3         15         96       54.8      29.34      31.35
3:55am            268          3         16         96       54.4      29.34      31.35
4:00am            236          7         17         97       54.2      29.35      31.35
4:05am            264          8         10         97       54.0      29.35      31.36
4:10am            259          9         13         97       53.6      29.36      31.36
4:15am            258         11         16         97       53.3      29.38      31.36
4:20am            283         14         16         97       52.9      29.36      31.36
4:25am            253          8         21         95       51.8      29.37      31.36
4:30am            259          6         23         95       51.0      29.39      31.36
4:35am            270         14         23         95       50.3      29.40      31.36
4:40am            250         11         25         95       49.3      29.39      31.36
4:45am            294          7         25         96       48.7      29.38      31.36
4:50am            281          8         25         96       48.3      29.40      31.36
4:55am            288          8         25         96       48.0      29.40      31.36
5:00am            288          9         25         96       47.7      29.40      31.36
5:05am            283          8         15         96       47.3      29.38      31.36
5:10am            269          5         15         97       47.3      29.40      31.36
5:15am            292          7         15         96       47.1      29.40      31.36
5:20am            293          5         15         96       47.0      29.40      31.36
5:25am            304          6         15         96       46.8      29.40      31.36
5:30am            255          7         15         96       46.6      29.40      31.36
5:35am            300          7         11         96       46.4      29.41      31.36
5:40am            269          6         11         96       46.2      29.41      31.36
5:45am            280          5         17         96       46.1      29.41      31.36
5:50am            266          2         17         96       46.0      29.41      31.36
5:55am            280          7         17         95       46.0      29.42      31.36
6:00am            265          8         17         94       46.1      29.42      31.36
6:05am            261          8         17         92       46.2      29.43      31.36
6:10am            267          8         17         92       46.1      29.44      31.36
6:15am            252          5         17         92       46.1      29.44      31.36
6:20am            238          3         17         91       45.9      29.45      31.36
6:25am            256          6         24         89       45.7      29.44      31.36
6:30am            277          7         24         84       45.3      29.44      31.36
6:35am            285          5         16         85       44.8      29.45      31.36
6:40am            236          5         16         82       44.3      29.46      31.36
6:45am            266          7         16         81       43.8      29.46      31.36
6:50am            271          6         18         81       43.4      29.47      31.36
6:55am            256         17         21         78       43.1      29.47      31.36
7:00am            264         11         27         75       43.0      29.48      31.36
7:05am            250         13         23         73       42.8      29.48      31.36
7:10am            290          4         23         74       42.7      29.49      31.36
7:15am            268          4         23         75       42.4      29.49      31.36
7:20am            274          7         23         74       42.3      29.49      31.36
7:25am            266          7         23         74       42.3      29.50      31.36
7:30am            264         11         23         73       42.4      29.50      31.36
7:35am            279         11         18         73       42.5      29.51      31.36
7:40am            264         12         18         73       42.5      29.51      31.36
7:45am            274          6         18         74       42.6      29.52      31.36
7:50am            251         15         18         74       42.7      29.52      31.36
7:55am            261         13         21         72       42.9      29.52      31.36
8:00am            257         24         24         71       42.9      29.53      31.36
8:05am            269         10         24         68       43.1      29.53      31.36
8:10am            293          7         24         67       43.1      29.53      31.36
8:15am            242          9         25         66       43.2      29.55      31.36
8:20am            281         15         25         63       43.4      29.54      31.36
8:25am            284         23         25         62       43.7      29.55      31.36
8:30am            274         14         25         61       44.0      29.55      31.36
8:35am            253         28         28         62       44.2      29.55      31.36
8:40am            257          9         28         60       44.4      29.56      31.36
8:45am            300          7         29         58       44.7      29.57      31.36
8:50am            271         11         32         60       45.0      29.57      31.36
8:55am            263         16         32         59       45.0      29.58      31.36
9:00am            267          6         32         58       45.0      29.58      31.36
9:05am            264         15         28         55       45.1      29.58      31.36
9:10am            239         11         28         58       45.0      29.58      31.36
9:15am            302          4         28         58       45.0      29.59      31.36
9:20am            274         15         28         57       44.9      29.59      31.36
9:25am            277          5         28         58       45.1      29.59      31.36
9:30am            264         25         28         56       45.1      29.59      31.36
9:35am            266          9         25         58       45.2      29.60      31.36
9:40am            286         11         25         57       45.2      29.60      31.36
9:45am            280         12         25         58       45.3      29.59      31.36
9:50am            278          6         25         56       45.3      29.60      31.36
9:55am            248          4         25         58       45.5      29.61      31.36
10:00am           279          7         25         56       45.7      29.62      31.36
10:05am           234         14         17         58       46.2      29.63      31.36
10:10am           193          5         25         54       46.1      29.62      31.36
10:15am           248         12         25         56       46.1      29.63      31.36
10:20am           264         10         26         54       46.1      29.63      31.36
10:25am           251         11         26         55       46.1      29.65      31.36
10:30am           252         10         30         56       46.0      29.65      31.36
10:35am           263         14         30         53       45.7      29.66      31.36
10:40am           257          4         30         53       45.6      29.66      31.36
10:45am           248          7         30         54       45.4      29.66      31.36
10:50am           267         17         30         53       45.3      29.66      31.36
10:55am           259          4         30         54       45.3      29.67      31.36
11:00am           298          2         30         55       45.3      29.67      31.36
11:05am           240         22         28         53       45.2      29.67      31.36
11:10am           252         12         30         55       45.1      29.69      31.36
11:15am           286         24         30         54       45.1      29.69      31.36
11:20am           223          5         30         56       45.3      29.68      31.36
11:25am           234         14         30         54       45.5      29.68      31.36
11:30am           272         15         30         54       45.8      29.69      31.36
11:35am           250         23         24         53       46.2      29.69      31.36
11:40am           257         12         33         56       46.0      29.69      31.36
11:45am           311          6         33         55       46.4      29.69      31.36
11:50am           280          3         33         55       47.0      29.69      31.36
11:55am           262          7         33         53       46.9      29.70      31.36
12:00pm           334          6         33         54       47.2      29.69      31.36
12:05pm           224          5         21         54       47.1      29.70      31.36
12:10pm           247         12         21         55       47.1      29.70      31.36
12:15pm           238         14         26         55       46.7      29.70      31.36
12:20pm           269          7         26         54       46.9      29.70      31.36
12:25pm           297          8         26         54       46.9      29.71      31.36
12:30pm           250         11         26         55       46.8      29.71      31.36
12:35pm           319         10         22         55       46.9      29.72      31.36
12:40pm           249          9         22         54       47.3      29.72      31.36
12:45pm           274         12         22         52       47.4      29.72      31.36
12:50pm           287          8         22         52       47.3      29.72      31.36
12:55pm           266          7         22         53       47.4      29.73      31.36
1:00pm            293          4         24         53       47.2      29.73      31.36
1:05pm            257          4         23         51       47.3      29.74      31.36
1:10pm            262          6         30         51       47.4      29.73      31.36
1:15pm            274          9         30         50       47.2      29.75      31.36
1:20pm            269          5         30         51       47.7      29.75      31.36
1:25pm            302          3         30         52       48.1      29.76      31.36
1:30pm            259         10         30         49       47.9      29.76      31.36
1:35pm            293         10         17         51       47.9      29.77      31.36
1:40pm            227          3         17         50       47.8      29.77      31.36
1:45pm            263         17         20         50       48.0      29.77      31.36
1:50pm            287         14         20         51       47.3      29.77      31.36
1:55pm            250          9         23         51       47.3      29.77      31.36
2:00pm            184          5         23         50       47.2      29.78      31.36
2:05pm            283          4         13         53       47.3      29.78      31.36
2:10pm            245         12         23         51       46.7      29.78      31.36
2:15pm            290         13         23         50       46.9      29.79      31.36
2:20pm            259          9         27         51       47.0      29.80      31.36
2:25pm            252          4         27         50       48.0      29.80      31.36
2:30pm            175          5         27         50       48.4      29.81      31.36
2:35pm            268          7         22         51       48.1      29.81      31.36
2:40pm            197          4         23         50       47.5      29.81      31.36
2:45pm            269          8         23         50       47.6      29.81      31.36
2:50pm            233          6         23         50       48.3      29.82      31.36
2:55pm            266         12         23         49       48.3      29.82      31.36
3:00pm            245          8         30         51       47.5      29.83      31.36
3:05pm            266         11         16         54       46.5      29.84      31.36
3:10pm            113          1         16         54       46.1      29.85      31.36
3:15pm            259         11         16         54       46.3      29.85      31.36
3:20pm            254         13         24         51       46.4      29.84      31.36
3:25pm            270         10         25         52       45.9      29.85      31.36
3:30pm            213          7         25         53       45.7      29.86      31.36
3:35pm            258          5         19         52       45.6      29.85      31.36
3:40pm            238          5         19         53       45.2      29.87      31.36
3:45pm            266          7         20         52       44.8      29.87      31.36
3:50pm            268          8         24         53       44.5      29.87      31.36
3:55pm            236         10         30         52       44.2      29.86      31.36
4:00pm            272         12         30         52       44.1      29.86      31.36
4:05pm            245          8         25         51       44.1      29.87      31.36
4:10pm            165          4         27         51       44.6      29.88      31.36
4:15pm            297         18         27         51       44.5      29.89      31.36
4:20pm            284          6         27         51       44.4      29.90      31.36
4:25pm            288         15         27         51       44.7      29.91      31.36
4:30pm            301         11         27         52       44.7      29.91      31.36
4:35pm            281          8         19         52       44.5      29.91      31.36
4:40pm            254         13         19         51       44.5      29.91      31.36
4:45pm            250          6         19         51       44.3      29.91      31.36
4:50pm            269          6         19         52       43.9      29.91      31.36
4:55pm            288          9         19         52       43.4      29.93      31.36
5:00pm            134          2         19         53       42.9      29.94      31.36
5:05pm            254          6         15         54       42.4      29.95      31.36
5:10pm            261          5         15         55       42.1      29.95      31.36
5:15pm            310          4         15         55       41.9      29.95      31.36
5:20pm            257         12         17         56       41.7      29.95      31.36
5:25pm            259          5         17         57       41.6      29.94      31.36
5:30pm            279          8         17         57       41.4      29.94      31.36
5:35pm            260          9         20         58       41.2      29.94      31.36
5:40pm            235          6         20         59       41.0      29.94      31.36
5:45pm            223          5         20         59       40.9      29.95      31.36
5:50pm            262          5         20         60       40.7      29.96      31.36
5:55pm            296          1         20         60       40.6      29.96      31.36
6:00pm             28          5         20         61       40.3      29.97      31.36
6:05pm            227          2          5         61       40.1      29.98      31.36
6:10pm            240          2          6         62       40.0      29.98      31.36
6:15pm            264          6          8         62       40.1      29.99      31.36
6:20pm            266          7          8         62       40.0      29.99      31.36
6:25pm            255          2          8         63       39.8      29.99      31.36
6:30pm            228          0          9         64       39.6      29.99      31.36
6:35pm            247          9         18         63       39.6      29.99      31.36
6:40pm            329          3         18         61       39.7      29.99      31.36
6:45pm            261          1         18         61       39.6      30.00      31.36
6:50pm            323          1         18         61       39.5      30.01      31.36
6:55pm            259          5         18         60       39.5      30.01      31.36
7:00pm            293          2         18         60       39.5      30.01      31.36
7:05pm            266          5         12         61       39.3      30.01      31.36
7:10pm            257          8         12         62       39.2      30.02      31.36
7:15pm             99          1         12         61       39.1      30.02      31.36
7:20pm            281          3         12         61       39.0      30.02      31.36
7:25pm            279          2         12         62       38.9      30.03      31.36
7:30pm            285          3         12         62       38.8      30.03      31.36
7:35pm            248          2         11         62       38.8      30.03      31.36
7:40pm            186          1         14         62       38.7      30.03      31.36
7:45pm            273          5         14         61       38.8      30.03      31.36
7:50pm            199          8         17         60       38.8      30.03      31.36
7:55pm            265          3         17         61       38.7      30.03      31.36
8:00pm            257          5         17         62       38.6      30.04      31.36
8:05pm            239          0          9         62       38.4      30.04      31.36
8:10pm            236          4         13         63       38.3      30.04      31.36
8:15pm            242          3         13         62       38.1      30.03      31.36
8:20pm            102          1         13         62       38.1      30.03      31.36
8:25pm            275          2         13         63       37.9      30.05      31.36
8:30pm            288          3         13         64       37.8      30.05      31.36
8:35pm            267          5          8         63       37.7      30.05      31.36
8:40pm            250          1          8         65       37.6      30.05      31.36
8:45pm            238          2          8         64       37.4      30.05      31.36
8:50pm            277          7          8         64       37.4      30.05      31.36
8:55pm            281          2          8         64       37.3      30.05      31.36
8:59pm            269          3          8         65       37.2      30.05      31.36
9:05pm            269          8          9         64       37.2      30.06      31.36
9:10pm            218          3          9         65       37.2      30.06      31.36
9:15pm            259          3          9         66       37.1      30.06      31.36
9:20pm            202          4         10         65       37.0      30.07      31.36
9:25pm            275          2         10         66       36.9      30.07      31.36
9:30pm            255          3         10         66       36.8      30.08      31.36
9:35pm            238          1          3         67       36.5      30.08      31.36
9:40pm            218          0          4         67       36.4      30.08      31.36
9:45pm            168          0          4         69       36.1      30.09      31.36
9:50pm            255          0          8         68       36.3      30.09      31.36
9:55pm            265          1          8         68       36.1      30.09      31.36
10:00pm           264          3          8         68       36.0      30.08      31.36
10:05pm           233          0          8         67       36.1      30.08      31.36
10:10pm           269          2          8         67       36.1      30.09      31.36
10:15pm           281          1          8         67       36.1      30.09      31.36
10:20pm           254          1          8         67       36.1      30.09      31.36
10:25pm           259          1          8         66       36.1      30.10      31.36
10:30pm           184          1          8         67       36.1      30.10      31.36
10:35pm           265          1          7         68       35.9      30.09      31.36
10:40pm           229          0          8         67       35.9      30.09      31.36
10:45pm           271          4          8         67       35.8      30.09      31.36
10:50pm           264          2          8         66       35.8      30.10      31.36
10:55pm           275          8          8         68       35.7      30.10      31.36
11:00pm           275          2          8         68       35.5      30.09      31.36
11:05pm           244          4          8         67       35.5      30.10      31.36
11:10pm           248          0          8         67       35.4      30.10      31.36
11:15pm           292          0          8         68       35.3      30.10      31.36
11:20pm           268          0          8         68       35.2      30.10      31.36
11:25pm           257          0          8         69       35.0      30.09      31.36
11:30pm           219          0          8         69       34.9      30.10      31.36
11:35pm           182          0          6         68       34.8      30.10      31.36
11:40pm           268          1          6         70       34.7      30.10      31.36
11:45pm           257          1          6         70       34.5      30.11      31.36
11:50pm           257          0          6         70       34.5      30.11      31.36
11:55pm           262          1          6         71       34.3      30.11      31.36
