11/22/19
Time         Wind Dir   Wind Spd  Wind Gust   Humidity       Temp  Raw Barom   Tot Rain
                    °        mph        mph          %         °F         in         in
12:00am            93          0          9         96       34.0      29.85      32.45
12:05am           269          0          1         95       33.9      29.86      32.45
12:10am           269          0          1         95       33.7      29.86      32.45
12:15am            85          1          2         96       33.8      29.85      32.45
12:20am            96          3          4         96       34.1      29.84      32.45
12:25am            54          0          7         96       34.7      29.84      32.45
12:30am           290          0          7         95       34.7      29.85      32.45
12:35am           272          0          2         95       34.4      29.86      32.45
12:40am           257          0          2         95       34.0      29.85      32.45
12:45am           278          0          2         95       33.7      29.84      32.45
12:50am           205          0          2         95       33.6      29.84      32.45
12:55am            86          3          3         96       33.6      29.83      32.45
1:00am             75          0          3         96       33.9      29.83      32.45
1:05am            271          1          1         96       33.7      29.84      32.45
1:10am            274          0          2         96       33.3      29.84      32.45
1:15am            274          0          2         96       33.2      29.83      32.45
1:20am            274          0          2         96       33.1      29.83      32.45
1:25am            274          0          2         96       33.0      29.83      32.45
1:30am            274          0          2         96       32.9      29.83      32.45
1:35am             35          0          0         96       33.0      29.82      32.45
1:40am             96          0          1         96       33.4      29.82      32.45
1:45am             76          0          1         97       33.5      29.82      32.45
1:50am            281          0          1         96       33.4      29.82      32.45
1:55am            281          0          1         96       33.2      29.81      32.45
2:00am             57          0          2         96       33.2      29.81      32.45
2:05am             57          0          1         96       33.2      29.81      32.45
2:10am            327          0          1         97       33.3      29.81      32.45
2:15am            105          0          1        100       32.9      29.80      32.45
2:20am            105          0          1        100       32.9      29.80      32.45
2:25am            105          0          1        100       32.9      29.80      32.45
2:30am            105          0          1        100       32.9      29.80      32.45
2:35am            105          0          0        100       32.9      29.79      32.45
2:40am            105          0          0        100       32.9      29.79      32.45
2:45am            105          0          0        100       32.9      29.78      32.45
2:50am            105          0          0        100       32.9      29.78      32.45
2:55am            105          0          0        100       32.9      29.78      32.45
3:00am            105          0          0        100       32.9      29.78      32.45
3:05am            105          0          0        100       32.9      29.78      32.45
3:10am            105          0          0        100       32.9      29.77      32.45
3:15am            105          0          0        100       32.9      29.77      32.45
3:20am            105          0          0        100       32.9      29.76      32.45
3:25am            105          0          0        100       32.9      29.76      32.45
3:30am            105          0          0        100       32.9      29.76      32.45
3:35am            105          0          0        100       32.9      29.75      32.45
3:40am            105          0          0        100       32.9      29.75      32.45
3:45am            105          0          0        100       32.9      29.75      32.45
3:50am            105          0          0        100       32.9      29.75      32.45
3:55am            105          0          0        100       32.9      29.75      32.45
4:00am            105          0          0        100       32.9      29.74      32.45
4:05am            105          0          0        100       32.9      29.74      32.45
4:10am            105          0          0        100       32.9      29.73      32.45
4:15am            105          0          0        100       32.9      29.73      32.45
4:20am            105          0          0        100       32.9      29.72      32.45
4:25am            105          0          0        100       32.9      29.73      32.45
4:30am            105          0          0        100       32.9      29.72      32.45
4:35am            105          0          0        100       32.9      29.72      32.45
4:40am            105          0          0        100       32.9      29.72      32.45
4:45am            105          0          0        100       32.9      29.72      32.45
4:50am            105          0          0        100       32.9      29.72      32.45
4:55am            105          0          0        100       32.9      29.72      32.45
5:00am            105          0          0        100       32.9      29.71      32.45
5:05am            105          0          0        100       32.9      29.71      32.45
5:10am            105          0          0        100       32.9      29.70      32.45
5:15am            105          0          0        100       32.9      29.70      32.45
5:20am            105          0          0        100       32.9      29.70      32.45
5:25am            105          0          0        100       32.9      29.69      32.45
5:30am            105          0          0        100       32.9      29.69      32.45
5:35am            105          0          0        100       32.9      29.69      32.45
5:40am            105          0          0        100       32.9      29.69      32.45
5:45am            105          0          0        100       32.9      29.70      32.45
5:50am            105          0          0        100       32.9      29.69      32.45
5:55am            105          0          0        100       32.9      29.69      32.45
6:00am            105          0          0        100       32.9      29.69      32.45
6:05am            105          0          0        100       32.9      29.69      32.45
6:10am            105          0          0        100       32.9      29.68      32.45
6:15am            105          0          0        100       32.9      29.68      32.45
6:20am            105          0          0        100       32.9      29.68      32.45
6:25am            105          0          0        100       32.9      29.68      32.45
6:30am            105          0          0        100       32.9      29.68      32.45
6:35am            105          0          0        100       32.9      29.69      32.45
6:40am            105          0          0        100       32.9      29.68      32.45
6:45am            105          0          0        100       32.9      29.67      32.45
6:50am            105          0          0        100       32.9      29.66      32.45
6:55am            105          0          0        100       32.9      29.66      32.45
7:00am            105          0          0        100       32.9      29.65      32.45
7:05am            105          0          0        100       32.9      29.65      32.45
7:10am            105          0          0        100       32.9      29.65      32.45
7:15am            105          0          0        100       32.9      29.65      32.45
7:20am            105          0          0        100       32.9      29.65      32.45
7:25am            105          0          0        100       32.9      29.65      32.45
7:30am            105          0          0        100       32.9      29.65      32.45
7:35am            105          0          0        100       32.9      29.64      32.45
7:40am            105          0          0        100       32.9      29.64      32.45
7:45am            105          0          0        100       32.9      29.64      32.45
7:50am            105          0          0        100       32.9      29.64      32.45
7:55am            105          0          0        100       32.9      29.65      32.45
8:00am            105          0          0        100       32.9      29.65      32.45
8:05am            304          1          7        100       39.0      29.65      32.45
8:10am            289          1          7         89       39.0      29.64      32.45
8:15am            279          6         10         89       39.1      29.64      32.45
8:20am            280          5         16         89       39.2      29.64      32.45
8:25am            299          4         16         89       39.2      29.63      32.45
8:30am            277          7         16         89       39.2      29.63      32.45
8:35am            276          4         11         89       39.2      29.63      32.45
8:40am            274          4         11         89       39.2      29.63      32.45
8:45am            281          4         11         89       39.2      29.62      32.45
8:50am            274          2         11         89       39.3      29.61      32.45
8:55am            261          4         11         89       39.3      29.61      32.45
9:00am            268          3         11         89       39.5      29.61      32.45
9:05am             30          0          5         89       39.5      29.61      32.45
9:10am            274          3          5         89       39.5      29.60      32.45
9:15am            263          2          5         89       39.6      29.60      32.45
9:20am            275          2          5         89       39.7      29.59      32.45
9:25am            262          2          6         88       40.0      29.58      32.45
9:30am            274          0          6         88       40.2      29.58      32.45
9:35am            262          0          4         87       40.4      29.59      32.45
9:40am            283          4          6         87       40.5      29.58      32.45
9:45am            278          3          7         87       40.7      29.58      32.45
9:50am            287          4          7         87       40.7      29.58      32.45
9:55am            254          4          7         87       40.8      29.58      32.45
10:00am           265          6          7         86       40.9      29.59      32.45
10:05am           210          4          7         86       40.9      29.58      32.45
10:10am           281          4         10         86       41.1      29.58      32.45
10:15am           303          1         10         86       41.1      29.58      32.45
10:20am           301          6         10         86       41.2      29.58      32.45
10:25am           295          5         10         85       41.2      29.57      32.45
10:30am           295          1         10         86       41.3      29.56      32.45
10:35am           277          3          7         86       41.3      29.56      32.45
10:40am           239          4          7         86       41.3      29.55      32.45
10:45am           293          2          8         86       41.4      29.55      32.45
10:50am           237          0          8         86       41.3      29.56      32.45
10:55am           255          3          8         86       41.2      29.55      32.45
11:00am           301          1          8         86       41.1      29.55      32.45
11:05am           276          3          5         87       41.0      29.55      32.45
11:10am           259          2          5         87       40.9      29.54      32.45
11:15am           267          3          9         88       40.8      29.54      32.45
11:20am           276          4          9         88       40.6      29.54      32.45
11:25am           281          3          9         89       40.6      29.54      32.45
11:30am            39          3          9         89       40.5      29.53      32.45
11:35am           269          4          6         90       40.5      29.53      32.45
11:40am           301          4          6         90       40.4      29.53      32.45
11:45am           257          5          7         91       40.3      29.52      32.46
11:50am           266          4          7         92       40.1      29.53      32.46
11:55am           257          3          7         92       40.0      29.53      32.46
12:00pm           287          4          7         92       40.0      29.53      32.46
12:05pm           285          2          6         92       40.1      29.53      32.46
12:10pm           281          0          6         92       40.1      29.53      32.46
12:15pm           229          0          6         93       40.0      29.54      32.46
12:20pm           262          1          6         93       39.8      29.55      32.47
12:25pm           240          0          6         94       39.7      29.54      32.47
12:30pm           190          1          6         94       39.6      29.54      32.47
12:35pm           248          2          5         95       39.7      29.54      32.47
12:40pm           286          3          7         95       39.7      29.53      32.47
12:45pm           233          2          7         95       39.7      29.53      32.48
12:50pm           271          4         10         95       39.8      29.54      32.48
12:55pm           258          5         10         95       39.8      29.53      32.48
1:00pm            258          4         10         95       39.9      29.53      32.48
1:05pm            261          4          8         95       39.9      29.53      32.49
1:10pm            250         12         12         94       40.0      29.52      32.49
1:15pm            260          3         12         93       40.1      29.52      32.49
1:20pm            259          4         12         92       40.1      29.52      32.49
1:25pm            262          4         12         92       40.0      29.52      32.49
1:30pm            264          4         12         92       39.9      29.52      32.49
1:35pm            264          6         15         92       39.9      29.52      32.49
1:40pm            249          5         15         92       39.9      29.51      32.49
1:45pm            266          6         15         92       39.7      29.52      32.49
1:50pm            265          4         15         92       39.6      29.51      32.49
1:55pm            214          3         15         92       39.6      29.51      32.49
2:00pm            265          5         15         91       39.5      29.51      32.49
2:05pm            243          2          9         91       39.5      29.51      32.49
2:10pm            270          4          9         91       39.4      29.51      32.49
2:15pm            272         11         17         91       39.4      29.51      32.49
2:20pm            255          3         17         90       39.4      29.51      32.49
2:25pm            270          4         17         90       39.3      29.51      32.49
2:30pm            238          7         17         89       39.1      29.50      32.49
2:35pm            266         11         13         88       39.1      29.50      32.49
2:40pm            269          3         13         87       39.0      29.50      32.49
2:45pm            262         11         13         87       38.9      29.49      32.49
2:50pm            265          7         13         86       38.8      29.50      32.49
2:55pm            250          2         13         85       38.7      29.50      32.49
3:00pm            313          5         14         84       38.7      29.50      32.49
3:05pm            255          7         18         83       38.7      29.49      32.49
3:10pm            283          5         18         83       38.6      29.49      32.49
3:15pm            306          8         18         82       38.5      29.50      32.49
3:20pm            316          6         18         81       38.6      29.50      32.49
3:25pm            278          9         18         81       38.7      29.50      32.49
3:30pm            288          7         18         80       39.0      29.50      32.49
3:35pm            254          6         12         79       39.0      29.49      32.49
3:40pm            245         12         12         79       38.7      29.49      32.49
3:45pm            258          6         16         78       38.5      29.50      32.49
3:50pm            310          6         16         78       38.3      29.50      32.49
3:55pm            255          8         16         78       38.1      29.50      32.49
4:00pm            274         12         16         79       38.0      29.50      32.49
4:05pm            235          3         18         78       37.9      29.50      32.49
4:10pm            264          2         18         77       37.9      29.50      32.49
4:15pm            224          4         21         77       38.0      29.50      32.49
4:20pm            209          4         21         77       37.9      29.50      32.49
4:25pm            264          7         21         77       37.9      29.50      32.49
4:30pm            291          4         21         78       37.7      29.51      32.49
4:35pm            284          6         18         77       37.6      29.51      32.49
4:40pm            274          6         18         77       37.5      29.51      32.49
4:45pm            278          8         18         76       37.5      29.51      32.49
4:50pm            265         11         18         76       37.4      29.52      32.49
4:55pm            277          6         18         75       37.5      29.52      32.49
5:00pm            281          6         18         76       37.3      29.53      32.49
5:05pm            257          8         11         77       37.2      29.53      32.49
5:10pm            259          4         11         79       37.1      29.53      32.49
5:15pm            266          3         14         79       36.8      29.53      32.49
5:20pm            263          3         15         80       36.6      29.54      32.49
5:25pm            283          5         15         80       36.5      29.54      32.49
5:30pm            268          2         16         78       36.5      29.54      32.49
5:35pm            281         11         13         76       36.6      29.54      32.49
5:40pm            274          2         15         75       36.6      29.55      32.49
5:45pm            278          6         16         74       36.6      29.56      32.49
5:50pm            270          4         22         73       36.7      29.57      32.49
5:55pm            261          5         22         73       36.5      29.57      32.49
6:00pm            278          3         22         73       36.4      29.57      32.49
6:05pm            254         10         16         73       36.3      29.57      32.49
6:10pm            257          3         16         73       36.3      29.58      32.49
6:15pm            257          1         16         74       36.2      29.58      32.49
6:20pm            349          1         16         77       35.9      29.59      32.49
6:25pm             78          0         16         80       35.5      29.59      32.49
6:30pm            189          1         16         80       35.2      29.60      32.49
6:35pm            260          3          9         80       35.1      29.60      32.49
6:40pm            274          1         19         78       35.0      29.61      32.49
6:45pm            279         10         19         78       34.8      29.61      32.49
6:50pm            271          4         19         78       34.7      29.62      32.49
6:55pm            268          2         19         80       34.5      29.63      32.49
7:00pm            276          4         19         79       34.4      29.62      32.49
7:05pm            278          9         17         80       34.2      29.62      32.49
7:10pm             75          1         17         79       34.0      29.63      32.49
7:15pm            195          2         17         77       33.9      29.64      32.49
7:20pm            283          1         17         76       33.8      29.64      32.49
7:25pm            262          3         17         75       33.7      29.64      32.49
7:30pm            201          4         17         75       33.7      29.64      32.49
7:35pm            281          8         19         74       33.7      29.64      32.49
7:40pm            231          1         19         74       33.7      29.64      32.49
7:45pm            264          0         19         74       33.6      29.65      32.49
7:50pm            307          3         19         74       33.6      29.66      32.49
7:55pm            158          0         19         74       33.6      29.66      32.49
8:00pm            110          0         19         74       33.5      29.66      32.49
8:05pm             58          2          8         75       33.3      29.67      32.49
8:10pm            287          3         13         73       33.2      29.67      32.49
8:15pm            285          2         13         73       33.2      29.67      32.49
8:20pm            323          1         14         72       33.1      29.68      32.49
8:25pm            109          6         14         72       33.0      29.67      32.49
8:30pm            273          4         14         73       32.9      29.68      32.49
8:35pm            153          1          9         72       32.8      29.68      32.49
8:40pm            243          1          9         72       32.6      29.69      32.49
8:45pm            267          4         10         71       32.5      29.69      32.49
8:50pm            284          4         10         72       32.2      29.69      32.49
8:55pm            262          0         10         71       32.0      29.70      32.49
9:00pm            295          8         14         71       31.8      29.70      32.49
9:05pm            350          0         12         70       31.5      29.71      32.49
9:10pm            243          1         12         70       31.4      29.71      32.49
9:15pm            250         12         12         70       31.2      29.72      32.49
9:20pm             58          1         12         70       31.1      29.72      32.49
9:25pm            343          3         16         68       30.9      29.72      32.49
9:30pm            290          0         16         68       30.8      29.72      32.49
9:35pm            286          2          5         68       30.6      29.73      32.49
9:40pm            267          5         11         68       30.5      29.72      32.49
9:45pm            298          4         11         69       30.4      29.72      32.49
9:50pm            272          6         12         68       30.3      29.72      32.49
9:55pm            246          2         12         68       30.2      29.73      32.49
10:00pm           255          0         12         68       30.0      29.73      32.49
10:05pm           257          1         13         68       29.8      29.73      32.49
10:10pm           251         10         13         69       29.6      29.73      32.49
10:15pm           244          7         13         70       29.4      29.73      32.49
10:20pm            75          2         13         69       29.4      29.74      32.49
10:25pm           121          0         15         68       29.3      29.74      32.49
10:30pm            51          2         15         68       29.3      29.74      32.49
10:35pm           315          5         12         68       29.1      29.75      32.49
10:40pm           276          6         12         68       29.1      29.75      32.49
10:45pm           262          8         14         69       28.9      29.75      32.49
10:50pm           269          2         14         69       28.9      29.75      32.49
10:55pm           285          4         14         69       28.8      29.75      32.49
11:00pm           265          2         14         70       28.7      29.76      32.49
11:05pm           268          3          8         70       28.6      29.75      32.49
11:10pm           276          2          8         71       28.5      29.76      32.49
11:15pm           279          3          8         72       28.4      29.76      32.49
11:20pm           271          1          8         71       28.4      29.76      32.49
11:25pm           250          3          8         72       28.4      29.76      32.49
11:30pm           278         11         11         72       28.3      29.76      32.49
11:35pm           262          4         11         72       28.3      29.76      32.49
11:40pm           326          8         11         71       28.2      29.76      32.49
11:45pm           283          5         11         71       28.1      29.76      32.49
11:50pm           268          3         11         71       28.0      29.75      32.49
11:55pm           198          3         11         70       28.0      29.75      32.49
