12/25/19
Time         Wind Dir   Wind Spd  Wind Gust   Humidity       Temp  Raw Barom   Tot Rain
                    °        mph        mph          %         °F         in         in
12:00am           290          0          0         71       23.9      30.18      35.12
12:05am           290          0          0         72       23.7      30.18      35.12
12:10am           290          0          0         72       23.5      30.18      35.12
12:15am           290          0          0         72       23.5      30.18      35.12
12:20am           290          0          0         72       23.4      30.18      35.12
12:25am           290          0          0         73       23.2      30.18      35.12
12:30am           193          0          0         72       23.2      30.18      35.12
12:35am           214          0          0         73       23.2      30.17      35.12
12:40am           214          0          0         73       23.2      30.18      35.12
12:45am           214          0          0         73       23.1      30.18      35.12
12:50am           214          0          0         73       22.9      30.17      35.12
12:55am           214          0          0         73       22.6      30.17      35.12
1:00am            214          0          0         74       22.5      30.18      35.12
1:05am            214          0          0         74       22.5      30.17      35.12
1:10am            214          0          0         75       22.5      30.17      35.12
1:15am            214          0          0         73       22.6      30.17      35.12
1:20am            276          0          0         72       22.9      30.16      35.12
1:25am            275          0          1         74       22.9      30.16      35.12
1:30am            275          0          1         74       22.8      30.16      35.12
1:35am            275          0          0         75       22.6      30.16      35.12
1:40am            275          0          0         74       22.5      30.16      35.12
1:45am            275          0          0         75       22.4      30.16      35.12
1:50am            275          0          0         76       22.3      30.16      35.12
1:55am            275          0          0         76       22.2      30.17      35.12
2:00am            276          0          0         76       21.6      30.16      35.12
2:05am            259          0          0         76       22.4      30.17      35.12
2:10am            259          0          0         76       22.4      30.17      35.12
2:15am            259          0          0         76       22.4      30.17      35.12
2:20am            259          0          0         76       22.4      30.17      35.12
2:25am            259          0          0         76       22.4      30.17      35.12
2:30am            259          0          0         76       22.4      30.17      35.12
2:35am            259          0          0         76       22.4      30.17      35.12
2:40am            259          0          0         76       22.4      30.17      35.12
2:45am            259          0          0         76       22.4      30.18      35.12
2:50am            259          0          0         76       22.4      30.17      35.12
2:55am            259          0          0         76       22.4      30.17      35.12
3:00am            259          0          0         76       22.4      30.17      35.12
3:05am            259          0          0         76       22.4      30.17      35.12
3:10am            259          0          0         76       22.4      30.17      35.12
3:15am            259          0          0         76       22.4      30.17      35.12
3:20am            259          0          0         76       22.4      30.17      35.12
3:25am            259          0          0         76       22.4      30.17      35.12
3:30am            259          0          0         76       22.4      30.17      35.12
3:35am            259          0          0         76       22.4      30.17      35.12
3:40am            259          0          0         76       22.4      30.17      35.12
3:45am            259          0          0         76       22.4      30.17      35.12
3:50am            259          0          0         76       22.4      30.17      35.12
3:55am            259          0          0         76       22.4      30.16      35.12
4:00am            259          0          0         76       22.4      30.16      35.12
4:05am            259          0          0         76       22.4      30.17      35.12
4:10am            259          0          0         76       22.4      30.16      35.12
4:15am            259          0          0         76       22.4      30.16      35.12
4:20am            259          0          0         76       22.4      30.16      35.12
4:25am            259          0          0         76       22.4      30.15      35.12
4:30am            259          0          0         76       22.4      30.16      35.12
4:35am            259          0          0         76       22.4      30.16      35.12
4:40am            259          0          0         76       22.4      30.16      35.12
4:45am            259          0          0         76       22.4      30.15      35.12
4:50am            259          0          0         76       22.4      30.15      35.12
4:55am            259          0          0         76       22.4      30.15      35.12
5:00am            259          0          0         76       22.4      30.15      35.12
5:05am            259          0          0         76       22.4      30.15      35.12
5:10am            259          0          0         76       22.4      30.15      35.12
5:15am            259          0          0         76       22.4      30.16      35.12
5:20am            259          0          0         76       22.4      30.16      35.12
5:25am            259          0          0         76       22.4      30.15      35.12
5:30am            259          0          0         76       22.4      30.15      35.12
5:35am            259          0          0         76       22.4      30.15      35.12
5:40am            259          0          0         76       22.4      30.15      35.12
5:45am            259          0          0         76       22.4      30.15      35.12
5:50am            259          0          0         76       22.4      30.14      35.12
5:55am            259          0          0         76       22.4      30.14      35.12
5:59am            259          0          0         76       22.4      30.14      35.12
6:05am            259          0          0         76       22.4      30.14      35.12
6:10am            259          0          0         76       22.4      30.15      35.12
6:15am            259          0          0         76       22.4      30.15      35.12
6:20am            259          0          0         76       22.4      30.15      35.12
6:25am            259          0          0         76       22.4      30.16      35.12
6:30am            259          0          0         76       22.4      30.16      35.12
6:35am            259          0          0         76       22.4      30.16      35.12
6:40am            259          0          0         76       22.4      30.16      35.12
6:45am            259          0          0         76       22.4      30.16      35.12
6:50am            259          0          0         76       22.4      30.16      35.12
6:55am            259          0          0         76       22.4      30.16      35.12
7:00am            259          0          0         76       22.4      30.16      35.12
7:05am            259          0          0         76       22.4      30.16      35.12
7:10am            259          0          0         76       22.4      30.16      35.12
7:15am            259          0          0         76       22.4      30.17      35.12
7:20am            259          0          0         76       22.4      30.17      35.12
7:25am            259          0          0         76       22.4      30.17      35.12
7:30am            259          0          0         76       22.4      30.17      35.12
7:35am            259          0          0         76       22.4      30.17      35.12
7:40am            259          0          0         76       22.4      30.18      35.12
7:45am            259          0          0         76       22.4      30.18      35.12
7:50am            259          0          0         76       22.4      30.18      35.12
7:55am            259          0          0         76       22.4      30.18      35.12
8:00am            259          0          0         76       22.4      30.18      35.12
8:05am            259          0          0         76       22.4      30.18      35.12
8:10am            259          0          0         76       22.4      30.19      35.12
8:15am            259          0          0         76       22.4      30.19      35.12
8:20am            262          0          1         82       22.3      30.19      35.12
8:25am            269          0          1         82       22.4      30.19      35.12
8:30am            255          0          1         82       22.5      30.19      35.12
8:35am            255          0          1         82       22.7      30.19      35.12
8:40am            262          0          1         81       22.8      30.19      35.12
8:45am            262          0          1         80       22.9      30.19      35.12
8:50am            262          0          1         79       23.0      30.19      35.12
8:55am            262          0          1         80       23.2      30.19      35.12
9:00am            262          0          1         79       23.4      30.19      35.12
9:05am            262          0          0         78       23.6      30.18      35.12
9:10am            262          0          0         78       24.0      30.19      35.12
9:15am            262          0          0         77       24.1      30.19      35.12
9:20am            262          0          0         76       24.3      30.19      35.12
9:25am            262          0          0         76       24.7      30.19      35.12
9:30am            262          0          0         76       24.9      30.19      35.12
9:35am            262          0          0         76       25.0      30.19      35.12
9:40am            262          0          0         75       25.3      30.20      35.12
9:45am            262          0          0         74       25.5      30.19      35.12
9:50am            264          0          0         73       25.4      30.20      35.12
9:55am            264          0          1         74       25.4      30.20      35.12
10:00am           264          0          1         73       25.7      30.20      35.12
10:05am           264          0          0         73       26.1      30.20      35.12
10:10am           233          0          1         72       26.7      30.20      35.12
10:15am           233          0          1         71       27.0      30.19      35.12
10:20am           274          0          1         71       27.0      30.19      35.12
10:25am           281          0          1         71       27.0      30.19      35.12
10:30am           281          0          1         70       27.2      30.18      35.12
10:35am           280          0          1         71       27.5      30.18      35.12
10:40am           274          0          1         70       27.8      30.18      35.12
10:45am           281          0          1         69       28.1      30.17      35.12
10:50am           279          0          1         69       28.4      30.17      35.12
10:55am           276          0          1         68       28.7      30.16      35.12
11:00am           266          0          1         67       28.9      30.16      35.12
11:05am           278          0          1         69       29.8      30.16      35.12
11:10am           108          0          1         68       30.3      30.15      35.12
11:15am            95          0          1         65       30.4      30.15      35.12
11:20am            98          0          1         64       31.0      30.14      35.12
11:25am           293          1          2         62       31.5      30.14      35.12
11:30am           276          0          2         61       31.3      30.14      35.12
11:35am           281          0          2         61       31.4      30.15      35.12
11:40am           271          0          3         60       31.7      30.14      35.12
11:45am           257          0          3         59       32.1      30.14      35.12
11:50am           257          0          3         59       32.1      30.13      35.12
11:55am           248          0          3         60       32.4      30.13      35.12
12:00pm           122          0          3         60       32.5      30.12      35.12
12:05pm           250          2          3         59       32.9      30.13      35.12
12:10pm           270          1          3         59       33.1      30.13      35.12
12:15pm           292          1          3         58       33.5      30.13      35.12
12:20pm           193          0          5         56       34.1      30.12      35.12
12:25pm           261          1          5         55       34.9      30.12      35.12
12:30pm           217          0          5         55       34.8      30.12      35.12
12:35pm           254          0          6         54       34.8      30.12      35.12
12:40pm           300          0          6         54       34.9      30.12      35.12
12:45pm           255          1          6         55       34.8      30.11      35.12
12:50pm           285          0          6         54       35.1      30.11      35.12
12:55pm           293          2          6         56       35.0      30.11      35.12
1:00pm            250          0          6         57       35.1      30.11      35.12
1:05pm            276          1          5         56       35.0      30.11      35.12
1:10pm            282          1          5         56       35.2      30.11      35.12
1:15pm            286          3          5         56       35.6      30.11      35.12
1:20pm            260          0          5         55       36.2      30.11      35.12
1:25pm            269          1          5         55       36.3      30.10      35.12
1:30pm            262          0          6         56       36.0      30.10      35.12
1:35pm            293          2          3         56       36.7      30.10      35.12
1:40pm            265          1          3         54       37.6      30.10      35.12
1:45pm            243          2          4         54       38.3      30.10      35.12
1:50pm            181          1          4         53       38.7      30.10      35.12
1:55pm            302          0          4         52       38.9      30.09      35.12
2:00pm            287          0          4         52       38.9      30.10      35.12
2:05pm             80          0          3         53       37.8      30.10      35.12
2:10pm            100          0          3         55       36.8      30.10      35.12
2:15pm             81          0          3         55       36.4      30.10      35.12
2:20pm             71          1          3         55       35.9      30.10      35.12
2:25pm             82          0          3         56       35.4      30.10      35.12
2:30pm             82          0          3         57       35.2      30.11      35.12
2:35pm             82          0          0         58       35.0      30.11      35.12
2:40pm             82          0          0         61       34.8      30.11      35.12
2:45pm             82          0          0         62       34.3      30.11      35.12
2:50pm             82          0          0         63       33.9      30.11      35.12
2:55pm             82          0          0         64       33.6      30.10      35.12
3:00pm             82          0          0         61       33.5      30.11      35.12
3:05pm             82          0          0         63       33.6      30.10      35.12
3:10pm             82          0          0         62       33.5      30.10      35.12
3:15pm             82          0          0         67       33.3      30.11      35.12
3:20pm             82          0          0         70       32.9      30.11      35.12
3:25pm             82          0          0         67       32.6      30.10      35.12
3:30pm             82          0          0         63       32.7      30.11      35.12
3:35pm             95          0          0         64       32.9      30.10      35.12
3:40pm             95          0          0         66       32.6      30.10      35.12
3:45pm             95          0          0         69       32.3      30.10      35.12
3:50pm             96          0          0         71       31.9      30.11      35.12
3:55pm             95          0          0         72       31.4      30.11      35.12
4:00pm            140          0          0         69       31.3      30.11      35.12
4:05pm            118          0          1         65       31.7      30.11      35.12
4:10pm            121          0          1         69       31.3      30.11      35.12
4:15pm            121          0          1         75       30.6      30.11      35.12
4:20pm            121          0          1         75       30.2      30.11      35.12
4:25pm            121          0          1         74       29.9      30.11      35.12
4:30pm            120          0          1         74       29.7      30.12      35.12
4:35pm            121          0          0         73       29.4      30.12      35.12
4:40pm            121          0          0         74       29.1      30.11      35.12
4:45pm            120          0          0         73       29.0      30.12      35.12
4:50pm            120          0          0         75       28.8      30.12      35.12
4:55pm            120          0          1         75       28.6      30.12      35.12
5:00pm            120          0          1         77       28.3      30.12      35.12
5:05pm            120          0          0         76       28.2      30.12      35.12
5:10pm             90          0          1         73       28.4      30.12      35.12
5:15pm             96          1          3         70       29.0      30.12      35.12
5:20pm             90          1          3         69       29.4      30.12      35.12
5:25pm             85          1          3         68       29.6      30.12      35.12
5:30pm             78          1          3         68       29.7      30.13      35.12
5:35pm            104          0          2         67       29.7      30.13      35.12
5:40pm            101          0          2         68       29.5      30.13      35.12
5:45pm             82          0          2         68       29.4      30.13      35.12
5:50pm             64          0          2         69       29.3      30.13      35.12
5:55pm             64          0          2         71       29.0      30.13      35.12
6:00pm            103          0          2         72       28.7      30.13      35.12
6:05pm             84          0          2         73       28.7      30.14      35.12
6:10pm             83          0          2         72       28.7      30.14      35.12
6:15pm             73          3          3         71       28.8      30.14      35.12
6:20pm             96          0          4         72       28.9      30.15      35.12
6:25pm            106          1          4         72       28.8      30.15      35.12
6:30pm             88          0          4         71       28.9      30.16      35.12
6:35pm             93          0          2         71       28.9      30.16      35.12
6:40pm            110          0          2         73       28.5      30.15      35.12
6:45pm             96          0          2         73       28.3      30.16      35.12
6:50pm            106          0          2         74       28.1      30.16      35.12
6:55pm             99          0          2         73       28.1      30.17      35.12
7:00pm             99          0          2         75       27.9      30.17      35.12
7:05pm             99          0          1         77       27.5      30.17      35.12
7:10pm             72          0          1         78       27.2      30.17      35.12
7:15pm             96          0          1         78       27.3      30.17      35.12
7:20pm            117          0          1         79       27.1      30.17      35.12
7:25pm            117          0          1         78       26.9      30.17      35.12
7:30pm            117          0          1         79       26.7      30.18      35.12
7:35pm            117          0          0         79       26.6      30.17      35.12
7:40pm            117          0          0         80       26.4      30.17      35.12
7:45pm            117          0          0         80       26.2      30.17      35.12
7:50pm            117          0          0         80       25.9      30.17      35.12
7:55pm            117          0          0         81       25.9      30.17      35.12
8:00pm            117          0          0         82       25.9      30.17      35.12
8:05pm            117          0          0         82       25.8      30.17      35.12
8:10pm            117          0          0         83       25.6      30.18      35.12
8:14pm            117          0          0         83       25.4      30.18      35.12
8:20pm            117          0          0         83       25.5      30.18      35.12
8:25pm            117          0          0         83       25.5      30.17      35.12
8:30pm            117          0          0         83       25.5      30.17      35.12
8:35pm            117          0          0         83       25.4      30.17      35.12
8:40pm            117          0          0         83       25.2      30.18      35.12
8:45pm            117          0          0         83       25.1      30.18      35.12
8:50pm            117          0          0         83       25.0      30.18      35.12
8:55pm            117          0          0         83       25.3      30.18      35.12
9:00pm            117          0          0         82       25.6      30.18      35.12
9:05pm            117          0          0         82       25.7      30.18      35.12
9:10pm            117          0          0         81       25.8      30.18      35.12
9:15pm            117          0          0         81       25.8      30.17      35.12
9:20pm            117          0          0         82       25.9      30.18      35.12
9:25pm            117          0          0         81       26.1      30.18      35.12
9:29pm            117          0          0         82       26.1      30.18      35.12
9:35pm            117          0          0         82       25.9      30.18      35.12
9:40pm            117          0          0         83       26.0      30.18      35.12
9:45pm            117          0          0         83       26.0      30.18      35.12
9:50pm            117          0          0         83       25.9      30.18      35.12
9:55pm            117          0          0         85       25.9      30.18      35.12
10:00pm            84          0          1         85       25.9      30.17      35.12
10:05pm            84          0          0         85       26.0      30.18      35.12
10:10pm            84          0          0         84       25.9      30.17      35.12
10:15pm            84          0          0         84       25.8      30.17      35.12
10:19pm            84          0          0         84       25.8      30.17      35.12
10:25pm            84          0          0         84       25.8      30.18      35.12
10:30pm            84          0          0         84       26.0      30.17      35.12
10:35pm            84          0          0         84       26.0      30.17      35.12
10:40pm            84          0          0         85       26.0      30.18      35.12
10:45pm            84          0          0         85       25.9      30.18      35.12
10:50pm            84          0          0         84       25.8      30.17      35.12
10:55pm            84          0          0         84       25.9      30.17      35.12
11:00pm            84          0          0         84       26.0      30.17      35.12
11:05pm            84          0          0         84       25.9      30.17      35.12
11:10pm            84          0          0         85       25.9      30.17      35.12
11:15pm            84          0          0         85       25.9      30.17      35.12
11:20pm            84          0          0         85       25.9      30.17      35.12
11:25pm            84          0          0         85       25.9      30.16      35.12
11:30pm            84          0          0         85       25.9      30.16      35.12
11:35pm            84          0          0         85       26.1      30.16      35.12
11:40pm            84          0          0         85       26.1      30.16      35.12
11:45pm           289          0          1         85       26.2      30.16      35.12
11:49pm           270          0          1         85       26.1      30.16      35.12
11:55pm           270          0          1         86       26.0      30.16      35.12
