12/5/19
Time         Wind Dir   Wind Spd  Wind Gust   Humidity       Temp  Raw Barom   Tot Rain
                    °        mph        mph          %         °F         in         in
12:00am           275          0          0         95       26.7      29.40      34.03
12:05am           275          0          0         95       26.7      29.40      34.03
12:10am           274          0          0         95       26.7      29.40      34.03
12:15am           275          0          1         95       26.8      29.40      34.03
12:20am           276          0          1         95       26.8      29.40      34.03
12:25am           289          0          1         95       26.8      29.40      34.03
12:30am           289          0          1         95       26.9      29.40      34.03
12:35am           289          0          0         95       26.6      29.40      34.03
12:40am           289          0          0         95       26.3      29.40      34.03
12:45am            40          0          0         95       26.4      29.40      34.03
12:50am            40          0          0         95       26.4      29.40      34.03
12:55am            40          0          0         95       26.2      29.40      34.03
1:00am             40          0          0         95       26.0      29.40      34.03
1:05am            355          0          0         95       25.9      29.40      34.03
1:10am            355          0          0         95       25.9      29.40      34.03
1:15am            355          0          0         95       25.9      29.41      34.03
1:20am            355          0          0         95       25.7      29.41      34.03
1:25am            355          0          0         95       25.2      29.41      34.03
1:30am            348          0          0         95       25.0      29.41      34.03
1:35am            325          0          0         95       24.9      29.41      34.03
1:40am            276          0          1         95       25.0      29.41      34.03
1:45am            275          0          1         95       25.0      29.41      34.03
1:50am            275          0          1         95       25.1      29.41      34.03
1:55am            275          0          1         95       25.0      29.41      34.03
2:00am            275          0          1         95       25.0      29.41      34.03
2:05am            260          0          0         95       24.8      29.41      34.03
2:10am            260          0          0         95       24.8      29.42      34.03
2:14am            260          0          0         95       24.8      29.41      34.03
2:20am            260          0          0         95       24.8      29.42      34.03
2:25am            260          0          0         95       24.8      29.42      34.03
2:30am            260          0          0         95       24.8      29.42      34.03
2:35am            260          0          0         95       24.8      29.41      34.03
2:40am            260          0          0         95       24.8      29.41      34.03
2:45am            260          0          0         95       24.8      29.42      34.03
2:50am            260          0          0         95       24.8      29.42      34.03
2:55am            260          0          0         95       24.8      29.42      34.03
3:00am            260          0          0         95       24.8      29.42      34.03
3:05am            260          0          0         95       24.8      29.41      34.03
3:10am            260          0          0         95       24.8      29.42      34.03
3:15am            260          0          0         95       24.8      29.42      34.03
3:20am            260          0          0         95       24.8      29.42      34.03
3:25am            260          0          0         95       24.8      29.42      34.03
3:30am            260          0          0         95       24.8      29.42      34.03
3:35am            260          0          0         95       24.8      29.42      34.03
3:40am            260          0          0         95       24.8      29.42      34.03
3:45am            260          0          0         95       24.8      29.42      34.03
3:50am            260          0          0         95       24.8      29.42      34.03
3:55am            260          0          0         95       24.8      29.42      34.03
4:00am            260          0          0         95       24.8      29.42      34.03
4:05am            260          0          0         95       24.8      29.42      34.03
4:10am            260          0          0         95       24.8      29.42      34.03
4:15am            260          0          0         95       24.8      29.42      34.03
4:20am            260          0          0         95       24.8      29.42      34.03
4:25am            260          0          0         95       24.8      29.42      34.03
4:30am            260          0          0         95       24.8      29.43      34.03
4:35am            260          0          0         95       24.8      29.43      34.03
4:40am            260          0          0         95       24.8      29.43      34.03
4:45am            260          0          0         95       24.8      29.43      34.03
4:50am            260          0          0         95       24.8      29.43      34.03
4:55am            260          0          0         95       24.8      29.43      34.03
5:00am            260          0          0         95       24.8      29.43      34.03
5:05am            260          0          0         95       24.8      29.43      34.03
5:10am            260          0          0         95       24.8      29.44      34.03
5:15am            260          0          0         95       24.8      29.44      34.03
5:20am            260          0          0         95       24.8      29.44      34.03
5:25am            260          0          0         95       24.8      29.45      34.03
5:30am            260          0          0         95       24.8      29.45      34.03
5:35am            260          0          0         95       24.8      29.45      34.03
5:40am            260          0          0         95       24.8      29.45      34.03
5:45am            260          0          0         95       24.8      29.45      34.03
5:50am            260          0          0         95       24.8      29.45      34.03
5:55am            260          0          0         95       24.8      29.46      34.03
6:00am            260          0          0         95       24.8      29.46      34.03
6:05am            260          0          0         95       24.8      29.46      34.03
6:10am            260          0          0         95       24.8      29.46      34.03
6:15am            260          0          0         95       24.8      29.46      34.03
6:20am            260          0          0         95       24.8      29.46      34.03
6:25am            260          0          0         95       24.8      29.47      34.03
6:30am            260          0          0         95       24.8      29.47      34.03
6:35am            260          0          0         95       24.8      29.47      34.03
6:40am            260          0          0         95       24.8      29.47      34.03
6:45am            260          0          0         95       24.8      29.47      34.03
6:50am            260          0          0         95       24.8      29.48      34.03
6:55am            260          0          0         95       24.8      29.48      34.03
7:00am            260          0          0         95       24.8      29.48      34.03
7:05am            260          0          0         95       24.8      29.48      34.03
7:10am            260          0          0         95       24.8      29.48      34.03
7:15am            260          0          0         95       24.8      29.48      34.03
7:20am            260          0          0         95       24.8      29.49      34.03
7:25am            260          0          0         95       24.8      29.49      34.03
7:30am            260          0          0         95       24.8      29.49      34.03
7:35am            260          0          0         95       24.8      29.49      34.03
7:40am            260          0          0         95       24.8      29.50      34.03
7:45am            260          0          0         95       24.8      29.50      34.03
7:50am            260          0          0         95       24.8      29.50      34.03
7:55am            260          0          0         95       24.8      29.50      34.03
8:00am            261          0          1         95       25.7      29.50      34.03
8:05am            255          0          1         96       26.1      29.51      34.03
8:10am            276          0          1         96       26.4      29.51      34.03
8:15am            280          0          1         96       26.9      29.51      34.03
8:20am            275          0          1         96       27.1      29.51      34.03
8:25am            274          0          1         96       27.3      29.51      34.03
8:30am            283          0          1         96       27.5      29.51      34.03
8:35am            274          0          1         96       27.7      29.51      34.03
8:40am            275          0          1         96       27.8      29.52      34.03
8:45am            270          0          1         95       27.8      29.52      34.03
8:50am            266          0          1         95       27.9      29.52      34.03
8:55am            274          0          1         96       28.1      29.52      34.03
9:00am            276          0          1         96       28.4      29.52      34.03
9:05am            276          0          0         96       29.0      29.53      34.03
9:10am            281          0          0         96       29.4      29.52      34.03
9:15am            268          0          1         96       29.5      29.53      34.03
9:20am            266          0          1         95       29.5      29.53      34.03
9:25am            278          0          1         95       29.4      29.53      34.03
9:30am            252          0          1         95       29.3      29.53      34.03
9:35am            264          0          1         95       29.3      29.53      34.03
9:40am            273          0          1         95       29.4      29.53      34.03
9:45am            275          1          2         96       29.8      29.54      34.03
9:50am            264          2          2         95       30.1      29.54      34.03
9:55am            276          1          7         95       30.6      29.54      34.03
10:00am           248          0          7         94       31.0      29.54      34.03
10:05am           264          0          4         93       31.2      29.54      34.03
10:10am           266          2          4         93       31.4      29.54      34.03
10:15am           280          2          5         91       31.8      29.54      34.03
10:20am           257          1          5         91       32.0      29.54      34.03
10:25am           278          2          6         90       32.2      29.54      34.03
10:30am           248          2          6         90       32.4      29.54      34.03
10:35am           278          2          5         89       32.6      29.54      34.03
10:40am           271          4          9         88       32.8      29.54      34.03
10:45am           247          2          9         87       32.9      29.54      34.03
10:50am           284          5          9         86       33.3      29.54      34.03
10:55am           255          2          9         84       33.9      29.54      34.03
11:00am           214          0          9         82       34.3      29.54      34.03
11:05am           264          7          9         80       34.6      29.54      34.03
11:10am           342          6          9         79       34.9      29.54      34.03
11:15am           269          4          9         79       35.1      29.54      34.03
11:20am           265          1          9         78       35.1      29.54      34.03
11:25am           182          0          9         78       35.3      29.55      34.03
11:30am           275          5          9         77       35.3      29.54      34.03
11:35am           269          7         15         76       35.3      29.54      34.03
11:40am           271          5         15         76       35.5      29.55      34.03
11:45am           260          4         15         75       35.7      29.54      34.03
11:50am           279          2         15         75       35.5      29.55      34.03
11:55am           269          5         15         75       35.5      29.55      34.03
12:00pm           252          0         15         75       35.3      29.55      34.03
12:05pm           270          6         13         75       35.2      29.55      34.03
12:10pm           283          3         13         75       35.2      29.55      34.03
12:15pm           261          5         13         75       35.3      29.55      34.03
12:20pm           265          3         13         75       35.3      29.55      34.03
12:25pm           261          3         13         75       35.6      29.55      34.03
12:30pm           244          4         13         74       35.8      29.55      34.03
12:35pm           275          2          8         74       35.7      29.55      34.03
12:40pm            11          1          8         75       35.7      29.55      34.03
12:45pm           244          1          8         75       35.7      29.55      34.03
12:50pm           273          2         10         74       35.7      29.55      34.03
12:55pm           264          6         13         72       35.7      29.55      34.03
1:00pm            268          4         13         73       35.7      29.55      34.03
1:05pm            273          3         12         73       35.4      29.55      34.03
1:10pm            236          3         12         74       35.2      29.56      34.03
1:15pm            283          5         12         75       35.0      29.56      34.03
1:20pm            276          5         12         75       34.9      29.56      34.03
1:25pm            268          2         12         75       34.8      29.56      34.03
1:30pm            264          4         12         75       34.8      29.56      34.03
1:35pm            290          3          9         75       34.9      29.56      34.03
1:40pm            264          4         12         75       34.8      29.57      34.03
1:45pm            286          3         12         75       34.8      29.57      34.03
1:50pm            281         10         13         75       34.8      29.57      34.03
1:55pm            275          3         13         75       34.8      29.58      34.03
2:00pm            252          7         13         76       34.7      29.57      34.03
2:05pm            272         16         16         76       34.6      29.57      34.03
2:10pm            272         10         16         77       34.3      29.57      34.03
2:15pm            288          6         16         77       34.1      29.58      34.03
2:20pm            255          7         16         78       34.1      29.58      34.03
2:25pm            254          7         16         78       34.0      29.58      34.03
2:30pm            264          3         16         78       34.1      29.58      34.03
2:35pm            278          4         11         78       34.0      29.59      34.03
2:40pm            295          3         13         79       33.9      29.59      34.03
2:45pm            261          5         13         80       33.6      29.60      34.03
2:50pm            252          4         15         77       33.3      29.60      34.03
2:55pm            321          5         15         73       33.2      29.61      34.03
3:00pm            271          7         15         72       33.1      29.61      34.03
3:05pm            258          6         17         70       32.8      29.61      34.03
3:10pm            260         14         20         69       32.5      29.62      34.03
3:15pm            276          5         20         68       32.1      29.62      34.03
3:20pm            229          2         20         69       31.9      29.63      34.03
3:25pm            288          6         20         70       31.7      29.64      34.03
3:30pm            268          5         20         70       31.6      29.64      34.03
3:35pm            265          1         11         69       31.5      29.64      34.03
3:40pm            125          0         11         70       31.4      29.64      34.03
3:45pm            283          2         11         70       31.2      29.65      34.03
3:50pm            262          3         11         70       31.0      29.65      34.03
3:55pm            254          3         11         70       30.9      29.65      34.03
4:00pm            285          3         11         69       30.8      29.65      34.03
4:05pm            266          2          7         70       30.7      29.65      34.03
4:10pm            255          2          8         70       30.6      29.65      34.03
4:15pm            279          0          9         69       30.5      29.66      34.03
4:20pm            251          1          9         70       30.4      29.66      34.03
4:25pm            280          1          9         70       30.4      29.66      34.03
4:30pm            267          2          9         70       30.2      29.66      34.03
4:35pm            271          7          7         69       30.2      29.66      34.03
4:40pm            258          2          7         69       30.2      29.67      34.03
4:45pm            250          4          7         69       30.1      29.67      34.03
4:50pm            283          3          9         69       30.0      29.67      34.03
4:55pm            244          0          9         69       29.9      29.67      34.03
5:00pm            120          0          9         67       29.9      29.68      34.03
5:05pm            211          1          5         67       29.9      29.68      34.03
5:10pm            263          1          6         67       29.9      29.68      34.03
5:15pm            289          0          8         66       29.9      29.68      34.03
5:20pm            248          0          8         66       29.9      29.69      34.03
5:25pm            252          0          8         66       29.8      29.69      34.03
5:30pm            283          2          8         67       29.8      29.70      34.03
5:35pm            259          3          6         67       29.8      29.70      34.03
5:40pm            292          2          8         66       29.7      29.70      34.03
5:45pm            247          2          8         65       29.8      29.70      34.03
5:50pm            298          3          8         64       29.7      29.71      34.03
5:55pm            316          2          8         65       29.7      29.71      34.03
6:00pm            257          1         10         65       29.6      29.72      34.03
6:05pm            263          7         11         65       29.5      29.72      34.03
6:10pm            110          1         11         66       29.4      29.73      34.03
6:15pm            252          4         11         66       29.3      29.73      34.03
6:20pm            296          4         11         66       29.2      29.73      34.03
6:25pm            348          1         11         67       29.1      29.74      34.03
6:30pm            252          1         11         66       29.0      29.74      34.03
6:35pm            243          2          4         65       28.9      29.74      34.03
6:40pm            285          2          4         66       28.8      29.75      34.03
6:45pm            298          2         14         65       28.6      29.75      34.03
6:50pm            252          2         14         65       28.5      29.76      34.03
6:55pm            250          2         14         66       28.3      29.76      34.03
7:00pm            252          1         14         66       28.1      29.76      34.03
7:05pm            269          1          9         66       28.0      29.77      34.03
7:10pm            278          0          9         66       27.9      29.77      34.03
7:15pm            197          0          9         67       27.7      29.77      34.03
7:20pm            274          0          9         67       27.6      29.77      34.03
7:25pm            113          0          9         66       27.5      29.78      34.03
7:30pm            259          1          9         67       27.4      29.78      34.03
7:35pm            255          0          6         68       27.3      29.78      34.03
7:40pm            252          1          7         69       27.2      29.79      34.03
7:45pm            271          2          7         70       27.1      29.79      34.03
7:50pm            263          1          8         70       26.9      29.79      34.03
7:55pm            278          3         12         69       26.8      29.79      34.03
8:00pm            281          1         12         69       26.7      29.80      34.03
8:05pm            328          0          5         68       26.6      29.80      34.03
8:10pm            197          2         12         68       26.4      29.80      34.03
8:15pm            224          2         12         67       26.2      29.80      34.03
8:20pm            259          5         12         68       26.1      29.81      34.03
8:25pm            115          1         12         69       25.9      29.81      34.03
8:30pm            229          3         13         68       25.8      29.82      34.03
8:35pm            274          5         15         67       25.7      29.82      34.03
8:40pm            281          6         15         69       25.7      29.82      34.03
8:45pm            248          1         15         68       25.6      29.82      34.03
8:50pm            238          0         15         68       25.5      29.82      34.03
8:55pm            293          4         15         69       25.5      29.83      34.03
9:00pm            250          1         15         69       25.4      29.83      34.03
9:05pm            277          0          5         69       25.3      29.83      34.03
9:10pm            259          3          7         69       25.1      29.84      34.03
9:15pm            274          1         10         69       25.1      29.83      34.03
9:20pm            292          0         10         69       25.0      29.83      34.03
9:25pm            279          0         10         69       24.8      29.84      34.03
9:30pm            252          0         10         70       24.6      29.84      34.03
9:35pm            306          3         10         70       24.5      29.84      34.03
9:40pm             48          3         10         70       24.3      29.85      34.03
9:45pm            262          8         10         70       24.2      29.85      34.03
9:50pm            275         11         11         70       24.1      29.85      34.03
9:55pm            250          2         11         71       23.9      29.86      34.03
10:00pm           293          1         11         71       23.9      29.86      34.03
10:05pm           181          2          6         72       23.6      29.86      34.03
10:10pm           232          3          7         71       23.5      29.86      34.03
10:15pm           288          2          7         71       23.5      29.87      34.03
10:20pm           259          0          7         72       23.5      29.87      34.03
10:25pm           257          4          7         71       23.5      29.87      34.03
10:30pm           289          7          7         72       23.4      29.88      34.03
10:35pm           259          2          9         72       23.4      29.88      34.03
10:40pm           254          1          9         72       23.4      29.88      34.03
10:45pm           262          1          9         72       23.3      29.88      34.03
10:50pm           269          2         10         71       23.3      29.89      34.03
10:55pm           248          0         10         72       23.3      29.89      34.03
11:00pm           266          0         10         71       23.3      29.89      34.03
11:05pm           284          3          8         72       23.3      29.89      34.03
11:10pm           288          4          8         72       23.3      29.89      34.03
11:15pm           265          0          8         72       23.2      29.89      34.03
11:20pm           257          1          8         72       23.3      29.90      34.03
11:25pm           266          2          8         71       23.3      29.90      34.03
11:30pm           266          0          8         72       23.3      29.90      34.03
11:35pm           251          1          1         72       23.3      29.90      34.03
11:40pm           240          0          1         73       23.2      29.90      34.03
11:45pm           264          0          2         73       23.2      29.90      34.03
11:50pm           262          2          4         73       23.2      29.90      34.03
11:55pm           260          0          4         73       23.2      29.90      34.03
