1/16/20
Time         Wind Dir   Wind Spd  Wind Gust   Humidity       Temp  Raw Barom   Tot Rain
                    °        mph        mph          %         °F         in         in
12:00am           346          0          1         89       30.9      29.98       0.70
12:05am           346          0          0         89       30.8      29.98       0.70
12:10am           346          0          0         89       30.8      29.99       0.70
12:15am           346          0          0         89       30.9      29.98       0.70
12:20am           346          0          0         89       30.8      29.97       0.70
12:25am           346          0          0         90       30.8      29.97       0.70
12:30am           346          0          0         90       30.9      29.97       0.70
12:35am           346          0          0         90       30.9      29.97       0.70
12:40am           346          0          0         90       30.9      29.97       0.70
12:45am           346          0          0         90       30.9      29.97       0.70
12:50am            57          0          0         90       30.9      29.95       0.70
12:55am            84          0          1         90       30.9      29.95       0.70
1:00am             84          0          1         90       31.0      29.94       0.70
1:05am             84          0          0         90       31.0      29.94       0.70
1:10am             84          0          0         90       31.1      29.95       0.70
1:15am             84          0          0         90       31.0      29.95       0.70
1:20am             84          0          0         90       31.0      29.95       0.70
1:25am             84          0          0         90       31.0      29.94       0.70
1:30am             98          0          1         90       31.0      29.92       0.70
1:35am             98          0          0         90       31.0      29.93       0.70
1:40am              2          0          0         90       31.2      29.94       0.70
1:44am            320          0          0         90       31.3      29.93       0.70
1:50am             58          0          1         90       31.3      29.93       0.70
1:55am             82          0          1         90       31.3      29.93       0.70
2:00am             98          0          1         90       31.3      29.92       0.70
2:05am             82          0          1         90       31.2      29.92       0.70
2:10am             94          0          1         90       31.2      29.92       0.70
2:15am            155          0          1         90       31.2      29.91       0.70
2:20am            155          0          1         90       31.1      29.92       0.70
2:25am            152          0          1         90       31.1      29.92       0.70
2:30am            152          0          1         90       31.1      29.91       0.70
2:35am            152          0          0         90       31.1      29.91       0.70
2:40am            152          0          0         90       31.1      29.90       0.70
2:45am            152          0          0         90       31.1      29.89       0.70
2:50am            152          0          0         90       31.1      29.89       0.70
2:55am            152          0          0         90       31.1      29.89       0.70
3:00am            152          0          0         90       31.1      29.88       0.70
3:05am            152          0          0         90       31.1      29.88       0.70
3:10am            152          0          0         90       31.1      29.87       0.70
3:14am            152          0          0         90       31.1      29.88       0.70
3:20am            152          0          0         90       31.1      29.87       0.70
3:25am            152          0          0         90       31.1      29.87       0.70
3:30am            152          0          0         90       31.1      29.86       0.70
3:35am            152          0          0         90       31.1      29.85       0.70
3:40am            152          0          0         90       31.1      29.85       0.70
3:45am            152          0          0         90       31.1      29.84       0.70
3:50am            152          0          0         90       31.1      29.84       0.70
3:55am            152          0          0         90       31.1      29.84       0.70
4:00am            152          0          0         90       31.1      29.82       0.70
4:05am            152          0          0         90       31.1      29.82       0.70
4:10am            152          0          0         90       31.1      29.82       0.70
4:15am            152          0          0         90       31.1      29.82       0.70
4:20am            152          0          0         90       31.1      29.83       0.70
4:25am            152          0          0         90       31.1      29.83       0.70
4:30am            152          0          0         90       31.1      29.82       0.70
4:35am            152          0          0         90       31.1      29.82       0.70
4:40am            152          0          0         90       31.1      29.81       0.70
4:45am            152          0          0         90       31.1      29.80       0.70
4:50am            152          0          0         90       31.1      29.80       0.70
4:54am            152          0          0         90       31.1      29.80       0.70
5:00am            152          0          0         90       31.1      29.80       0.70
5:05am            152          0          0         90       31.1      29.79       0.70
5:10am            152          0          0         90       31.1      29.79       0.70
5:15am            152          0          0         90       31.1      29.79       0.70
5:20am            152          0          0         90       31.1      29.79       0.70
5:25am            152          0          0         90       31.1      29.78       0.70
5:30am            152          0          0         90       31.1      29.78       0.70
5:35am            152          0          0         90       31.1      29.78       0.70
5:40am            152          0          0         90       31.1      29.78       0.70
5:45am            152          0          0         90       31.1      29.77       0.70
5:50am            152          0          0         90       31.1      29.78       0.70
5:55am            152          0          0         90       31.1      29.78       0.70
6:00am            152          0          0         90       31.1      29.77       0.70
6:05am            152          0          0         90       31.1      29.77       0.70
6:10am            152          0          0         90       31.1      29.76       0.70
6:15am            152          0          0         90       31.1      29.76       0.70
6:20am            152          0          0         90       31.1      29.76       0.70
6:25am            152          0          0         90       31.1      29.75       0.70
6:30am            152          0          0         90       31.1      29.75       0.70
6:35am            152          0          0         90       31.1      29.74       0.70
6:40am            152          0          0         90       31.1      29.74       0.70
6:45am            152          0          0         90       31.1      29.74       0.70
6:50am            152          0          0         90       31.1      29.73       0.70
6:55am            152          0          0         90       31.1      29.73       0.70
7:00am            152          0          0         90       31.1      29.72       0.70
7:05am            152          0          0         90       31.1      29.72       0.70
7:10am            152          0          0         90       31.1      29.71       0.70
7:15am            152          0          0         90       31.1      29.72       0.70
7:20am            152          0          0         90       31.1      29.72       0.70
7:25am            152          0          0         90       31.1      29.71       0.70
7:30am            152          0          0         90       31.1      29.71       0.70
7:35am            152          0          0         90       31.1      29.71       0.70
7:40am            152          0          0         90       31.1      29.70       0.70
7:45am            152          0          0         90       31.1      29.70       0.70
7:50am            152          0          0         90       31.1      29.70       0.70
7:55am            152          0          0         90       31.1      29.69       0.70
8:00am            152          0          0         90       31.1      29.69       0.70
8:05am            152          0          0         90       31.1      29.68       0.70
8:10am            152          0          0         90       31.1      29.68       0.70
8:15am            152          0          0         90       31.1      29.68       0.70
8:20am            152          0          0         90       31.1      29.68       0.70
8:25am            152          0          0         90       31.1      29.68       0.70
8:30am            152          0          0         90       31.1      29.67       0.70
8:35am            152          0          0         90       31.1      29.67       0.70
8:40am            152          0          0         90       31.1      29.67       0.70
8:45am            152          0          0         90       31.1      29.67       0.70
8:50am            152          0          0         90       31.1      29.67       0.70
8:55am            152          0          0         90       31.1      29.66       0.70
9:00am            152          0          0         90       31.1      29.66       0.70
9:05am            152          0          0         90       31.1      29.66       0.70
9:10am            152          0          0         90       31.1      29.66       0.70
9:15am            152          0          0         90       31.1      29.66       0.70
9:20am            152          0          0         90       31.1      29.66       0.70
9:25am            152          0          0         90       31.1      29.67       0.70
9:30am             96          0          0         96       31.3      29.66       0.70
9:35am             76          0          0         96       31.3      29.66       0.70
9:40am             88          0          0         96       31.3      29.67       0.70
9:45am            109          0          0         96       31.3      29.67       0.70
9:50am             98          0          0         96       31.4      29.66       0.70
9:55am             98          0          0         96       31.5      29.66       0.70
10:00am            98          0          0         96       31.7      29.67       0.70
10:05am            98          0          0         96       31.9      29.67       0.70
10:10am            99          0          0         96       32.0      29.67       0.70
10:15am           263          0          0         95       32.0      29.66       0.70
10:20am           266          0          0         95       32.2      29.66       0.70
10:25am           278          0          0         95       32.4      29.66       0.70
10:30am           276          0          0         95       32.4      29.66       0.70
10:35am           250          0          0         95       32.4      29.66       0.70
10:40am           258          0          0         95       32.5      29.66       0.70
10:45am           263          0          0         95       32.7      29.66       0.70
10:50am           276          0          0         95       32.9      29.66       0.70
10:55am           271          0          0         95       33.2      29.66       0.70
11:00am           256          0          0         95       33.5      29.66       0.70
11:05am           278          0          0         95       34.1      29.65       0.70
11:10am           283          2          3         94       34.3      29.65       0.70
11:15am           269          1          4         93       34.2      29.65       0.70
11:20am           294          1          5         93       34.3      29.65       0.70
11:25am           229          0          7         92       34.3      29.65       0.70
11:30am           285          8          8         92       34.2      29.65       0.70
11:35am           276          0          6         92       34.0      29.66       0.70
11:40am           127          0          6         92       33.9      29.66       0.70
11:45am           236          0          6         92       33.6      29.66       0.70
11:50am            65          0          6         92       33.3      29.66       0.70
11:55am           254          1          6         93       33.3      29.66       0.70
12:00pm           139          1          6         93       33.2      29.67       0.70
12:05pm            50          4          8         93       33.1      29.67       0.70
12:10pm           294          2          9         93       33.1      29.66       0.70
12:15pm           220          0          9         92       33.0      29.67       0.70
12:20pm           268          2         14         92       32.9      29.67       0.70
12:25pm           257          0         14         92       32.8      29.67       0.70
12:30pm            87          1         14         92       32.8      29.67       0.70
12:35pm            40          5          9         91       32.7      29.67       0.70
12:40pm           246          0         10         91       32.7      29.67       0.70
12:45pm           283          3         23         89       32.7      29.68       0.70
12:50pm           195          5         23         88       32.5      29.68       0.70
12:55pm           238          4         23         88       32.5      29.68       0.70
12:59pm           238          3         23         88       32.4      29.68       0.70
1:05pm            237          0         13         87       32.3      29.69       0.70
1:10pm            237          0         15         86       32.0      29.69       0.70
1:15pm            237          3         15         87       31.9      29.70       0.70
1:20pm            237          5         15         86       31.8      29.70       0.70
1:25pm            237          5         15         85       31.7      29.70       0.70
1:30pm            237          1         15         85       31.7      29.71       0.70
1:35pm            237         13         14         83       31.5      29.71       0.70
1:40pm            237          3         14         82       31.3      29.71       0.70
1:45pm            237          2         14         81       31.1      29.71       0.70
1:50pm            237          8         14         81       30.8      29.71       0.70
1:55pm            237          2         14         81       30.6      29.71       0.70
2:00pm            237          0         14         81       30.5      29.72       0.70
2:05pm            237          1         12         82       30.4      29.72       0.70
2:10pm            237          1         12         82       30.3      29.72       0.70
2:15pm            237          1         14         81       30.2      29.73       0.70
2:20pm            237          1         14         81       30.0      29.73       0.70
2:25pm            237          0         16         81       29.8      29.74       0.70
2:30pm            237          4         16         80       29.6      29.74       0.70
2:35pm            237          2          8         80       29.5      29.74       0.70
2:40pm            237          3         13         79       29.3      29.74       0.70
2:45pm            237          4         14         79       29.3      29.74       0.70
2:50pm             34          1         22         79       29.0      29.74       0.70
2:55pm            215          2         22         78       28.8      29.74       0.70
2:59pm            271          2         22         78       28.8      29.75       0.70
3:05pm            124          2          9         78       28.8      29.75       0.70
3:10pm             13          7         11         78       28.8      29.75       0.70
3:14pm             82          5         12         78       28.9      29.76       0.70
3:20pm             78          2         12         79       29.0      29.76       0.70
3:25pm            148          3         12         78       29.1      29.76       0.70
3:30pm             84          4         12         78       29.0      29.75       0.70
3:35pm             63          1         13         78       28.8      29.76       0.70
3:40pm            316          1         13         77       28.6      29.77       0.70
3:45pm            224          0         13         78       28.5      29.77       0.70
3:50pm            162          2         13         77       28.5      29.78       0.70
3:55pm            169          2         13         76       28.4      29.78       0.70
3:59pm             78          2         13         75       28.1      29.79       0.70
4:05pm            129          0          7         76       27.8      29.80       0.70
4:10pm            125          1         11         77       27.5      29.79       0.70
4:15pm             51          2         11         77       27.3      29.80       0.70
4:20pm            279          1         11         78       27.1      29.80       0.70
4:25pm            293          0         18         78       26.9      29.80       0.70
4:30pm            352          2         18         78       26.7      29.80       0.70
4:35pm            173          2         10         77       26.6      29.81       0.70
4:40pm            255          2         11         77       26.6      29.82       0.70
4:45pm            281          2         14         76       26.5      29.82       0.70
4:50pm            148          0         14         76       26.5      29.83       0.70
4:55pm            163          0         14         77       26.3      29.83       0.70
5:00pm            293          5         14         78       26.0      29.83       0.70
5:05pm            218          0          8         78       26.0      29.83       0.70
5:10pm            282          1          8         80       25.9      29.84       0.70
5:15pm            272          0          8         80       25.8      29.84       0.70
5:20pm            271          3          8         81       25.6      29.84       0.70
5:25pm            250          4          8         81       25.5      29.84       0.70
5:30pm            229          0          8         81       25.5      29.84       0.70
5:35pm            141          1          9         81       25.4      29.85       0.70
5:40pm            223          0          9         81       25.4      29.86       0.70
5:45pm            209          0         13         81       25.3      29.86       0.70
5:50pm            298          0         13         80       25.3      29.86       0.70
5:55pm            257          4         13         80       25.2      29.87       0.70
6:00pm            240          0         13         80       25.2      29.87       0.70
6:05pm            270          0         10         80       25.1      29.87       0.70
6:10pm            328          2         10         81       25.0      29.87       0.70
6:15pm            116          0         10         81       25.0      29.88       0.70
6:20pm             60          0         10         81       24.9      29.88       0.70
6:25pm             34          1         13         82       24.8      29.88       0.70
6:30pm             17          0         17         81       25.1      29.88       0.70
6:35pm            342          0         10         81       25.2      29.89       0.70
6:40pm            328          0         10         81       25.1      29.89       0.70
6:45pm            282          2         12         81       25.1      29.90       0.70
6:50pm             98          1         12         80       25.1      29.89       0.70
6:55pm            290          1         12         81       25.0      29.89       0.70
7:00pm            279          1         15         81       24.9      29.90       0.70
7:05pm             44          6          6         81       24.8      29.90       0.70
7:10pm            143          0         12         81       24.7      29.90       0.70
7:15pm            330          4         12         80       24.6      29.90       0.70
7:20pm             95          0         13         78       24.6      29.91       0.70
7:25pm            320          1         13         78       24.4      29.92       0.70
7:30pm            102          4         13         77       24.3      29.92       0.70
7:35pm            273          3          7         76       24.1      29.92       0.70
7:40pm            215          3         10         76       23.9      29.93       0.70
7:45pm            245          0         13         76       23.7      29.93       0.70
7:50pm            301          0         13         76       23.5      29.93       0.70
7:55pm            231          3         13         76       23.3      29.94       0.70
8:00pm            269          3         13         76       23.0      29.93       0.70
8:05pm            229          1         11         77       22.8      29.94       0.70
8:10pm            300          1         11         77       22.6      29.95       0.70
8:15pm            280          9         11         77       22.4      29.95       0.70
8:20pm            262          0         11         76       22.3      29.96       0.70
8:25pm            115          2         11         76       22.0      29.96       0.70
8:30pm            273          3         11         76       21.8      29.97       0.70
8:35pm            238          1          7         76       21.7      29.97       0.70
8:40pm            276          5         10         76       21.5      29.97       0.70
8:45pm            128          2         10         75       21.3      29.97       0.70
8:50pm             65          2         11         75       21.1      29.98       0.70
8:55pm            274          0         11         75       20.9      29.98       0.70
9:00pm            162          0         11         76       20.8      29.99       0.70
9:05pm            153          0          6         75       20.6      29.99       0.70
9:10pm             34          0          6         76       20.5      29.99       0.70
9:15pm            200          0          6         76       20.4      30.00       0.70
9:20pm            108          0          6         77       20.3      30.00       0.70
9:25pm             49          4         10         76       20.1      30.01       0.70
9:30pm            255          2         10         75       19.9      30.00       0.70
9:35pm            299          7         10         76       19.8      30.00       0.70
9:40pm            240          0         11         75       19.6      30.00       0.70
9:45pm            273          4         13         75       19.4      30.01       0.70
9:50pm             61          0         13         76       19.3      30.01       0.70
9:55pm            253          0         13         76       19.2      30.01       0.70
9:59pm            284          6         13         76       19.0      30.02       0.70
10:05pm           258          0         12         76       19.0      30.01       0.70
10:10pm           120          0         12         76       19.0      30.02       0.70
10:15pm           337          3         12         77       18.9      30.02       0.70
10:20pm           248          2         12         76       18.9      30.03       0.70
10:25pm           113          1         12         76       18.8      30.03       0.70
10:30pm            79          0         12         77       18.7      30.04       0.70
10:35pm           266          2         12         77       18.5      30.04       0.70
10:40pm           163          0         13         76       18.3      30.04       0.70
10:45pm           346         19         19         76       18.1      30.04       0.70
10:50pm           349          2         19         75       17.8      30.05       0.70
10:55pm           146          3         19         75       17.6      30.05       0.70
11:00pm           257          0         19         74       17.5      30.05       0.70
11:05pm           139          1         12         74       17.3      30.06       0.70
11:10pm           131          1         12         74       17.1      30.06       0.70
11:15pm           274          0         13         74       16.9      30.07       0.70
11:20pm           188          0         13         73       16.8      30.07       0.70
11:25pm           130          2         13         73       16.6      30.08       0.70
11:30pm           297          2         13         72       16.5      30.08       0.70
11:35pm            90          0          6         72       16.3      30.08       0.70
11:40pm           248          5         11         71       16.2      30.09       0.70
11:45pm           211          0         12         70       15.9      30.09       0.70
11:50pm           164          0         16         71       15.7      30.08       0.70
11:55pm           330          1         16         70       15.5      30.09       0.70
