1/4/20
Time         Wind Dir   Wind Spd  Wind Gust   Humidity       Temp  Raw Barom   Tot Rain
                    °        mph        mph          %         °F         in         in
12:00am           270          0          0         96       33.9      29.72      35.47
12:30am           270          0          2         96       32.9      29.72      35.47
1:00am            270          0          0         97       33.3      29.71      35.47
1:30am            270          0          1         97       33.8      29.71      35.47
2:00am            270          0          1         97       34.4      29.73      35.48
2:30am            270          0          1        100       33.0      29.73      35.48
3:00am            270          0          0        100       33.0      29.72      35.48
3:30am            270          0          0        100       33.0      29.71      35.48
4:00am            270          0          0        100       33.0      29.72      35.48
4:30am            270          0          0        100       33.0      29.72      35.48
5:00am            270          0          0        100       33.0      29.70      35.48
5:30am            270          0          0        100       33.0      29.71      35.48
6:00am            270          0          0        100       33.0      29.70      35.48
6:30am            270          0          0        100       33.0      29.70      35.48
7:00am            270          0          0        100       33.0      29.69      35.48
7:30am            270          0          0        100       33.0      29.69      35.48
8:00am            270          0          0        100       33.0      29.67      35.48
8:30am            270          0          0        100       33.0      29.68      35.48
9:00am            270          0          0         97       33.9      29.68      35.49
9:30am             90          0          3         97       34.8      29.66      35.51
10:00am            90          1          4         97       37.0      29.67      35.52
10:30am            90          1          3         97       37.2      29.65      35.55
11:00am            90          2          6         96       37.5      29.63      35.58
11:30am            90          1          4         96       37.2      29.61      35.60
12:00pm            90          1          5         97       37.3      29.58      35.63
12:30pm            90          2          7         96       36.9      29.57      35.65
1:00pm             68          4         10         96       36.7      29.57      35.67
1:30pm             68          2          9         96       36.1      29.55      35.70
2:00pm             90          1          6         96       36.0      29.54      35.74
2:30pm             90          0          4         96       35.7      29.54      35.76
3:00pm             90          2          6         96       35.2      29.53      35.78
3:30pm             90          3          8         96       34.9      29.53      35.79
4:00pm             90          3          8         96       34.4      29.51      35.80
4:30pm             90          2          8         96       34.2      29.53      35.80
5:00pm             90          1          6         96       33.9      29.52      35.81
5:30pm             90          1          5         96       33.3      29.52      35.82
6:00pm             90          1          5         97       33.2      29.52      35.82
6:30pm             90          1          5         97       32.9      29.51      35.82
7:00pm             90          0          1         97       32.7      29.52      35.82
7:30pm             90          0          0         97       32.5      29.51      35.82
8:00pm             90          0          0         97       32.4      29.50      35.83
8:30pm             90          0          0         97       32.5      29.51      35.83
9:00pm             90          0          0         97       32.3      29.50      35.83
9:30pm             90          0          1         97       32.3      29.52      35.83
10:00pm            90          0          0         97       32.2      29.50      35.83
10:30pm            90          0          0         97       32.2      29.47      35.83
11:00pm           270          0          2         97       32.6      29.47      35.83
11:30pm           270          0          3         97       32.5      29.47      35.83
