1/11/20
Time         Wind Dir   Wind Spd  Wind Gust   Humidity       Temp  Raw Barom   Tot Rain
                    °        mph        mph          %         °F         in         in
12:00am           236          0          1         93       35.9      30.30       0.70
12:05am           236          0          0         92       35.6      30.31       0.70
12:10am           236          0          0         93       35.8      30.30       0.70
12:15am           236          0          0         93       35.9      30.30       0.70
12:20am           236          0          0         95       36.6      30.30       0.70
12:25am           236          0          1         94       36.6      30.30       0.70
12:30am           196          0          1         93       36.4      30.30       0.70
12:35am           196          0          0         92       35.9      30.30       0.70
12:40am           221          0          4         96       37.2      30.29       0.70
12:45am           255          0          4         97       39.5      30.29       0.70
12:50am           231          0          4         95       40.6      30.29       0.70
12:55am           288          0          4         91       40.0      30.29       0.70
1:00am            204          0          4         87       38.5      30.29       0.70
1:05am            266          1          3         94       38.9      30.29       0.70
1:10am            264          0          4         94       40.4      30.29       0.70
1:15am            268          1          4         91       40.7      30.29       0.70
1:20am            262          0          6         92       41.1      30.29       0.70
1:25am            288          0          6         92       41.2      30.29       0.70
1:30am            266          0          6         91       41.7      30.29       0.70
1:35am            358          0          2         90       41.5      30.29       0.70
1:40am            289          1          3         91       41.4      30.28       0.70
1:45am            271          0          3         91       41.6      30.29       0.70
1:50am            256          0          3         91       41.7      30.28       0.70
1:55am            272          0          3         91       41.6      30.28       0.70
2:00am            319          2          3         90       41.3      30.28       0.70
2:05am             76          0          2         90       41.1      30.28       0.70
2:10am            240          0          2         91       41.1      30.27       0.70
2:15am            240          0          2         90       40.3      30.27       0.70
2:20am            240          0          2         91       39.7      30.27       0.70
2:25am            240          0          2         90       39.1      30.27       0.70
2:30am            240          0          2         90       38.4      30.27       0.70
2:35am            240          0          0         92       38.2      30.27       0.70
2:40am            261          0          2         94       38.6      30.27       0.70
2:45am             68          0          2         94       38.9      30.26       0.70
2:50am             68          0          2         92       38.4      30.26       0.70
2:55am             68          0          2         92       38.0      30.26       0.70
3:00am             68          0          2         91       37.0      30.26       0.70
3:05am             77          0          0         91       37.5      30.26       0.70
3:10am             77          0          0         91       37.5      30.26       0.70
3:15am             77          0          0         91       37.5      30.25       0.70
3:20am             77          0          0         91       37.5      30.25       0.70
3:25am             77          0          0         91       37.5      30.25       0.70
3:30am             77          0          0         91       37.5      30.25       0.70
3:35am             77          0          0         91       37.5      30.24       0.70
3:40am             77          0          0         91       37.5      30.24       0.70
3:45am             77          0          0         91       37.5      30.24       0.70
3:50am             77          0          0         91       37.5      30.24       0.70
3:55am             77          0          0         91       37.5      30.24       0.70
4:00am             77          0          0         91       37.5      30.23       0.70
4:05am             77          0          0         91       37.5      30.23       0.70
4:10am             77          0          0         91       37.5      30.23       0.70
4:15am             77          0          0         91       37.5      30.22       0.70
4:20am             77          0          0         91       37.5      30.22       0.70
4:25am             77          0          0         91       37.5      30.22       0.70
4:30am             77          0          0         91       37.5      30.21       0.70
4:35am             77          0          0         91       37.5      30.21       0.70
4:40am             77          0          0         91       37.5      30.21       0.70
4:45am             77          0          0         91       37.5      30.21       0.70
4:50am             77          0          0         91       37.5      30.20       0.70
4:55am             77          0          0         91       37.5      30.20       0.70
5:00am             77          0          0         91       37.5      30.20       0.70
5:05am             77          0          0         91       37.5      30.19       0.70
5:10am             77          0          0         91       37.5      30.19       0.70
5:15am             77          0          0         91       37.5      30.19       0.70
5:20am             77          0          0         91       37.5      30.19       0.70
5:25am             77          0          0         91       37.5      30.19       0.70
5:30am             77          0          0         91       37.5      30.19       0.70
5:35am             77          0          0         91       37.5      30.19       0.70
5:40am             77          0          0         91       37.5      30.18       0.70
5:45am             77          0          0         91       37.5      30.18       0.70
5:50am             77          0          0         91       37.5      30.18       0.70
5:55am             77          0          0         91       37.5      30.17       0.70
6:00am             77          0          0         91       37.5      30.17       0.70
6:05am             77          0          0         91       37.5      30.18       0.70
6:10am             77          0          0         91       37.5      30.17       0.70
6:15am             77          0          0         91       37.5      30.17       0.70
6:20am             77          0          0         91       37.5      30.17       0.70
6:25am             77          0          0         91       37.5      30.17       0.70
6:30am             77          0          0         91       37.5      30.17       0.70
6:35am             77          0          0         91       37.5      30.17       0.70
6:40am             77          0          0         91       37.5      30.16       0.70
6:45am             77          0          0         91       37.5      30.16       0.70
6:50am             77          0          0         91       37.5      30.15       0.70
6:55am             77          0          0         91       37.5      30.15       0.70
7:00am             77          0          0         91       37.5      30.16       0.70
7:05am             77          0          0         91       37.5      30.15       0.70
7:10am             77          0          0         91       37.5      30.15       0.70
7:15am             77          0          0         91       37.5      30.15       0.70
7:20am             77          0          0         91       37.5      30.14       0.70
7:25am             77          0          0         91       37.5      30.14       0.70
7:30am             77          0          0         91       37.5      30.14       0.70
7:35am             77          0          0         91       37.5      30.13       0.70
7:40am             77          0          0         91       37.5      30.13       0.70
7:45am             77          0          0         91       37.5      30.12       0.70
7:50am             77          0          0         91       37.5      30.12       0.70
7:55am             77          0          0         91       37.5      30.11       0.70
8:00am             77          0          0         91       37.5      30.12       0.70
8:05am             77          0          0         91       37.5      30.11       0.70
8:10am             77          0          0         91       37.5      30.11       0.70
8:15am             77          0          0         91       37.5      30.11       0.70
8:20am             77          0          0         91       37.5      30.11       0.70
8:25am             77          0          0         91       37.5      30.11       0.70
8:30am            294          5          7         91       49.5      30.11       0.70
8:35am            281          3          8         90       49.7      30.11       0.70
8:40am            281          1          8         90       49.9      30.11       0.70
8:45am            291          3         13         90       50.1      30.11       0.70
8:50am            235          5         13         89       50.1      30.11       0.70
8:55am            285          4         13         90       50.2      30.11       0.70
9:00am            291          4         13         89       50.2      30.11       0.70
9:05am            217          1         11         89       50.3      30.11       0.70
9:10am            259          0         11         89       50.4      30.11       0.70
9:15am            251          2         11         89       50.3      30.11       0.70
9:20am            236          3         11         89       50.5      30.11       0.70
9:25am            291          3         11         88       50.6      30.11       0.70
9:30am            269          4         12         88       50.9      30.10       0.70
9:35am            276         10         17         88       51.3      30.10       0.70
9:40am            270          5         17         87       52.0      30.09       0.70
9:45am            207          2         17         85       52.4      30.08       0.70
9:50am            271          5         17         85       52.8      30.08       0.70
9:55am            292          6         17         84       53.1      30.08       0.70
10:00am           269          6         17         84       53.3      30.07       0.70
10:05am           239          2         13         83       53.4      30.06       0.70
10:10am           315          3         13         83       53.6      30.06       0.70
10:15am           238          3         20         83       53.9      30.06       0.70
10:20am           266          7         20         82       54.0      30.05       0.70
10:25am           217          3         20         82       54.1      30.04       0.70
10:30am           260          6         20         82       54.3      30.03       0.70
10:35am           270          6         21         81       54.6      30.03       0.70
10:40am           259          5         21         81       54.9      30.03       0.70
10:45am           288         13         21         80       55.2      30.02       0.70
10:50am           287         11         21         79       55.6      30.01       0.70
10:55am           278          3         21         78       55.9      30.02       0.70
11:00am           299          6         21         78       56.1      30.01       0.70
11:05am           254          0         14         77       56.3      30.01       0.70
11:10am           288          2         14         77       56.6      30.01       0.70
11:15am           252          4         14         76       56.8      30.00       0.70
11:20am           278          7         15         76       57.0      30.00       0.70
11:25am           291          4         15         75       57.2      30.00       0.70
11:30am           266          5         15         74       57.4      30.00       0.70
11:35am           304          8         22         74       57.6      30.00       0.70
11:40am           271          7         22         74       57.8      29.99       0.70
11:45am           273          6         26         73       58.1      30.00       0.70
11:50am           293          4         26         72       58.4      29.99       0.70
11:55am           274         11         26         72       58.7      29.99       0.70
12:00pm           248          3         26         71       59.0      29.99       0.70
12:05pm           274          3         20         71       59.2      29.98       0.70
12:10pm           279          4         20         70       59.3      29.98       0.70
12:15pm           290          5         20         70       59.3      29.98       0.70
12:20pm           269          4         20         70       59.3      29.97       0.70
12:25pm           285          4         20         70       59.1      29.97       0.70
12:30pm           263          4         20         70       58.9      29.96       0.70
12:35pm           281          2         16         71       58.7      29.95       0.70
12:40pm           275          4         16         71       59.0      29.95       0.70
12:45pm           269          6         16         70       59.2      29.95       0.70
12:50pm           263          2         16         70       59.3      29.95       0.70
12:55pm           297          8         16         70       59.5      29.94       0.70
12:59pm           225          5         17         69       59.7      29.94       0.70
1:05pm            274          3         10         69       59.8      29.94       0.70
1:10pm            298          7         17         70       59.5      29.93       0.70
1:15pm            269          7         17         70       59.3      29.94       0.70
1:20pm            266          2         17         70       59.3      29.94       0.70
1:25pm            269          6         17         70       59.0      29.93       0.70
1:30pm            273          5         17         71       58.6      29.94       0.70
1:35pm            281          6         14         72       58.3      29.93       0.70
1:40pm            301          2         14         72       58.1      29.93       0.70
1:45pm            297          5         14         73       57.8      29.93       0.70
1:50pm            247         10         16         73       57.9      29.92       0.70
1:55pm            291          7         16         73       57.8      29.92       0.70
1:59pm            282          4         16         73       57.7      29.92       0.70
2:05pm            234          6         13         74       57.7      29.92       0.70
2:10pm            299          3         13         73       57.9      29.92       0.70
2:15pm            298          4         14         73       57.9      29.93       0.70
2:20pm            270          4         14         73       58.0      29.93       0.70
2:25pm            294          3         14         74       57.9      29.92       0.70
2:30pm            283          8         14         74       57.9      29.92       0.70
2:35pm            276          5         21         73       58.3      29.91       0.70
2:40pm            247          4         21         73       58.4      29.91       0.70
2:45pm            255          5         21         73       58.3      29.91       0.70
2:50pm            269          5         21         73       58.6      29.91       0.70
2:55pm            309          3         21         72       58.8      29.90       0.70
2:59pm            260          5         21         72       59.0      29.89       0.70
3:05pm            273          3         12         72       58.7      29.89       0.70
3:10pm            290          6         12         73       58.6      29.89       0.70
3:15pm            295          5         16         73       58.6      29.89       0.70
3:20pm            298          5         16         73       58.4      29.89       0.70
3:25pm            300          5         16         73       58.2      29.89       0.70
3:30pm            205          0         16         73       58.2      29.89       0.70
3:35pm            158          1          6         73       57.9      29.89       0.70
3:40pm            257          0          6         74       57.6      29.88       0.70
3:45pm            254          2          8         74       57.8      29.88       0.70
3:50pm            271          2          8         73       57.6      29.88       0.70
3:55pm            283          1          8         75       57.6      29.87       0.70
3:59pm            278          2          8         75       57.7      29.87       0.70
4:05pm            275         10         10         76       57.5      29.87       0.70
4:10pm            266          2         10         75       58.0      29.87       0.70
4:15pm            261          2         10         75       57.9      29.87       0.70
4:20pm            267          0         10         75       57.4      29.87       0.70
4:25pm            275          2         10         76       57.2      29.86       0.70
4:30pm            250          0         10         77       57.3      29.86       0.70
4:35pm            255          4          4         76       57.2      29.87       0.70
4:40pm            169          0          8         76       57.5      29.86       0.70
4:45pm            291          1         11         77       57.9      29.86       0.70
4:50pm            264          2         11         76       58.1      29.86       0.70
4:55pm            259          0         11         75       58.0      29.86       0.70
4:59pm            271          2         11         77       57.7      29.86       0.70
5:05pm            197          1          6         76       57.6      29.86       0.70
5:10pm            282          4          7         76       57.4      29.86       0.70
5:15pm            254          3         14         77       58.2      29.86       0.70
5:20pm            248          3         14         76       57.8      29.86       0.70
5:25pm            253          4         14         77       58.0      29.86       0.70
5:30pm            282          2         14         77       58.0      29.86       0.70
5:35pm            279          3          8         77       58.3      29.86       0.70
5:40pm            294          3          8         77       58.2      29.87       0.70
5:45pm            267          3          8         77       57.6      29.87       0.70
5:50pm            274          4          9         76       57.8      29.88       0.70
5:55pm            279          5          9         77       57.6      29.89       0.70
6:00pm            264          3         10         77       58.2      29.89       0.70
6:05pm            293          2          9         78       57.8      29.87       0.70
6:10pm            282          4          9         76       58.0      29.88       0.70
6:15pm            285          7          9         77       58.0      29.88       0.70
6:20pm            275          4          9         77       58.2      29.88       0.70
6:25pm            268          4          9         77       58.0      29.87       0.70
6:30pm            288          2          9         77       58.2      29.88       0.70
6:35pm            288          2          6         77       58.2      29.87       0.70
6:40pm            275          3          9         76       58.2      29.88       0.70
6:45pm            260          5         10         77       58.3      29.87       0.70
6:50pm            260          4         10         77       58.1      29.87       0.70
6:55pm            278          1         10         77       58.1      29.88       0.70
6:59pm            273          2         10         77       58.0      29.88       0.70
7:05pm            308          2         12         78       58.0      29.88       0.70
7:10pm            273          4         12         78       57.8      29.87       0.70
7:15pm            275          2         12         78       57.7      29.87       0.70
7:20pm            276          0         12         78       57.5      29.86       0.70
7:25pm            273          3         12         79       57.3      29.86       0.70
7:30pm            262          5         12         79       57.2      29.86       0.70
7:35pm            235          4          8         79       57.1      29.86       0.70
7:40pm            255          4         10         79       57.2      29.85       0.70
7:45pm            257          5         13         80       57.1      29.85       0.70
7:50pm            233          2         13         79       57.0      29.85       0.70
7:55pm            313          2         13         80       56.7      29.85       0.70
7:59pm            270          4         13         80       56.6      29.86       0.70
8:05pm            280          7         10         81       56.5      29.86       0.70
8:10pm            235          7         10         81       56.4      29.86       0.70
8:15pm            293          3         10         81       56.3      29.86       0.70
8:20pm            283          3         10         81       56.3      29.85       0.70
8:25pm            259          7         10         81       56.4      29.85       0.70
8:30pm            255          5         10         82       56.3      29.84       0.70
8:35pm            281          2         11         82       56.1      29.85       0.70
8:40pm            266          2         11         82       56.1      29.84       0.70
8:45pm            264          3         11         82       56.1      29.84       0.70
8:50pm            176          2         11         83       56.1      29.84       0.70
8:55pm            257          2         11         83       55.9      29.83       0.70
8:59pm            247          5         11         83       56.0      29.83       0.70
9:05pm            271          6         11         83       56.2      29.83       0.70
9:10pm            284          9         11         83       56.2      29.83       0.70
9:15pm            284          6         13         83       56.2      29.83       0.70
9:20pm            260          8         13         83       56.2      29.83       0.70
9:25pm            267          4         13         83       56.1      29.83       0.70
9:30pm            283          7         13         83       56.1      29.82       0.70
9:35pm            267          7         12         83       56.1      29.82       0.70
9:40pm            274          4         12         83       55.8      29.82       0.70
9:45pm            288          5         12         84       55.7      29.82       0.70
9:50pm            260          5         16         85       55.7      29.82       0.70
9:55pm            288          5         16         84       55.8      29.81       0.70
9:59pm            274          2         16         84       55.8      29.81       0.70
10:05pm           219          2         11         85       55.7      29.81       0.70
10:10pm           315          7         13         85       55.7      29.81       0.70
10:15pm           272          3         13         85       55.6      29.81       0.70
10:20pm           256          7         13         85       55.5      29.81       0.70
10:25pm           275          2         16         85       55.9      29.81       0.70
10:30pm           258          4         16         85       55.7      29.81       0.70
10:34pm           266          4          8         85       55.8      29.80       0.70
10:39pm           283          1         16         85       56.1      29.81       0.70
10:44pm           271          4         16         86       56.2      29.81       0.70
10:50pm           295          4         16         85       56.1      29.81       0.70
10:54pm           293          6         16         86       55.9      29.81       0.70
10:59pm           265          2         16         86       55.8      29.80       0.70
11:05pm           298          4          8         86       55.8      29.80       0.70
11:10pm           261          3          8         86       55.9      29.80       0.70
11:15pm           269          3          8         86       55.8      29.80       0.70
11:20pm           280          3         10         87       56.1      29.79       0.70
11:25pm           277          2         10         86       56.2      29.79       0.70
11:30pm           326          4         10         86       56.2      29.79       0.70
11:35pm           256          6          7         87       56.2      29.79       0.70
11:40pm           236          0          7         87       56.3      29.79       0.70
11:45pm           250          2          7         87       56.4      29.79       0.70
11:50pm           280          0         11         87       56.4      29.80       0.70
11:55pm           295          3         11         87       56.4      29.80       0.70
