2/24/20
Time         Wind Dir   Wind Spd  Wind Gust   Humidity       Temp  Raw Barom   Tot Rain
                    °        mph        mph          %         °F         in         in
12:00am           274          0          0         90       25.1      29.99       1.66
12:05am           274          0          0         91       25.0      29.99       1.66
12:10am           274          0          0         91       24.8      29.99       1.66
12:15am           274          0          0         91       24.6      29.99       1.66
12:20am           274          0          0         91       24.5      29.99       1.66
12:25am           274          0          0         91       24.4      29.99       1.66
12:30am           274          0          0         91       24.3      29.99       1.66
12:35am           274          0          0         91       24.2      29.98       1.66
12:40am           274          0          0         91       24.0      29.99       1.66
12:45am           274          0          0         92       23.9      29.98       1.66
12:50am           274          0          0         92       23.8      29.98       1.66
12:55am           274          0          0         92       23.6      29.98       1.66
1:00am            274          0          0         92       23.5      29.98       1.66
1:05am            274          0          0         92       23.6      29.98       1.66
1:10am            274          0          0         92       23.4      29.98       1.66
1:15am            274          0          0         92       23.0      29.98       1.66
1:20am            274          0          0         92       22.9      29.98       1.66
1:25am            274          0          0         92       22.3      29.98       1.66
1:30am            130          0          0         92       21.7      29.98       1.66
1:35am            130          0          0         91       20.9      29.98       1.66
1:40am            130          0          0         92       20.7      29.98       1.66
1:45am            130          0          0         93       21.1      29.98       1.66
1:50am            130          0          0         93       21.4      29.98       1.66
1:55am             84          0          1         93       21.6      29.98       1.66
2:00am             84          0          1         93       21.6      29.98       1.66
2:05am             84          0          0         93       21.3      29.98       1.66
2:10am             84          0          0         92       20.8      29.98       1.66
2:15am            121          0          1         92       20.4      29.98       1.66
2:20am            111          0          1         93       20.2      29.98       1.66
2:25am            111          0          1         93       20.4      29.98       1.66
2:30am            111          0          1         93       20.6      29.97       1.66
2:35am            111          0          1         93       20.1      29.97       1.66
2:40am            111          0          1         92       19.6      29.97       1.66
2:45am            176          0          1         92       19.1      29.97       1.66
2:50am            127          0          1         92       18.9      29.97       1.66
2:55am            127          0          1         93       18.7      29.97       1.66
3:00am            127          0          1         93       18.8      29.97       1.66
3:05am            127          0          0         94       19.3      29.97       1.66
3:10am            127          0          1         94       19.4      29.97       1.66
3:15am            127          0          1         93       19.0      29.96       1.66
3:20am            127          0          1         93       18.8      29.97       1.66
3:25am            127          0          1         93       18.2      29.96       1.66
3:30am            126          0          1         93       19.9      29.96       1.66
3:35am            126          0          0         93       19.9      29.96       1.66
3:40am            126          0          0         93       19.9      29.96       1.66
3:45am            126          0          0         93       19.9      29.96       1.66
3:50am            126          0          0         93       19.9      29.96       1.66
3:55am            126          0          0         93       19.9      29.96       1.66
4:00am            126          0          0         93       19.9      29.96       1.66
4:05am            126          0          0         93       19.9      29.96       1.66
4:10am            126          0          0         93       19.9      29.96       1.66
4:15am            126          0          0         93       19.9      29.96       1.66
4:20am            126          0          0         93       19.9      29.96       1.66
4:25am            126          0          0         93       19.9      29.96       1.66
4:30am            126          0          0         93       19.9      29.96       1.66
4:35am            126          0          0         93       19.9      29.96       1.66
4:40am            126          0          0         93       19.9      29.96       1.66
4:45am            126          0          0         93       19.9      29.96       1.66
4:50am            126          0          0         93       19.9      29.96       1.66
4:55am            126          0          0         93       19.9      29.96       1.66
5:00am            126          0          0         93       19.9      29.96       1.66
5:05am            126          0          0         93       19.9      29.96       1.66
5:10am            126          0          0         93       19.9      29.96       1.66
5:15am            126          0          0         93       19.9      29.96       1.66
5:20am            126          0          0         93       19.9      29.96       1.66
5:25am            126          0          0         93       19.9      29.96       1.66
5:30am            126          0          0         93       19.9      29.96       1.66
5:35am            126          0          0         93       19.9      29.96       1.66
5:40am            126          0          0         93       19.9      29.96       1.66
5:45am            126          0          0         93       19.9      29.96       1.66
5:50am            126          0          0         93       19.9      29.96       1.66
5:55am            126          0          0         93       19.9      29.96       1.66
5:59am            126          0          0         93       19.9      29.96       1.66
6:05am            126          0          0         93       19.9      29.96       1.66
6:10am            126          0          0         93       19.9      29.96       1.66
6:15am            126          0          0         93       19.9      29.95       1.66
6:20am            126          0          0         93       19.9      29.95       1.66
6:25am            126          0          0         93       19.9      29.95       1.66
6:30am            126          0          0         93       19.9      29.95       1.66
6:35am            126          0          0         93       19.9      29.95       1.66
6:40am            126          0          0         93       19.9      29.95       1.66
6:45am            126          0          0         93       19.9      29.95       1.66
6:50am            126          0          0         93       19.9      29.95       1.66
6:55am            126          0          0         93       19.9      29.95       1.66
6:59am            126          0          0         93       19.9      29.96       1.66
7:05am            126          0          0         93       19.9      29.96       1.66
7:10am            126          0          0         93       19.9      29.96       1.66
7:15am            110          0          0         93       17.9      29.97       1.66
7:20am            110          0          0         93       18.4      29.97       1.66
7:25am            110          0          0         94       19.8      29.97       1.66
7:30am            119          0          0         94       20.7      29.97       1.66
7:35am            119          0          0         93       20.9      29.97       1.66
7:40am            119          0          0         94       21.9      29.97       1.66
7:45am            111          0          0         93       22.4      29.98       1.66
7:50am            111          0          0         93       23.0      29.98       1.66
7:55am            112          0          0         94       24.7      29.98       1.66
7:59am            112          0          0         95       26.3      29.98       1.66
8:05am            112          0          0         94       26.9      29.98       1.66
8:10am            111          0          0         93       26.9      29.98       1.66
8:15am            112          0          0         93       27.7      29.98       1.66
8:20am            112          0          0         93       28.8      29.98       1.66
8:25am            112          0          0         93       29.8      29.98       1.66
8:30am            112          0          0         91       30.0      29.98       1.66
8:35am            112          0          0         88       29.6      29.97       1.66
8:40am            111          0          0         86       28.8      29.97       1.66
8:45am            112          0          0         85       28.5      29.98       1.66
8:50am            112          0          0         84       28.8      29.97       1.66
8:55am            111          0          0         83       29.7      29.98       1.66
8:59am            112          0          0         80       29.8      29.97       1.66
9:05am            112          0          0         81       30.6      29.98       1.66
9:10am            112          0          0         79       32.2      29.97       1.66
9:15am            112          0          0         77       33.9      29.97       1.66
9:20am            287          1          2         68       35.9      29.97       1.66
9:25am            127          0          2         70       36.0      29.97       1.66
9:30am            148          0          2         68       36.1      29.97       1.66
9:35am            248          0          2         62       37.6      29.97       1.66
9:40am            259          0          2         60       39.2      29.97       1.66
9:45am            260          0          2         55       40.2      29.97       1.66
9:50am            251          0          2         52       40.6      29.97       1.66
9:55am            277          0          2         49       40.9      29.96       1.66
9:59am            276          0          2         48       41.6      29.97       1.66
10:05am           264          0          1         54       42.5      29.96       1.66
10:10am           264          0          1         48       42.9      29.96       1.66
10:15am           263          0          1         45       43.9      29.96       1.66
10:20am           248          0          1         49       44.5      29.95       1.66
10:25am           204          0          1         52       44.4      29.95       1.66
10:30am           247          0          1         46       44.7      29.95       1.66
10:35am           142          0          1         47       45.6      29.95       1.66
10:40am           212          0          2         47       45.1      29.95       1.66
10:45am           172          0          2         46       45.4      29.95       1.66
10:50am           115          0          2         45       45.8      29.95       1.66
10:55am           246          1          4         39       46.8      29.95       1.66
10:59am           274          0          4         38       48.1      29.94       1.66
11:05am           240          0          4         36       48.9      29.94       1.66
11:10am           142          0          4         35       49.5      29.94       1.66
11:15am           258          0          4         36       49.7      29.94       1.66
11:20am           268          0          4         35       49.9      29.94       1.66
11:25am           122          3          6         35       50.2      29.94       1.66
11:30am           282          3          9         35       50.1      29.94       1.66
11:35am           290          3         10         35       50.0      29.94       1.66
11:40am           263          2         10         35       50.3      29.93       1.66
11:45am           255          2         10         35       50.7      29.93       1.66
11:50am           278          3         10         35       50.9      29.93       1.66
11:55am           283          6         10         35       51.3      29.93       1.66
11:59am           276          8         11         35       51.2      29.93       1.66
12:05pm           328          6         10         35       51.1      29.93       1.66
12:10pm           287          6         10         36       51.2      29.92       1.66
12:14pm           264          4         11         36       51.3      29.92       1.66
12:20pm           281          1         13         35       51.3      29.91       1.66
12:25pm           254          3         13         36       51.7      29.91       1.66
12:29pm           268          7         13         36       52.0      29.91       1.66
12:35pm           277          6          8         35       52.1      29.91       1.66
12:40pm           259          2          8         36       52.2      29.91       1.66
12:45pm           252          4          8         36       52.9      29.91       1.66
12:50pm           283          0          8         36       52.9      29.90       1.66
12:55pm           265          3          8         35       53.3      29.90       1.66
1:00pm            214          4         12         36       53.0      29.90       1.66
1:04pm            270          3         10         36       52.9      29.90       1.66
1:09pm            295          3         10         37       53.1      29.90       1.66
1:14pm            300          5         16         36       53.2      29.90       1.66
1:20pm            245          3         16         36       53.5      29.90       1.66
1:25pm            241          4         16         36       54.3      29.90       1.66
1:30pm            191          4         16         36       54.3      29.89       1.66
1:34pm            215          5          9         35       54.6      29.89       1.66
1:40pm            254          5          9         36       54.9      29.89       1.66
1:44pm            280          3          9         34       55.3      29.89       1.66
1:50pm            274          4          9         35       55.3      29.89       1.66
1:55pm            269          5          9         35       55.6      29.89       1.66
1:59pm            100          1          9         36       55.5      29.88       1.66
2:04pm            267          3          8         35       55.7      29.88       1.66
2:10pm            276          7          8         35       55.9      29.88       1.66
2:15pm            261          3          8         37       55.3      29.88       1.66
2:19pm            214          0          8         37       55.1      29.88       1.66
2:25pm            306          4          8         36       55.9      29.88       1.66
2:29pm            297          0         10         36       56.1      29.88       1.66
2:35pm            226          1          4         36       56.3      29.88       1.66
2:40pm            259          5         12         35       56.1      29.88       1.66
2:44pm            300          1         12         35       56.3      29.88       1.66
2:50pm            245          4         12         35       56.3      29.88       1.66
2:55pm            269          4         12         35       55.9      29.87       1.66
3:00pm            274          4         12         35       55.6      29.87       1.66
3:05pm            264          4          8         36       55.4      29.87       1.66
3:09pm            283          4          8         36       54.8      29.87       1.66
3:14pm            274          1          8         37       54.3      29.87       1.66
3:19pm            207          2          9         37       54.4      29.87       1.66
3:25pm            256          4          9         37       54.5      29.87       1.66
3:29pm            278          1          9         38       54.4      29.87       1.66
3:35pm            268          1         11         36       54.6      29.87       1.66
3:40pm            259          2         11         36       55.2      29.86       1.66
3:45pm            238          2         11         36       55.8      29.86       1.66
3:50pm            272          3         11         35       55.8      29.86       1.66
3:54pm            259          3         11         35       55.5      29.86       1.66
4:00pm            275          4         12         35       55.2      29.86       1.66
4:05pm            275          3          9         35       55.1      29.86       1.66
4:10pm            265          5          9         35       55.2      29.86       1.66
4:15pm            277          3          9         36       55.0      29.86       1.66
4:19pm            252          1          9         37       55.0      29.86       1.66
4:24pm            259          0          9         35       55.1      29.86       1.66
4:29pm            240          2          9         35       54.5      29.86       1.66
4:34pm            269          3          6         35       54.0      29.86       1.66
4:39pm            276          2          6         36       53.4      29.86       1.66
4:44pm            291          2          6         37       53.0      29.86       1.66
4:50pm            274          4          6         37       52.4      29.87       1.66
4:55pm            272          0          6         37       52.1      29.87       1.66
4:59pm            273          1          6         38       51.5      29.87       1.66
5:04pm            262          0          2         39       51.1      29.87       1.66
5:10pm            256          0          3         40       50.6      29.87       1.66
5:15pm            229          0          3         43       49.6      29.87       1.66
5:19pm            229          0          3         44       48.5      29.87       1.66
5:24pm            229          0          3         46       47.5      29.87       1.66
5:29pm            229          0          3         47       46.7      29.87       1.66
5:34pm            229          0          0         50       46.0      29.87       1.66
5:39pm            229          0          0         52       44.9      29.87       1.66
5:44pm            229          0          0         53       44.0      29.87       1.66
5:50pm            229          0          0         55       43.3      29.87       1.66
5:54pm            229          0          0         59       42.6      29.88       1.66
6:00pm             98          0          1         63       41.1      29.88       1.66
6:04pm             98          0          0         67       39.5      29.88       1.66
6:10pm             98          0          0         69       38.5      29.88       1.66
6:15pm             98          0          1         70       38.2      29.88       1.66
6:19pm             97          0          1         70       38.2      29.88       1.66
6:24pm             97          0          1         71       37.7      29.88       1.66
6:29pm             97          0          1         73       36.9      29.88       1.66
6:34pm             97          0          0         74       36.7      29.88       1.66
6:39pm             97          0          0         73       36.9      29.88       1.66
6:44pm             97          0          0         74       36.8      29.88       1.66
6:50pm             97          0          0         74       36.3      29.88       1.66
6:54pm             97          0          0         74       36.2      29.88       1.66
6:59pm             97          0          0         74       36.6      29.88       1.66
7:04pm             97          0          0         75       36.4      29.88       1.66
7:09pm             97          0          0         76       35.7      29.88       1.66
7:15pm             97          0          0         77       35.0      29.88       1.66
7:20pm             97          0          1         79       34.6      29.89       1.66
7:24pm             97          0          1         80       34.1      29.89       1.66
7:29pm             97          0          1         81       33.6      29.89       1.66
7:34pm             97          0          0         83       33.4      29.89       1.66
7:39pm             97          0          0         83       33.3      29.89       1.66
7:44pm             97          0          0         83       33.6      29.90       1.66
7:49pm            281          0          1         77       35.5      29.90       1.66
7:55pm            281          0          1         76       36.4      29.90       1.66
7:59pm            281          0          1         77       35.5      29.90       1.66
8:04pm            281          0          0         79       34.8      29.90       1.66
8:09pm            255          0          0         81       34.4      29.90       1.66
8:14pm            160          0          0         81       34.3      29.90       1.66
8:19pm            160          0          0         82       34.0      29.90       1.66
8:24pm            150          0          0         82       33.6      29.90       1.66
8:29pm            150          0          0         83       33.3      29.90       1.66
8:34pm            150          0          0         84       32.9      29.90       1.66
8:40pm            120          0          1         86       32.6      29.90       1.66
8:44pm            117          0          1         86       32.7      29.89       1.66
8:49pm            117          0          1         85       32.9      29.89       1.66
8:54pm            117          0          1         85       33.0      29.89       1.66
9:00pm            117          0          1         84       33.0      29.89       1.66
9:04pm            117          0          0         84       32.8      29.90       1.66
9:09pm            117          0          0         85       32.3      29.90       1.66
9:15pm            117          0          0         85       32.3      29.90       1.66
9:19pm             89          0          1         86       32.1      29.90       1.66
9:24pm            132          0          1         86       31.7      29.90       1.66
9:29pm            124          0          1         87       31.7      29.90       1.66
9:34pm            124          0          0         87       31.5      29.90       1.66
9:39pm            124          0          0         87       31.4      29.90       1.66
9:44pm            124          0          0         87       31.6      29.90       1.66
9:49pm            124          0          0         87       31.6      29.90       1.66
9:54pm            124          0          0         86       31.8      29.90       1.66
9:59pm            124          0          0         86       32.0      29.90       1.66
10:04pm           124          0          0         86       32.1      29.90       1.66
10:09pm           124          0          0         85       32.3      29.91       1.66
10:14pm           124          0          0         86       32.3      29.90       1.66
10:19pm           124          0          0         86       32.1      29.90       1.66
10:24pm           150          0          0         87       31.9      29.91       1.66
10:29pm           150          0          0         87       31.8      29.91       1.66
10:34pm           150          0          0         88       31.7      29.91       1.66
10:39pm           150          0          0         88       31.7      29.91       1.66
10:44pm           150          0          0         88       31.7      29.90       1.66
10:49pm           150          0          0         88       31.7      29.90       1.66
10:54pm           134          0          1         89       31.7      29.90       1.66
10:59pm           129          0          1         89       31.7      29.90       1.66
11:04pm           129          0          1         89       31.6      29.90       1.66
11:09pm           134          1          2         89       31.6      29.90       1.66
11:14pm           129          0          2         88       31.8      29.90       1.66
11:19pm           129          0          2         88       32.0      29.90       1.66
11:24pm           129          0          2         87       32.0      29.90       1.66
11:29pm           129          0          2         87       32.0      29.90       1.66
11:34pm           129          0          0         86       32.1      29.90       1.66
11:39pm           129          0          0         85       32.5      29.90       1.66
11:44pm           129          0          0         85       32.8      29.90       1.66
11:49pm           129          0          0         84       32.8      29.90       1.66
11:54pm           129          0          0         84       33.1      29.90       1.66
