2/26/20
Time         Wind Dir   Wind Spd  Wind Gust   Humidity       Temp  Raw Barom   Tot Rain
                    °        mph        mph          %         °F         in         in
12:00am           155          0          0         89       33.3      29.89       1.66
12:05am           155          0          0         89       33.3      29.89       1.66
12:10am           155          0          0         89       33.3      29.89       1.66
12:15am           155          0          0         89       33.3      29.89       1.66
12:20am           155          0          0         89       33.4      29.89       1.66
12:25am           155          0          0         89       33.5      29.89       1.66
12:30am           155          0          0         89       33.3      29.89       1.66
12:35am           155          0          0         89       33.4      29.89       1.66
12:40am           155          0          0         89       33.5      29.89       1.66
12:45am           155          0          0         89       33.7      29.89       1.66
12:50am           155          0          0         88       33.8      29.90       1.66
12:55am           155          0          0         88       33.8      29.90       1.66
12:59am           155          0          0         88       33.6      29.90       1.66
1:05am            155          0          0         89       33.5      29.90       1.66
1:10am            155          0          0         89       33.5      29.90       1.66
1:15am            155          0          0         89       33.4      29.90       1.66
1:20am            155          0          0         89       33.2      29.90       1.66
1:25am            155          0          0         89       33.1      29.90       1.66
1:30am            155          0          0         89       33.1      29.90       1.66
1:35am            155          0          0         89       33.0      29.90       1.66
1:40am            155          0          0         89       32.8      29.90       1.66
1:45am            155          0          0         89       32.7      29.90       1.66
1:50am            188          0          0         90       32.8      29.90       1.66
1:55am            188          0          0         89       32.8      29.90       1.66
1:59am            188          0          0         90       32.7      29.90       1.66
2:05am            188          0          0         89       32.6      29.90       1.66
2:10am            188          0          0         90       32.3      29.90       1.66
2:15am            188          0          0         90       32.1      29.90       1.66
2:20am            188          0          0         90       32.1      29.90       1.66
2:25am            188          0          0         91       32.0      29.90       1.66
2:30am            188          0          0         91       31.9      29.90       1.66
2:35am            188          0          0         91       31.9      29.90       1.66
2:40am            188          0          0         91       32.2      29.90       1.66
2:45am            193          0          0         90       32.9      29.90       1.66
2:50am            193          0          0         89       33.1      29.90       1.66
2:55am            193          0          0         89       32.9      29.90       1.66
2:59am            193          0          0         89       32.8      29.90       1.66
3:05am            193          0          0         89       32.9      29.90       1.66
3:10am            193          0          0         89       32.9      29.90       1.66
3:15am            193          0          0         89       32.9      29.90       1.66
3:20am            193          0          0         90       32.8      29.91       1.66
3:25am            193          0          0         90       32.7      29.91       1.66
3:29am            193          0          0         90       32.7      29.91       1.66
3:35am            193          0          0         90       32.6      29.91       1.66
3:40am            193          0          0         90       32.6      29.91       1.66
3:45am            193          0          0         91       32.5      29.91       1.66
3:50am            191          0          0         90       33.4      29.91       1.66
3:55am            191          0          0         90       33.4      29.91       1.66
3:59am            191          0          0         90       33.4      29.91       1.66
4:05am            191          0          0         90       33.4      29.91       1.66
4:10am            191          0          0         90       33.4      29.91       1.66
4:15am            191          0          0         90       33.4      29.91       1.66
4:20am            191          0          0         90       33.4      29.91       1.66
4:25am            191          0          0         90       33.4      29.91       1.66
4:30am            191          0          0         90       33.4      29.91       1.66
4:35am            191          0          0         90       33.4      29.91       1.66
4:40am            191          0          0         90       33.4      29.91       1.66
4:45am            191          0          0         90       33.4      29.91       1.66
4:50am            191          0          0         90       33.4      29.91       1.66
4:55am            191          0          0         90       33.4      29.91       1.66
4:59am            191          0          0         90       33.4      29.91       1.66
5:05am            191          0          0         90       33.4      29.91       1.66
5:10am            191          0          0         90       33.4      29.91       1.66
5:15am            191          0          0         90       33.4      29.91       1.66
5:20am            191          0          0         90       33.4      29.92       1.66
5:25am            191          0          0         90       33.4      29.91       1.66
5:30am            191          0          0         90       33.4      29.92       1.66
5:35am            191          0          0         90       33.4      29.92       1.66
5:39am            191          0          0         90       33.4      29.92       1.66
5:45am            191          0          0         90       33.4      29.92       1.66
5:50am            191          0          0         90       33.4      29.92       1.66
5:55am            191          0          0         90       33.4      29.92       1.66
5:59am            191          0          0         90       33.4      29.92       1.66
6:05am            191          0          0         90       33.4      29.92       1.66
6:10am            191          0          0         90       33.4      29.92       1.66
6:14am            191          0          0         90       33.4      29.93       1.66
6:20am            191          0          0         90       33.4      29.93       1.66
6:25am            191          0          0         90       33.4      29.93       1.66
6:29am            191          0          0         90       33.4      29.93       1.66
6:34am            191          0          0         90       33.4      29.93       1.66
6:40am            191          0          0         90       33.4      29.93       1.66
6:45am            191          0          0         90       33.4      29.92       1.66
6:50am            191          0          0         90       33.4      29.93       1.66
6:55am            191          0          0         90       33.4      29.92       1.66
6:59am            191          0          0         90       33.4      29.93       1.66
7:05am            191          0          0         90       33.4      29.93       1.66
7:10am            191          0          0         90       33.4      29.94       1.66
7:15am            191          0          0         90       33.4      29.94       1.66
7:20am            191          0          0         90       33.4      29.94       1.66
7:24am            191          0          0         90       33.4      29.95       1.66
7:30am            191          0          0         90       33.4      29.95       1.66
7:35am            191          0          0         90       33.4      29.95       1.66
7:39am            252          0          0         95       33.4      29.95       1.66
7:45am            252          0          0         95       33.4      29.96       1.66
7:49am            266          0          1         95       33.4      29.96       1.66
7:54am            266          0          1         95       33.5      29.96       1.66
8:00am            266          0          1         95       33.6      29.96       1.66
8:05am            266          0          0         95       33.8      29.96       1.66
8:09am            266          0          0         95       34.0      29.96       1.66
8:14am            266          0          0         95       34.4      29.96       1.66
8:20am            266          0          0         95       34.7      29.96       1.66
8:25am            266          0          0         95       35.2      29.96       1.66
8:29am            266          0          0         95       35.3      29.97       1.66
8:34am            266          0          0         95       35.5      29.96       1.66
8:39am            266          0          0         94       35.6      29.96       1.66
8:45am            266          0          0         94       35.7      29.96       1.66
8:49am            266          0          0         94       36.0      29.96       1.66
8:54am            116          0          0         94       36.2      29.96       1.66
8:59am            116          0          0         93       36.1      29.96       1.66
9:05am            127          0          0         93       36.1      29.95       1.66
9:09am             84          3          4         94       37.1      29.94       1.66
9:14am             72          3          4         94       38.0      29.94       1.66
9:19am             61          0          4         93       38.5      29.94       1.66
9:24am             86          1          4         92       38.6      29.94       1.66
9:29am             93          0          4         92       38.9      29.94       1.66
9:35am             74          1          2         91       39.3      29.94       1.66
9:39am             95          2          6         90       39.5      29.94       1.66
9:44am             89          4          6         89       39.8      29.94       1.66
9:49am             71          5          6         89       40.0      29.94       1.66
9:54am             89          2          6         87       40.0      29.94       1.66
10:00am           115          4          6         86       40.1      29.94       1.66
10:05am           108          7          9         85       40.2      29.94       1.66
10:09am            57          5          9         84       40.3      29.94       1.66
10:14am            72          4          9         83       40.4      29.94       1.66
10:19am            68          2          9         83       40.4      29.94       1.66
10:24am            81          5          9         83       40.4      29.94       1.66
10:29am            72          4          9         83       40.4      29.94       1.66
10:34am           109          2          5         84       40.5      29.94       1.66
10:39am           110          2          5         84       40.6      29.95       1.66
10:44am            88          1          5         83       40.7      29.95       1.66
10:49am            96          0          5         83       40.8      29.95       1.66
10:54am            91          2          5         83       40.8      29.95       1.66
11:00am            94          1          5         83       40.9      29.95       1.66
11:05am           100          0          2         83       41.1      29.95       1.66
11:09am            98          0          2         82       41.2      29.95       1.66
11:14am            99          0          3         82       41.2      29.96       1.66
11:19am           101          1          3         82       41.3      29.95       1.66
11:25am            91          0          3         82       41.5      29.95       1.66
11:29am            89          0          3         82       41.7      29.95       1.66
11:35am            86          0          2         82       41.9      29.95       1.66
11:39am            96          0          3         81       42.1      29.95       1.66
11:44am            91          0          3         81       42.3      29.95       1.66
11:49am           115          0          4         80       42.5      29.94       1.66
11:54am            97          2          4         80       42.5      29.94       1.66
11:59am           115          0          4         79       42.6      29.94       1.66
12:04pm           105          5          5         79       42.8      29.94       1.66
12:09pm            71          2          5         78       42.9      29.94       1.66
12:14pm            56          1          5         77       42.9      29.94       1.66
12:19pm            99          0          5         76       43.1      29.94       1.66
12:24pm           136          0          5         76       43.3      29.94       1.66
12:29pm            90          1          5         74       43.6      29.94       1.66
12:34pm           132          1          5         71       43.5      29.94       1.66
12:39pm           124          1          5         70       43.6      29.93       1.66
12:44pm            75          4          5         70       43.7      29.93       1.66
12:49pm            68          3          6         70       43.6      29.93       1.66
12:54pm           102          0          7         69       43.5      29.93       1.66
1:00pm             86          4          7         69       43.5      29.92       1.66
1:04pm            111          4          6         69       43.6      29.92       1.66
1:09pm             49          2          6         68       43.6      29.92       1.66
1:14pm            223          0          6         68       43.5      29.92       1.66
1:19pm            158          3          6         68       43.6      29.92       1.66
1:24pm             96          1          6         69       43.6      29.92       1.66
1:29pm            102          2          9         69       43.4      29.91       1.66
1:34pm             86          0          6         70       43.3      29.91       1.66
1:39pm             17          0          7         70       43.3      29.91       1.66
1:44pm             98          1          7         70       43.4      29.91       1.66
1:49pm             49          1          7         70       43.4      29.91       1.66
1:54pm            153          0          7         71       43.3      29.91       1.66
2:00pm             82          2          7         70       43.3      29.91       1.66
2:04pm            111          1          6         71       43.3      29.91       1.66
2:09pm             75          2          9         71       43.3      29.91       1.66
2:14pm            287          0          9         71       43.3      29.91       1.66
2:19pm            110          1          9         70       43.3      29.90       1.66
2:24pm             74          1          9         70       43.3      29.90       1.66
2:29pm            183          0          9         71       43.1      29.90       1.66
2:34pm              1          1          3         71       43.1      29.91       1.66
2:39pm             37          0          3         70       43.1      29.91       1.66
2:44pm             98          1          3         70       43.1      29.91       1.66
2:49pm            111          0          5         71       43.0      29.91       1.66
2:54pm             56          1          5         71       43.0      29.90       1.66
3:00pm            190          0          5         71       43.1      29.90       1.66
3:04pm             61          0          4         70       43.1      29.90       1.66
3:09pm             85          0          4         70       43.1      29.90       1.66
3:14pm             75          1          4         70       43.1      29.90       1.66
3:19pm            150          0          5         69       43.1      29.90       1.66
3:24pm            126          2         10         69       43.2      29.90       1.66
3:29pm             86          0         10         68       43.2      29.90       1.66
3:34pm             75          2          9         68       43.2      29.89       1.66
3:39pm             59          4          9         68       43.2      29.89       1.66
3:44pm             77          2         11         68       43.2      29.88       1.66
3:49pm             34          8         11         68       43.2      29.88       1.66
3:54pm            106          4         11         68       43.2      29.88       1.66
4:00pm             86          3         11         68       43.2      29.88       1.66
4:04pm            115          2          8         67       43.2      29.88       1.66
4:09pm             76         10         10         68       43.1      29.88       1.66
4:14pm             73          4         10         68       43.0      29.88       1.66
4:19pm             82          7         12         68       43.1      29.88       1.66
4:24pm            122          3         12         68       42.9      29.88       1.66
4:29pm             39          6         13         68       42.8      29.88       1.66
4:34pm             65          1         13         69       42.7      29.88       1.66
4:39pm             56          3         13         69       42.6      29.89       1.66
4:44pm             60         10         14         70       42.5      29.89       1.66
4:49pm             57          1         14         70       42.3      29.89       1.66
4:54pm            114          5         14         71       42.2      29.89       1.66
5:00pm             62         10         14         71       42.1      29.89       1.66
5:04pm            101          8         13         71       42.0      29.89       1.66
5:09pm            141          4         13         72       41.9      29.89       1.66
5:14pm            109          5         13         72       41.7      29.89       1.66
5:19pm             99          4         13         72       41.6      29.89       1.66
5:24pm             94          8         13         72       41.6      29.90       1.66
5:29pm             43         10         13         72       41.5      29.89       1.66
5:34pm             49          5         12         73       41.4      29.90       1.66
5:39pm             64          6         13         73       41.3      29.89       1.66
5:44pm            102          5         14         73       41.3      29.89       1.66
5:49pm             89          4         15         73       41.2      29.89       1.66
5:54pm             60          7         15         74       41.1      29.89       1.66
6:00pm             67          5         15         74       40.9      29.89       1.66
6:04pm             76          3         15         74       40.7      29.89       1.66
6:09pm             52          7         18         74       40.7      29.90       1.66
6:14pm             44          6         18         74       40.6      29.89       1.66
6:19pm            127          2         18         74       40.6      29.90       1.66
6:24pm            173          0         18         74       40.4      29.90       1.66
6:29pm             67          2         18         74       40.3      29.90       1.66
6:34pm            105          0         17         74       40.2      29.90       1.66
6:39pm            110          2         17         74       40.1      29.89       1.66
6:44pm             49          4         17         75       40.0      29.89       1.66
6:49pm             58          3         17         75       39.9      29.90       1.66
6:55pm             70          3         17         75       39.8      29.90       1.66
7:00pm             62          7         17         75       39.7      29.90       1.66
7:04pm             79          9         11         75       39.6      29.90       1.66
7:09pm             43          7         15         75       39.5      29.89       1.66
7:14pm            105          2         15         75       39.4      29.89       1.66
7:19pm            105          2         15         75       39.3      29.89       1.66
7:24pm            108          2         15         75       39.3      29.88       1.66
7:30pm             37          3         15         75       39.1      29.88       1.66
7:35pm             94          0         11         76       39.1      29.87       1.66
7:39pm             53          2         11         76       39.0      29.87       1.66
7:44pm             58          4         11         76       38.9      29.87       1.66
7:50pm              4          0         11         77       38.9      29.87       1.66
7:54pm             79          3         11         78       38.7      29.87       1.66
8:00pm             99          4         11         78       38.6      29.87       1.66
8:04pm             52          2         10         79       38.5      29.86       1.66
8:09pm            103          1         11         79       38.5      29.87       1.66
8:15pm             51          5         11         79       38.4      29.88       1.66
8:19pm             69          2         11         80       38.3      29.87       1.66
8:25pm             78          1         13         80       38.3      29.87       1.66
8:30pm             88          1         13         80       38.2      29.87       1.66
8:34pm             79          1         10         81       38.1      29.87       1.66
8:39pm            175          1         10         81       38.1      29.88       1.66
8:44pm            129          0         11         82       38.0      29.88       1.66
8:49pm             70          2         11         82       37.9      29.86       1.66
8:54pm             69          4         14         83       37.8      29.86       1.66
9:00pm            132          6         16         83       37.8      29.87       1.66
9:04pm             72          5         16         83       37.8      29.87       1.66
9:09pm             60          5         16         84       37.7      29.86       1.66
9:15pm             94          6         16         84       37.6      29.86       1.66
9:20pm             70          6         16         84       37.5      29.85       1.66
9:25pm             51         11         16         84       37.4      29.85       1.66
9:30pm             67          5         16         84       37.3      29.85       1.66
9:35pm            115          7         10         85       37.1      29.84       1.66
9:40pm            103          5         13         85       37.1      29.84       1.66
9:45pm             89          5         13         85       37.0      29.85       1.66
9:49pm             84          5         14         85       36.9      29.85       1.66
9:55pm             72          4         14         86       36.9      29.85       1.66
10:00pm            97          5         14         86       36.8      29.84       1.66
10:05pm           105          2         14         87       36.8      29.84       1.66
10:10pm            63          6         14         87       36.7      29.84       1.66
10:15pm            86          4         14         88       36.6      29.83       1.66
10:20pm            37          4         14         89       36.4      29.84       1.66
10:24pm            72          5         14         89       36.3      29.83       1.66
10:30pm            93          3         14         90       36.1      29.84       1.66
10:35pm            75          5         10         91       36.0      29.84       1.66
10:39pm            66         15         15         92       35.9      29.83       1.66
10:45pm            94          3         15         92       35.7      29.82       1.66
10:49pm            78          5         15         92       35.5      29.81       1.66
10:54pm           100          7         15         92       35.3      29.81       1.66
11:00pm            71          8         15         93       35.3      29.82       1.66
11:05pm            93          6         14         93       35.2      29.82       1.66
11:09pm            66          7         14         93       35.2      29.81       1.66
11:15pm            92          5         14         94       35.1      29.81       1.66
11:20pm           101          6         14         94       35.1      29.80       1.66
11:25pm           106          9         15         94       35.1      29.79       1.66
11:30pm           103          4         15         94       35.1      29.79       1.66
11:35pm            54         11         16         94       35.1      29.79       1.66
11:40pm            71          7         16         95       35.1      29.77       1.66
11:45pm           106          7         16         95       35.1      29.78       1.66
11:50pm            84         12         16         95       35.1      29.78       1.66
11:54pm           125          5         16         95       35.1      29.78       1.66
