2/15/20
Time         Wind Dir   Wind Spd  Wind Gust   Humidity       Temp  Raw Barom   Tot Rain
                    °        mph        mph          %         °F         in         in
12:00am           242          0          1         82       -4.8      30.52       1.64
12:05am           249          0          0         82       -4.9      30.51       1.64
12:09am           278          0          0         82       -5.0      30.51       1.64
12:15am           298          0          1         82       -5.0      30.52       1.64
12:20am           197          0          1         82       -5.0      30.52       1.64
12:25am            98          0          1         82       -4.8      30.53       1.64
12:30am           193          0          1         80       -4.7      30.53       1.64
12:35am           193          0          0         80       -4.6      30.53       1.64
12:40am           192          0          0         79       -4.6      30.53       1.64
12:45am           193          0          0         78       -4.6      30.53       1.64
12:50am           192          0          0         78       -4.8      30.53       1.64
12:55am           193          0          0         78       -5.0      30.54       1.64
1:00am            193          0          0         79       -5.1      30.54       1.64
1:05am            192          0          0         79       -5.1      30.54       1.64
1:10am            193          0          0         80       -5.1      30.54       1.64
1:15am            192          0          0         79       -5.4      30.54       1.64
1:20am            193          0          0         80       -5.4      30.54       1.64
1:25am            226          0          0         81       -5.1      30.54       1.64
1:30am            274          0          1         81       -5.1      30.54       1.64
1:35am            266          0          1         82       -5.5      30.54       1.64
1:40am            275          0          1         83       -5.7      30.54       1.64
1:45am            271          0          1         84       -5.8      30.54       1.64
1:49am            252          0          1         83       -6.7      30.54       1.64
1:54am            252          0          1         83       -6.7      30.54       1.64
2:00am            252          0          1         83       -6.7      30.54       1.64
2:05am            252          0          0         83       -6.7      30.54       1.64
2:10am            252          0          0         83       -6.7      30.54       1.64
2:15am            252          0          0         83       -6.7      30.54       1.64
2:19am            252          0          0         83       -6.7      30.54       1.64
2:25am            252          0          0         83       -6.7      30.54       1.64
2:30am            252          0          0         83       -6.7      30.54       1.64
2:35am            252          0          0         83       -6.7      30.55       1.64
2:40am            252          0          0         83       -6.7      30.55       1.64
2:45am            252          0          0         83       -6.7      30.54       1.64
2:50am            252          0          0         83       -6.7      30.54       1.64
2:55am            252          0          0         83       -6.7      30.54       1.64
3:00am            252          0          0         83       -6.7      30.55       1.64
3:04am            252          0          0         83       -6.7      30.55       1.64
3:10am            252          0          0         83       -6.7      30.55       1.64
3:15am            252          0          0         83       -6.7      30.55       1.64
3:20am            252          0          0         83       -6.7      30.55       1.64
3:25am            252          0          0         83       -6.7      30.55       1.64
3:30am            252          0          0         83       -6.7      30.55       1.64
3:35am            252          0          0         83       -6.7      30.55       1.64
3:40am            252          0          0         83       -6.7      30.55       1.64
3:45am            252          0          0         83       -6.7      30.55       1.64
3:50am            252          0          0         83       -6.7      30.55       1.64
3:55am            252          0          0         83       -6.7      30.56       1.64
4:00am            252          0          0         83       -6.7      30.56       1.64
4:05am            252          0          0         83       -6.7      30.55       1.64
4:10am            252          0          0         83       -6.7      30.55       1.64
4:15am            252          0          0         83       -6.7      30.56       1.64
4:20am            252          0          0         83       -6.7      30.56       1.64
4:25am            252          0          0         83       -6.7      30.56       1.64
4:30am            252          0          0         83       -6.7      30.56       1.64
4:35am            252          0          0         83       -6.7      30.57       1.64
4:40am            252          0          0         83       -6.7      30.57       1.64
4:45am            252          0          0         83       -6.7      30.57       1.64
4:50am            252          0          0         83       -6.7      30.57       1.64
4:55am            252          0          0         83       -6.7      30.57       1.64
5:00am            252          0          0         83       -6.7      30.57       1.64
5:05am            252          0          0         83       -6.7      30.57       1.64
5:10am            252          0          0         83       -6.7      30.58       1.64
5:15am            252          0          0         83       -6.7      30.58       1.64
5:20am            252          0          0         83       -6.7      30.58       1.64
5:25am            252          0          0         83       -6.7      30.58       1.64
5:30am            252          0          0         83       -6.7      30.58       1.64
5:35am            252          0          0         83       -6.7      30.58       1.64
5:40am            252          0          0         83       -6.7      30.58       1.64
5:45am            252          0          0         83       -6.7      30.58       1.64
5:50am            252          0          0         83       -6.7      30.57       1.64
5:55am            252          0          0         83       -6.7      30.57       1.64
6:00am            252          0          0         83       -6.7      30.57       1.64
6:05am            252          0          0         83       -6.7      30.58       1.64
6:10am            252          0          0         83       -6.7      30.58       1.64
6:15am            252          0          0         83       -6.7      30.58       1.64
6:20am            252          0          0         83       -6.7      30.58       1.64
6:25am            252          0          0         83       -6.7      30.58       1.64
6:30am            252          0          0         83       -6.7      30.57       1.64
6:35am            252          0          0         83       -6.7      30.57       1.64
6:40am            252          0          0         83       -6.7      30.57       1.64
6:45am            252          0          0         83       -6.7      30.57       1.64
6:50am            252          0          0         83       -6.7      30.57       1.64
6:55am            252          0          0         83       -6.7      30.57       1.64
7:00am            252          0          0         83       -6.7      30.57       1.64
7:05am            252          0          0         83       -6.7      30.58       1.64
7:10am            252          0          0         83       -6.7      30.58       1.64
7:15am            252          0          0         83       -6.7      30.58       1.64
7:20am            252          0          0         83       -6.7      30.58       1.64
7:25am            252          0          0         83       -6.7      30.58       1.64
7:30am            252          0          0         83       -6.7      30.58       1.64
7:35am            252          0          0         83       -6.7      30.58       1.64
7:40am            252          0          0         83       -6.7      30.58       1.64
7:45am            245          0          0         84       -7.4      30.58       1.64
7:50am            245          0          0         84       -6.4      30.57       1.64
7:55am            245          0          0         84       -5.6      30.58       1.64
8:00am            245          0          0         84       -4.9      30.57       1.64
8:05am            265          0          1         83       -4.3      30.57       1.64
8:10am            264          0          1         82       -3.9      30.58       1.64
8:15am            256          0          1         82       -3.6      30.58       1.64
8:20am            271          0          3         82       -3.2      30.58       1.64
8:25am            273          0          3         82       -2.6      30.58       1.64
8:30am            284          1          3         81       -2.5      30.58       1.64
8:35am            251          0          2         82       -2.0      30.58       1.64
8:40am            282          0          2         82       -1.5      30.58       1.64
8:45am            262          0          2         82       -1.1      30.58       1.64
8:50am            276          1          2         81       -1.0      30.59       1.64
8:55am            238          0          2         82       -0.5      30.59       1.64
9:00am            262          0          2         82        0.2      30.59       1.64
9:05am            283          1          1         81        0.8      30.59       1.64
9:10am            267          1          5         78        1.0      30.59       1.64
9:15am            283          4          6         73        1.1      30.59       1.64
9:20am            304          1          6         74        1.7      30.59       1.64
9:25am            274          2          6         72        2.0      30.58       1.64
9:30am            287          1          6         71        2.6      30.58       1.64
9:35am            278          3          4         70        3.1      30.58       1.64
9:40am            265          1          5         69        3.8      30.58       1.64
9:45am            283          2          5         67        4.5      30.58       1.64
9:50am            266          0          5         66        4.8      30.57       1.64
9:55am            257          1          5         65        5.3      30.57       1.64
10:00am           283          0          5         64        5.8      30.57       1.64
10:05am           285          1          3         64        6.6      30.57       1.64
10:10am           274          1          3         63        7.3      30.57       1.64
10:15am           268          2          3         63        7.8      30.57       1.64
10:20am           266          0          3         62        8.3      30.57       1.64
10:25am           264          1          3         61        8.8      30.56       1.64
10:30am           275          2          5         61        9.2      30.57       1.64
10:35am           260          2          4         60        9.8      30.56       1.64
10:40am           257          1          4         61       10.5      30.56       1.64
10:45am           283          3          4         59       11.0      30.56       1.64
10:50am           283          0          4         59       11.4      30.56       1.64
10:55am           255          0          4         57       11.9      30.55       1.64
11:00am           249          1          4         57       12.4      30.55       1.64
11:05am           278          1          4         57       12.8      30.55       1.64
11:10am           274          1          4         57       13.2      30.56       1.64
11:15am           261          0          4         59       14.1      30.56       1.64
11:20am           265          0          4         56       14.7      30.55       1.64
11:25am           254          1          4         56       14.6      30.55       1.64
11:30am           221          0          4         55       15.0      30.54       1.64
11:35am           251          1          4         56       15.4      30.54       1.64
11:40am           277          1          4         54       15.5      30.54       1.64
11:45am           280          0          5         55       15.4      30.53       1.64
11:50am           271          0          5         57       15.9      30.53       1.64
11:55am           259          1          5         57       16.5      30.52       1.64
12:00pm           295          0          5         54       16.9      30.52       1.64
12:05pm           270          0          4         55       17.3      30.51       1.64
12:10pm           265          0          4         53       17.7      30.51       1.64
12:15pm           255          1          4         54       17.8      30.50       1.64
12:20pm           185          3          5         52       18.3      30.50       1.64
12:25pm           270          2          5         50       18.2      30.49       1.64
12:30pm           298          0          5         53       18.8      30.48       1.64
12:35pm           269          1          4         50       19.7      30.48       1.64
12:40pm           234          0          6         50       19.8      30.47       1.64
12:45pm           283          3          7         49       20.0      30.47       1.64
12:50pm           322          1          7         50       20.5      30.47       1.64
12:55pm           279          0          7         48       20.5      30.46       1.64
1:00pm             67          1          7         52       21.1      30.46       1.64
1:05pm            217          2         10         47       21.6      30.46       1.64
1:10pm            250          5         10         47       22.3      30.45       1.64
1:15pm            278          1         10         48       22.8      30.44       1.64
1:20pm            164          1         10         45       22.8      30.43       1.64
1:25pm            266          5         10         45       23.4      30.43       1.64
1:30pm            261          1         10         46       23.0      30.43       1.64
1:35pm            257          4          6         44       23.2      30.43       1.64
1:40pm            288          2          6         45       23.8      30.43       1.64
1:45pm            265          1          7         42       23.8      30.42       1.64
1:50pm            200          2          7         43       23.8      30.42       1.64
1:55pm            270          1          7         44       24.7      30.41       1.64
2:00pm            231          0          7         42       25.0      30.41       1.64
2:05pm            277          3          7         41       24.7      30.41       1.64
2:10pm            243          2          7         45       24.1      30.40       1.64
2:15pm            279          5          7         44       24.4      30.39       1.64
2:20pm            231          2          7         45       24.6      30.40       1.64
2:25pm            271          3          7         43       25.0      30.40       1.64
2:30pm            270          6          9         44       24.4      30.40       1.64
2:35pm            291          3         10         45       23.7      30.41       1.64
2:40pm            280          4         10         45       23.4      30.40       1.64
2:45pm            276          1         10         45       23.6      30.40       1.64
2:50pm            267          0         10         46       23.5      30.39       1.64
2:55pm            264          1         10         45       23.1      30.39       1.64
3:00pm            255          2         10         46       22.8      30.39       1.64
3:05pm            255          0          4         45       22.9      30.39       1.64
3:10pm            290          4          5         46       23.1      30.39       1.64
3:15pm            238          1          6         45       23.0      30.39       1.64
3:20pm            281          5          6         46       23.4      30.39       1.64
3:25pm            274          1          6         46       23.0      30.39       1.64
3:30pm            256          1          6         44       22.9      30.39       1.64
3:35pm            267          1          4         46       22.7      30.39       1.64
3:40pm            256          0          5         45       22.7      30.40       1.64
3:45pm            302          2          5         45       22.8      30.39       1.64
3:50pm            281          5          6         45       23.2      30.39       1.64
3:55pm            250          0          6         44       22.9      30.38       1.64
4:00pm            231          1          6         45       22.8      30.38       1.64
4:05pm            230          1          5         44       22.4      30.38       1.64
4:10pm            274          1          5         46       22.3      30.38       1.64
4:15pm            265          1          5         47       22.1      30.37       1.64
4:20pm            219          0          5         47       22.1      30.37       1.64
4:25pm            280          1          6         46       22.4      30.37       1.64
4:30pm            238          0          6         45       22.7      30.37       1.64
4:35pm            281          1          4         46       23.0      30.37       1.64
4:40pm            265          1          4         44       22.6      30.37       1.64
4:45pm            265          0          4         45       22.2      30.37       1.64
4:50pm            325          0          4         46       21.9      30.36       1.64
4:55pm            201          0          4         48       21.5      30.36       1.64
5:00pm            252          0          4         48       21.1      30.36       1.64
5:05pm            235          0          2         48       20.9      30.35       1.64
5:10pm            221          0          2         49       20.6      30.35       1.64
5:15pm            250          0          2         50       20.3      30.35       1.64
5:20pm            250          0          2         50       20.0      30.35       1.64
5:25pm            250          0          2         57       19.4      30.35       1.64
5:30pm            256          0          2         56       18.7      30.35       1.64
5:35pm            259          0          1         58       18.7      30.35       1.64
5:40pm            288          0          1         57       18.8      30.35       1.64
5:45pm            288          0          1         59       18.4      30.35       1.64
5:50pm            245          1          1         57       18.3      30.35       1.64
5:55pm            276          0          1         56       18.6      30.35       1.64
6:00pm            210          0          1         58       18.6      30.35       1.64
6:05pm            209          0          0         60       18.0      30.35       1.64
6:10pm            209          0          0         64       17.3      30.34       1.64
6:15pm            209          0          1         64       16.6      30.34       1.64
6:20pm            205          0          1         66       16.0      30.33       1.64
6:25pm            264          0          1         67       16.1      30.33       1.64
6:30pm            207          0          1         65       16.1      30.33       1.64
6:35pm            261          0          2         65       16.2      30.33       1.64
6:40pm            284          0          3         62       16.8      30.32       1.64
6:45pm            271          0          3         60       17.4      30.32       1.64
6:50pm            286          0          3         60       17.5      30.31       1.64
6:55pm            281          0          3         60       17.6      30.31       1.64
6:59pm            252          0          3         60       17.8      30.31       1.64
7:05pm            248          0          1         61       17.6      30.31       1.64
7:10pm            121          0          1         63       17.3      30.30       1.64
7:15pm            121          0          1         66       16.8      30.30       1.64
7:20pm            236          0          1         67       16.5      30.30       1.64
7:25pm            153          0          1         66       16.5      30.30       1.64
7:30pm             89          0          1         68       16.0      30.30       1.64
7:35pm             81          0          1         69       15.8      30.29       1.64
7:40pm            244          0          1         71       15.7      30.29       1.64
7:45pm            203          0          1         71       15.7      30.29       1.64
7:50pm            192          0          3         67       16.3      30.28       1.64
7:55pm            264          0          3         64       16.7      30.28       1.64
7:59pm            232          0          3         60       17.6      30.28       1.64
8:05pm            184          0          2         59       18.1      30.28       1.64
8:10pm            290          1          5         58       18.4      30.28       1.64
8:15pm            286          2          8         56       18.7      30.28       1.64
8:20pm            324          2          8         56       18.7      30.28       1.64
8:25pm            343          1          8         56       18.7      30.27       1.64
8:30pm            226          1          8         56       18.6      30.26       1.64
8:35pm            277          1          7         55       18.7      30.26       1.64
8:40pm            248          3          7         55       18.7      30.26       1.64
8:45pm            248          8         10         55       18.7      30.25       1.64
8:50pm            266          0         15         54       18.8      30.25       1.64
8:55pm            264          2         15         55       18.8      30.25       1.64
9:00pm            256          2         15         57       18.5      30.25       1.64
9:05pm            277          4         10         56       18.5      30.24       1.64
9:10pm            271          3         10         56       18.4      30.24       1.64
9:15pm            255          2         13         56       18.4      30.24       1.64
9:20pm            281          8         13         58       18.2      30.25       1.64
9:25pm            266          5         13         58       18.0      30.25       1.64
9:30pm            262          2         13         58       18.0      30.24       1.64
9:35pm            271          4          7         58       17.9      30.23       1.64
9:40pm            299          5         18         59       17.8      30.24       1.64
9:45pm            268          3         18         58       17.9      30.22       1.64
9:50pm            268          2         18         59       17.7      30.22       1.64
9:55pm            221          3         19         59       17.8      30.22       1.64
10:00pm           256          9         19         61       17.6      30.22       1.64
10:05pm           259          2         10         61       17.6      30.22       1.64
10:10pm           272          5         10         61       17.5      30.21       1.64
10:15pm           292          5         10         61       17.5      30.21       1.64
10:20pm           293          5         10         62       17.5      30.21       1.64
10:25pm           278          4         15         62       17.5      30.21       1.64
10:30pm           273          2         15         62       17.5      30.22       1.64
10:35pm           261          1          8         63       17.4      30.21       1.64
10:40pm           246          3         12         62       17.5      30.21       1.64
10:45pm            29          0         12         63       17.5      30.21       1.64
10:50pm           266          3         12         63       17.5      30.21       1.64
10:55pm           196          0         12         63       17.5      30.20       1.64
11:00pm           279          0         12         63       17.4      30.19       1.64
11:05pm           318          2          5         64       17.4      30.20       1.64
11:10pm           265          3          8         64       17.5      30.20       1.64
11:15pm           286          1         10         65       17.5      30.20       1.64
11:20pm           278          2         10         65       17.5      30.20       1.64
11:25pm           276          3         10         65       17.5      30.20       1.64
11:30pm           273          7         10         65       17.5      30.20       1.64
11:35pm           250          2          8         65       17.6      30.20       1.64
11:40pm           154          0          8         65       17.6      30.20       1.64
11:45pm           257          1          8         66       17.7      30.19       1.64
11:50pm           203          0          9         66       17.7      30.18       1.64
11:55pm           284          0          9         67       17.8      30.19       1.64
