2/27/20
Time         Wind Dir   Wind Spd  Wind Gust   Humidity       Temp  Raw Barom   Tot Rain
                    °        mph        mph          %         °F         in         in
12:00am            98          6         16         95       35.1      29.77       1.66
12:05am            77          9         13         95       35.1      29.77       1.66
12:10am            77          9         13         95       35.0      29.76       1.66
12:15am            98          9         13         95       35.0      29.76       1.66
12:20am            93          9         15         95       35.1      29.76       1.66
12:25am            98          5         17         95       35.1      29.74       1.66
12:30am            90          6         17         95       35.1      29.74       1.66
12:35am            58          9         16         96       35.2      29.74       1.66
12:40am            98          6         16         96       35.2      29.74       1.66
12:45am            45         13         16         96       35.3      29.74       1.66
12:50am            34          8         17         96       35.4      29.73       1.66
12:55am            56          7         17         96       35.4      29.72       1.66
1:00am             73          3         18         96       35.3      29.71       1.66
1:05am             72         12         17         96       35.3      29.70       1.66
1:10am             51         12         21         96       35.4      29.70       1.66
1:15am             57          7         21         96       35.4      29.70       1.66
1:20am             75          8         21         96       35.3      29.69       1.66
1:25am             39         10         21         96       35.2      29.68       1.66
1:30am             33         12         22         95       35.1      29.67       1.66
1:35am             55         12         18         95       35.0      29.67       1.66
1:40am             93          5         18         95       34.9      29.65       1.66
1:45am             79          4         21         95       34.8      29.65       1.66
1:50am             77         17         21         95       34.7      29.65       1.66
1:55am            141         10         24         95       34.7      29.65       1.66
2:00am            127          8         24         96       34.7      29.65       1.66
2:05am             69         10         18         96       34.7      29.65       1.66
2:10am             65         10         21         96       34.6      29.64       1.66
2:15am             46         13         21         96       34.6      29.63       1.66
2:20am             72          4         21         96       34.5      29.62       1.66
2:25am            112          4         22         96       34.5      29.62       1.66
2:30am             62          8         22         96       34.5      29.63       1.66
2:35am             98         10         20         96       34.4      29.61       1.66
2:40am             84          9         24         96       34.4      29.62       1.66
2:45am             55          9         24         96       34.4      29.61       1.66
2:50am             86         14         24         96       34.3      29.60       1.66
2:55am             78          6         24         96       34.3      29.59       1.66
3:00am            105          7         24         96       34.1      29.58       1.66
3:05am             77          8         17         96       34.0      29.56       1.66
3:10am             97         15         18         96       33.9      29.55       1.66
3:15am             82          9         18         96       33.9      29.55       1.66
3:20am             83         12         18         96       33.8      29.54       1.66
3:25am            100          9         18         96       33.8      29.53       1.66
3:30am             88          7         18        100       33.1      29.53       1.66
3:35am             88          7          7        100       33.1      29.54       1.66
3:40am             88          7          7        100       33.1      29.54       1.66
3:45am             88          7          7        100       33.1      29.52       1.66
3:50am             88          7          7        100       33.1      29.51       1.66
3:55am             88          7          7        100       33.1      29.50       1.66
4:00am             88          7          7        100       33.1      29.51       1.66
4:05am             88          7          7        100       33.1      29.51       1.66
4:10am             88          7          7        100       33.1      29.49       1.66
4:15am             88          7          7        100       33.1      29.49       1.66
4:20am             88          7          7        100       33.1      29.49       1.66
4:25am             88          7          7        100       33.1      29.48       1.66
4:30am             88          7          7        100       33.1      29.48       1.66
4:35am             88          7          7        100       33.1      29.47       1.66
4:40am             88          7          7        100       33.1      29.46       1.66
4:44am             88          7          7        100       33.1      29.44       1.66
4:50am             88          7          7        100       33.1      29.43       1.66
4:55am             88          7          7        100       33.1      29.41       1.66
5:00am             88          7          7        100       33.1      29.41       1.66
5:05am             88          7          7        100       33.1      29.41       1.66
5:10am             88          7          7        100       33.1      29.40       1.66
5:15am             88          7          7        100       33.1      29.39       1.66
5:20am             88          7          7        100       33.1      29.39       1.66
5:25am             88          7          7        100       33.1      29.38       1.66
5:30am             88          7          7        100       33.1      29.38       1.66
5:34am             88          7          7        100       33.1      29.35       1.66
5:40am             88          7          7        100       33.1      29.35       1.66
5:45am             88          7          7        100       33.1      29.33       1.66
5:50am             88          7          7        100       33.1      29.32       1.66
5:55am             88          7          7        100       33.1      29.33       1.66
6:00am             88          7          7        100       33.1      29.32       1.66
6:05am             88          7          7        100       33.1      29.30       1.66
6:10am             88          7          7        100       33.1      29.29       1.66
6:15am             88          7          7        100       33.1      29.31       1.66
6:20am             88          7          7        100       33.1      29.30       1.66
6:25am             88          7          7        100       33.1      29.28       1.66
6:30am             88          7          7        100       33.1      29.27       1.66
6:35am             88          7          7        100       33.1      29.27       1.66
6:40am             88          7          7        100       33.1      29.27       1.66
6:45am             88          7          7        100       33.1      29.25       1.66
6:50am             88          7          7        100       33.1      29.24       1.66
6:55am             88          7          7        100       33.1      29.23       1.66
7:00am             88          7          7        100       33.1      29.23       1.66
7:05am             88          7          7        100       33.1      29.21       1.66
7:10am             88          7          7        100       33.1      29.22       1.66
7:15am             88          7          7        100       33.1      29.23       1.66
7:20am             88          7          7        100       33.1      29.22       1.66
7:25am             88          7          7        100       33.1      29.21       1.66
7:30am             88          7          7        100       33.1      29.21       1.66
7:35am             88          7          7        100       33.1      29.22       1.66
7:40am             88          7          7        100       33.1      29.22       1.66
7:45am             88          7          7        100       33.1      29.22       1.66
7:50am             88          7          7        100       33.1      29.21       1.66
7:55am             88          7          7        100       33.1      29.21       1.66
8:00am             88          7          7        100       33.1      29.21       1.66
8:05am             40          6         10         97       37.0      29.20       1.68
8:10am             37          7         24         97       37.1      29.19       1.69
8:15am             82          7         24         97       37.0      29.20       1.70
8:20am             49          4         24         97       37.0      29.21       1.71
8:25am             50          2         24         97       37.1      29.21       1.73
8:30am             77         11         24         97       36.9      29.20       1.76
8:35am             37          6         19         97       36.7      29.19       1.78
8:40am             46          6         21         97       36.8      29.19       1.79
8:45am             35          7         21         97       36.7      29.19       1.80
8:50am            349          3         21         97       36.6      29.18       1.81
8:55am            119          2         21         97       36.6      29.17       1.83
9:00am            114          1         21         97       36.8      29.18       1.85
9:05am             68          6          9         97       36.8      29.17       1.86
9:10am              6          1         17         97       36.8      29.16       1.86
9:15am             45          4         19         97       36.9      29.14       1.88
9:20am             23          3         20         97       37.1      29.13       1.90
9:25am             91          4         20         97       37.3      29.13       1.91
9:30am             79         12         20         97       37.3      29.10       1.91
9:35am             55          8         22         97       37.5      29.10       1.92
9:40am             76          4         22         97       37.7      29.10       1.92
9:45am             39         10         22         97       38.0      29.10       1.92
9:50am             65          9         22         97       38.4      29.09       1.92
9:55am            270          0         22         97       38.4      29.09       1.92
10:00am           185          1         22         97       38.4      29.09       1.92
10:05am           252          0         10         97       38.4      29.09       1.92
10:10am           106          7         10         97       38.4      29.08       1.93
10:15am           113          2         11         97       38.4      29.08       1.93
10:20am            91          6         11         97       38.3      29.08       1.94
10:25am           141          3         13         97       38.3      29.07       1.95
10:30am           323          2         13         97       38.4      29.08       1.96
10:35am           297          7         19         97       38.1      29.12       1.98
10:40am           247          6         19         97       36.1      29.14       1.98
10:45am           281          7         19         96       34.8      29.13       1.98
10:50am           286          3         19         96       33.9      29.14       1.98
10:55am           283          8         19         96       33.3      29.14       1.98
11:00am           280          5         19         96       33.1      29.14       1.98
11:05am           280          8         15         96       32.9      29.15       1.98
11:10am           275          8         15         96       32.8      29.15       1.98
11:15am           114         10         18         97       32.7      29.15       1.98
11:20am           290          9         18         97       32.5      29.15       1.98
11:25am           275          7         18         97       32.4      29.15       1.98
11:30am           270          5         18         97       32.5      29.15       1.98
11:35am           276          8         14         97       32.9      29.15       1.98
11:40am           266          8         14         97       33.1      29.15       1.99
11:45am           256          7         18         97       33.2      29.14       2.00
11:50am           275          6         18         96       33.2      29.14       2.00
11:55am           262          7         18         96       33.4      29.15       2.01
12:00pm           249          4         18         96       33.5      29.15       2.01
12:05pm           259          4         16         96       33.4      29.15       2.02
12:10pm           269          9         18         96       33.4      29.15       2.02
12:15pm           273          8         22         96       32.9      29.16       2.02
12:20pm           241          3         22         96       32.6      29.16       2.02
12:25pm           272         15         22         96       32.4      29.16       2.02
12:30pm           288         16         22         96       32.2      29.16       2.02
12:35pm           269          9         21         96       32.1      29.17       2.02
12:40pm           258          8         21         96       32.0      29.17       2.02
12:45pm           257         11         21         96       31.5      29.18       2.02
12:50pm           215          4         21         96       31.2      29.19       2.02
12:55pm           276         11         21         96       31.0      29.19       2.02
1:00pm            276         12         21         95       30.7      29.19       2.02
1:05pm            255          9         20         94       30.4      29.19       2.02
1:10pm            278         15         23         93       30.3      29.18       2.02
1:15pm            272         13         23         92       30.2      29.19       2.02
1:20pm            255         17         23         92       30.1      29.19       2.02
1:25pm            288          7         25         90       30.0      29.19       2.02
1:30pm            256         11         25         90       30.1      29.19       2.02
1:35pm            272          7         26         88       30.0      29.19       2.02
1:40pm            271         16         26         88       29.7      29.20       2.02
1:45pm            304         17         26         87       29.3      29.20       2.02
1:50pm            254         14         26         86       30.0      29.20       2.02
1:55pm            268         14         26         85       30.1      29.21       2.02
2:00pm            285          9         26         85       29.7      29.22       2.02
2:05pm            264          7         17         86       29.6      29.23       2.02
2:10pm            294          4         20         85       29.7      29.22       2.02
2:15pm            261          6         20         84       29.6      29.23       2.02
2:20pm            280          5         20         83       29.4      29.23       2.02
2:25pm            260          8         20         83       29.1      29.24       2.02
2:30pm            274         14         20         84       28.9      29.25       2.02
2:35pm            259          8         16         83       28.7      29.25       2.02
2:40pm            278          7         17         83       28.6      29.25       2.02
2:45pm            257          5         17         84       28.6      29.26       2.02
2:50pm            295          6         17         83       28.7      29.26       2.02
2:55pm            250         15         22         80       28.6      29.26       2.02
3:00pm            276         12         22         79       28.6      29.27       2.02
3:05pm            276         11         21         79       28.7      29.27       2.02
3:10pm            285         13         23         76       28.7      29.27       2.02
3:15pm            273         11         23         77       28.6      29.27       2.02
3:20pm            273          9         23         75       28.5      29.27       2.02
3:25pm            275         15         23         76       28.6      29.28       2.02
3:30pm            274          4         23         75       28.6      29.28       2.02
3:35pm            250          6         16         76       28.6      29.28       2.02
3:40pm            272         13         21         75       28.6      29.28       2.02
3:45pm            269         17         21         74       28.4      29.28       2.02
3:50pm            269         12         29         74       28.3      29.28       2.02
3:55pm            269         10         29         75       28.2      29.29       2.02
3:59pm            271         12         29         75       28.2      29.29       2.02
4:05pm            274         11         24         74       28.1      29.29       2.02
4:10pm            255         14         24         74       28.0      29.29       2.02
4:15pm            295          8         24         76       28.0      29.31       2.02
4:20pm            275         13         24         74       28.0      29.31       2.02
4:25pm            279          8         24         75       28.0      29.31       2.02
4:30pm            296         19         24         72       28.0      29.31       2.02
4:35pm            281          9         25         72       28.0      29.32       2.02
4:40pm            264          8         25         73       28.0      29.32       2.02
4:45pm            289          7         25         72       28.0      29.32       2.02
4:50pm            256         14         25         71       28.0      29.33       2.02
4:55pm            285         19         27         70       27.8      29.32       2.02
4:59pm            276          4         27         71       27.7      29.33       2.02
5:05pm            252         10         19         70       27.5      29.34       2.02
5:10pm            278         11         21         70       27.4      29.34       2.02
5:15pm            278         11         26         71       27.3      29.35       2.02
5:20pm            266          7         26         71       27.1      29.35       2.02
5:25pm            274          8         26         72       27.0      29.35       2.02
5:30pm            350         10         26         71       27.0      29.35       2.02
5:35pm            273          9         15         73       26.8      29.36       2.02
5:40pm            259          6         23         72       26.7      29.36       2.02
5:45pm            266         10         27         71       26.6      29.37       2.02
5:50pm            255          9         27         71       26.4      29.37       2.02
5:55pm            284          7         27         72       26.2      29.37       2.02
6:00pm            262          6         27         73       26.0      29.38       2.02
6:05pm            278          8         19         74       25.8      29.38       2.02
6:10pm            281          6         21         72       25.8      29.38       2.02
6:15pm            274         18         21         72       25.7      29.39       2.02
6:20pm            274         16         21         71       25.7      29.39       2.02
6:25pm            251         15         24         69       25.6      29.39       2.02
6:30pm            302         15         26         68       25.5      29.39       2.02
6:35pm            282          8         22         69       25.5      29.40       2.02
6:40pm            262         15         22         68       25.5      29.40       2.02
6:45pm            276          7         25         70       25.4      29.41       2.02
6:50pm            271          5         25         70       25.4      29.41       2.02
6:55pm            244          5         25         71       25.4      29.41       2.02
7:00pm            250         11         25         72       25.4      29.41       2.02
7:05pm            279          4         21         71       25.3      29.41       2.02
7:10pm            276         15         21         71       25.3      29.42       2.02
7:15pm            273         11         24         70       25.3      29.41       2.02
7:20pm            262         12         24         69       25.3      29.42       2.02
7:25pm            271         20         24         68       25.3      29.41       2.02
7:30pm            283          4         28         69       25.2      29.42       2.02
7:35pm            285          9         21         69       25.2      29.42       2.02
7:40pm            267         16         22         68       25.2      29.42       2.02
7:45pm            252         10         22         69       25.2      29.42       2.02
7:50pm            304          7         22         67       25.1      29.43       2.02
7:55pm            269         14         22         69       25.1      29.43       2.02
7:59pm            296          5         22         67       25.0      29.43       2.02
8:05pm            291         10         20         67       25.0      29.43       2.02
8:10pm            288         10         20         67       25.0      29.43       2.02
8:15pm            262          6         20         67       25.0      29.43       2.02
8:20pm            291          0         20         68       25.0      29.44       2.02
8:25pm            274         14         20         69       24.8      29.44       2.02
8:30pm            282          8         20         68       24.8      29.44       2.02
8:35pm            223          3         23         68       24.8      29.44       2.02
8:40pm            276         15         24         67       24.8      29.45       2.02
8:45pm            210          6         24         68       24.7      29.45       2.02
8:50pm            297          7         24         67       24.7      29.46       2.02
8:55pm            258          6         24         67       24.7      29.46       2.02
9:00pm            264         13         24         67       24.7      29.46       2.02
9:05pm            266          9         13         68       24.7      29.47       2.02
9:10pm            288          6         13         67       24.7      29.47       2.02
9:15pm            281         11         21         65       24.6      29.47       2.02
9:20pm            257          6         21         65       24.7      29.48       2.02
9:25pm            271          9         21         64       24.6      29.48       2.02
9:30pm            275          4         21         65       24.6      29.48       2.02
9:35pm            274         11         17         65       24.5      29.48       2.02
9:40pm            272         11         17         65       24.5      29.48       2.02
9:45pm            218          3         17         66       24.4      29.48       2.02
9:50pm            278          6         17         66       24.3      29.48       2.02
9:55pm            283          7         17         65       24.3      29.48       2.02
9:59pm            279          7         17         66       24.3      29.48       2.02
10:05pm           276         10         12         67       24.2      29.49       2.02
10:10pm           252          3         19         67       24.1      29.49       2.02
10:15pm           236          1         19         66       24.0      29.48       2.02
10:20pm           264          8         19         67       24.0      29.48       2.02
10:25pm           277          5         19         65       23.9      29.48       2.02
10:30pm           265          8         19         67       23.9      29.49       2.02
10:35pm           258         14         17         67       23.8      29.48       2.02
10:40pm           292         11         23         67       23.7      29.48       2.02
10:45pm           281         13         26         68       23.6      29.49       2.02
10:50pm           275          4         26         68       23.6      29.49       2.02
10:55pm           336          4         26         67       23.5      29.49       2.02
10:59pm           256          9         26         66       23.4      29.49       2.02
11:05pm           259          6         18         66       23.4      29.49       2.02
11:10pm           277         10         19         66       23.4      29.49       2.02
11:15pm           280          9         20         66       23.3      29.48       2.02
11:20pm           270          6         27         63       23.2      29.48       2.02
11:25pm           229          4         27         63       23.1      29.48       2.02
11:30pm           262         12         27         63       23.1      29.49       2.02
11:35pm           262         10         19         63       23.1      29.49       2.02
11:40pm           263         13         19         63       23.0      29.50       2.02
11:44pm           260         10         19         61       23.0      29.50       2.02
11:50pm           248          9         19         62       23.0      29.50       2.02
11:55pm           273          6         19         62       22.9      29.50       2.02
