4/23/20
Time         Wind Dir   Wind Spd  Wind Gust   Humidity       Temp  Raw Barom   Tot Rain
                    °        mph        mph          %         °F         in         in
12:00am           270          5         13         47       30.5      29.82       6.91
12:30am           270          4         10         48       30.1      29.84       6.91
1:00am            270          2         10         49       29.7      29.84       6.91
1:30am            270          2          9         50       29.4      29.84       6.91
2:00am            270          1          8         50       29.0      29.85       6.91
2:30am            270          1          9         50       28.7      29.85       6.91
3:00am            270          2          8         52       28.6      29.85       6.91
3:30am            270          3         13         52       28.6      29.86       6.91
4:00am            270          3         13         50       28.5      29.86       6.91
4:30am            270          3         10         44       28.5      29.88       6.91
5:00am            270          2         10         44       27.9      29.88       6.91
5:30am            270          1          7         45       26.7      29.88       6.91
6:00am            270          1          0         45       26.7      29.89       6.91
6:30am            270          1          0         45       26.7      29.90       6.91
7:00am            270          3         10         40       30.4      29.91       6.91
7:30am            270          3         15         35       31.7      29.91       6.91
8:00am            270          3         16         31       32.8      29.92       6.91
8:30am            270          4         17         32       32.6      29.90       6.91
9:00am            270          4         16         31       33.7      29.91       6.91
9:30am            270          4         14         32       34.3      29.92       6.91
10:00am           270          3         13         29       35.5      29.93       6.91
10:30am           270          4         13         29       36.8      29.93       6.91
11:00am           270          6         17         27       38.2      29.93       6.91
11:30am           270          4         13         26       39.9      29.94       6.91
12:00pm           270          4         12         30       41.0      29.93       6.91
12:30pm           270          6         17         27       41.5      29.93       6.91
1:00pm            270          5         14         24       42.7      29.92       6.91
1:30pm            270          5         15         24       44.5      29.92       6.91
2:00pm            270          4         14         24       45.8      29.92       6.91
2:30pm            270          5         13         24       46.4      29.92       6.91
3:00pm            270          4         12         20       48.2      29.91       6.91
3:30pm            270          3         13         20       49.7      29.91       6.91
4:00pm            270          4         16         18       50.3      29.90       6.91
4:30pm            270          4         13         20       51.2      29.89       6.91
5:00pm            270          3         11         18       52.4      29.88       6.91
5:30pm            270          4         11         20       52.1      29.88       6.91
6:00pm            270          2          9         19       52.0      29.88       6.91
6:30pm            270          1          5         21       49.1      29.89       6.91
7:00pm            270          2          6         23       47.8      29.89       6.91
7:30pm            270          1          6         29       44.9      29.90       6.91
8:00pm            270          0          0         36       41.5      29.90       6.91
8:30pm            270          0          2         41       40.0      29.90       6.91
9:00pm            292          0          1         50       37.7      29.92       6.91
9:30pm            292          0          1         61       37.1      29.91       6.91
10:00pm           292          0          0         62       37.6      29.91       6.91
10:30pm           292          0          0         60       38.5      29.91       6.91
11:00pm            45          0          2         65       38.8      29.91       6.91
11:30pm            45          0          0         61       38.2      29.90       6.91
