4/8/20
Time         Wind Dir   Wind Spd  Wind Gust   Humidity       Temp  Raw Barom   Tot Rain
                    °        mph        mph          %         °F         in         in
12:00am           121          0          0         81       36.6      29.63       4.52
12:05am           121          0          0         82       36.3      29.63       4.52
12:10am           121          0          0         81       36.0      29.63       4.52
12:15am           121          0          0         80       35.6      29.62       4.52
12:20am           121          0          0         82       35.4      29.62       4.52
12:25am           121          0          0         82       35.4      29.62       4.52
12:30am           121          0          0         82       35.3      29.61       4.52
12:35am           113          0          1         84       35.5      29.61       4.52
12:40am           113          0          1         83       35.6      29.61       4.52
12:45am           113          0          1         83       35.5      29.61       4.52
12:50am           113          0          1         83       35.3      29.61       4.52
12:55am           113          0          1         82       35.2      29.61       4.52
1:00am            113          0          1         83       35.3      29.60       4.52
1:05am            113          0          0         84       35.5      29.60       4.52
1:10am            113          0          0         84       35.7      29.60       4.52
1:15am            113          0          0         85       35.9      29.60       4.52
1:20am            113          0          0         85       36.0      29.59       4.52
1:25am            113          0          0         84       36.0      29.60       4.52
1:30am            113          0          0         83       36.0      29.60       4.52
1:35am            113          0          0         82       36.0      29.60       4.52
1:40am            113          0          0         82       36.0      29.59       4.52
1:45am            113          0          0         83       36.1      29.59       4.52
1:50am            113          0          0         83       36.2      29.59       4.52
1:55am            113          0          0         83       36.4      29.59       4.52
2:00am            113          0          0         83       36.5      29.58       4.52
2:05am            113          0          0         83       36.5      29.58       4.52
2:10am            113          0          0         83       36.6      29.58       4.52
2:15am            113          0          0         83       36.6      29.58       4.52
2:20am            113          0          0         83       36.7      29.57       4.52
2:25am            113          0          0         83       36.8      29.57       4.52
2:30am            113          0          0         82       36.8      29.57       4.52
2:35am            113          0          0         83       36.9      29.57       4.52
2:40am            113          0          0         82       36.9      29.56       4.52
2:45am            113          0          0         81       36.9      29.56       4.52
2:50am            113          0          0         81       36.8      29.56       4.52
2:55am            110          0          1         82       36.9      29.56       4.52
3:00am            110          0          1         81       36.9      29.56       4.52
3:05am            275          2          4         80       36.9      29.55       4.52
3:10am            272          0          4         80       36.6      29.55       4.52
3:15am            218          0          4         80       36.5      29.56       4.52
3:20am            276          1          4         80       36.6      29.56       4.52
3:25am            276          0          4         79       36.6      29.55       4.52
3:30am            261          0          4         79       36.6      29.55       4.52
3:35am            256          0          1         79       36.6      29.55       4.52
3:40am            256          0          1         78       36.5      29.55       4.52
3:45am            256          0          1         79       36.5      29.54       4.52
3:50am            265          0          1         78       36.7      29.54       4.52
3:55am            265          0          1         78       36.9      29.53       4.52
4:00am            265          0          1         78       36.9      29.53       4.52
4:05am            265          0          0         79       36.9      29.53       4.52
4:10am            272          0          1         79       36.9      29.53       4.52
4:15am            272          0          1         79       36.7      29.53       4.52
4:20am            274          0          1         79       36.7      29.52       4.52
4:25am            274          0          1         77       36.8      29.52       4.52
4:30am            134          0          1         79       36.9      29.51       4.52
4:35am            134          0          1         79       37.1      29.51       4.52
4:40am            134          0          1         78       37.1      29.51       4.52
4:45am            260          0          1         75       37.1      29.51       4.52
4:50am            260          0          1         75       37.0      29.51       4.52
4:55am            260          0          1         76       37.1      29.51       4.52
5:00am            260          0          1         75       37.1      29.51       4.52
5:05am             41          0          1         77       37.4      29.51       4.52
5:10am             41          0          1         76       37.6      29.51       4.52
5:15am            283          0          1         75       37.8      29.51       4.52
5:20am            272          0          1         75       37.7      29.51       4.52
5:25am            272          0          1         74       37.6      29.51       4.52
5:30am            273          0          1         72       37.0      29.50       4.52
5:34am            268          0          0         72       37.0      29.50       4.52
5:40am            268          0          0         72       37.0      29.50       4.52
5:45am            268          0          0         72       37.0      29.50       4.52
5:50am            268          0          0         72       37.0      29.50       4.52
5:55am            268          0          0         72       37.0      29.49       4.52
6:00am            268          0          0         72       37.0      29.50       4.52
6:05am            268          0          0         72       37.0      29.49       4.52
6:10am            268          0          0         72       37.0      29.49       4.52
6:15am            268          0          0         72       37.0      29.49       4.52
6:20am            268          0          0         72       37.0      29.49       4.52
6:25am            268          0          0         72       37.0      29.49       4.52
6:30am            268          0          0         72       37.0      29.49       4.52
6:35am            268          0          0         72       37.0      29.50       4.52
6:40am            268          0          0         72       37.0      29.50       4.52
6:45am            268          0          0         72       37.0      29.50       4.52
6:50am            268          0          0         72       37.0      29.50       4.52
6:55am            268          0          0         72       37.0      29.49       4.52
7:00am            268          0          0         72       37.0      29.49       4.52
7:05am            268          0          0         72       37.0      29.50       4.52
7:10am            268          0          0         72       37.0      29.50       4.52
7:15am            268          0          0         72       37.0      29.50       4.52
7:20am            268          0          0         72       37.0      29.50       4.52
7:25am            268          0          0         72       37.0      29.50       4.52
7:30am            268          0          0         72       37.0      29.50       4.52
7:35am            268          0          0         72       37.0      29.50       4.52
7:40am            268          0          0         72       37.0      29.51       4.52
7:45am            276          0          1         77       38.6      29.51       4.52
7:50am             99          0          1         80       38.9      29.51       4.52
7:55am             99          0          1         76       39.0      29.51       4.52
8:00am             99          0          1         77       39.3      29.51       4.52
8:05am             99          0          0         76       39.5      29.51       4.52
8:10am             99          0          0         76       39.6      29.51       4.52
8:15am             99          0          0         75       39.8      29.51       4.52
8:20am             99          0          0         74       40.0      29.51       4.52
8:25am             98          0          0         71       40.2      29.51       4.52
8:30am            276          0          1         72       40.5      29.52       4.52
8:35am            275          0          0         72       40.5      29.51       4.52
8:40am            275          0          0         71       40.7      29.51       4.52
8:45am            275          0          0         71       40.8      29.52       4.52
8:50am            275          0          0         71       40.9      29.52       4.52
8:55am            274          0          0         71       41.1      29.51       4.52
9:00am            275          0          0         70       41.2      29.51       4.52
9:05am            266          0          0         68       41.2      29.51       4.52
9:10am            270          0          0         66       41.2      29.51       4.52
9:15am            270          0          0         67       41.6      29.51       4.52
9:20am            270          0          0         66       42.2      29.51       4.52
9:25am            270          0          0         64       42.6      29.51       4.52
9:30am            270          0          0         62       43.1      29.51       4.52
9:35am            270          0          0         54       43.3      29.51       4.52
9:40am            270          0          0         57       43.9      29.51       4.52
9:45am            270          0          0         59       44.3      29.51       4.52
9:50am            212          0          0         55       44.9      29.51       4.52
9:55am            128          0          0         54       45.2      29.51       4.52
10:00am           112          0          0         54       45.1      29.50       4.52
10:05am           119          0          0         53       45.8      29.50       4.52
10:10am            96          0          0         49       46.2      29.51       4.52
10:15am            96          0          0         49       46.1      29.51       4.52
10:20am           102          0          0         51       46.1      29.51       4.52
10:25am            96          0          0         46       46.0      29.51       4.52
10:30am            94          0          0         45       46.2      29.51       4.52
10:35am           108          1          3         43       46.3      29.51       4.52
10:40am            96          0          3         42       46.6      29.51       4.52
10:45am            99          1          3         42       47.0      29.51       4.52
10:50am            90          0          3         40       47.3      29.51       4.52
10:55am            86          0          3         41       47.8      29.51       4.52
11:00am           139          0          3         39       48.6      29.51       4.52
11:05am            98          0          1         39       48.6      29.51       4.52
11:10am            87          0          1         39       48.7      29.52       4.52
11:15am           122          0          1         39       49.3      29.51       4.52
11:20am           113          0          2         41       49.7      29.51       4.52
11:25am            96          1          2         39       49.6      29.51       4.52
11:30am            96          1          3         41       49.4      29.50       4.52
11:35am            92          2          3         40       49.4      29.50       4.52
11:40am           123          1          3         41       49.5      29.50       4.52
11:45am            69          3          4         38       49.5      29.50       4.52
11:50am            89          3          4         39       49.7      29.50       4.52
11:55am           106          1          4         38       49.8      29.50       4.52
12:00pm           108          1          4         39       49.9      29.50       4.52
12:05pm           122          1          3         38       50.0      29.49       4.52
12:10pm           108          2          3         40       50.4      29.49       4.52
12:15pm           123          0          3         36       50.6      29.49       4.52
12:20pm            94          2          3         36       50.9      29.49       4.52
12:25pm           117          0          3         38       51.1      29.49       4.52
12:30pm            86          0          3         35       51.0      29.49       4.52
12:35pm            83          0          4         34       51.0      29.49       4.52
12:40pm            98          0          4         35       51.1      29.49       4.52
12:45pm           115          0          4         35       51.7      29.49       4.52
12:50pm           146          2          4         33       52.4      29.49       4.52
12:55pm           184          1          6         32       52.8      29.49       4.52
1:00pm            226          0          7         32       52.8      29.48       4.52
1:05pm            289          5         10         32       52.2      29.49       4.52
1:10pm             88          4         10         33       51.5      29.49       4.52
1:15pm             97          2         10         36       51.4      29.49       4.52
1:20pm            133          3         10         33       51.8      29.48       4.52
1:25pm            120          1         10         33       52.1      29.48       4.52
1:30pm             78          0         10         33       53.5      29.49       4.52
1:35pm            248          4          9         31       54.3      29.49       4.52
1:40pm            295          0          9         31       54.4      29.49       4.52
1:45pm            252          1          9         31       54.6      29.49       4.52
1:50pm            103          0          9         33       54.8      29.49       4.52
1:55pm            276          0          9         32       54.8      29.49       4.52
1:59pm            210          0          9         31       55.4      29.49       4.52
2:05pm            243          1          4         29       55.7      29.50       4.52
2:10pm            224          1          4         30       55.6      29.49       4.52
2:15pm            282          4          6         29       55.1      29.49       4.52
2:20pm            210          1          6         29       54.5      29.49       4.52
2:25pm            268          6          7         30       54.0      29.49       4.52
2:30pm            160          0          7         27       54.2      29.49       4.52
2:35pm            174          0          2         25       55.1      29.49       4.52
2:40pm            103          1          4         26       55.8      29.49       4.52
2:45pm            232          2          5         24       56.1      29.49       4.52
2:50pm            117          1          5         25       56.2      29.49       4.52
2:55pm            279          5          5         25       56.1      29.49       4.52
2:59pm            285          5          6         25       55.4      29.49       4.52
3:05pm            252          0          7         24       54.3      29.49       4.52
3:10pm            247          3          7         25       54.3      29.49       4.52
3:15pm            281          3          7         24       54.3      29.49       4.52
3:20pm            221          0          7         23       54.1      29.49       4.52
3:25pm            118          0          7         23       54.0      29.49       4.52
3:30pm            124          1          7         25       54.6      29.49       4.52
3:35pm             76          2          7         26       55.3      29.49       4.52
3:40pm            250          0          7         24       56.7      29.49       4.52
3:45pm            214          2          7         24       57.2      29.49       4.52
3:50pm            131          1          7         23       57.2      29.49       4.52
3:55pm            111          2          7         23       57.6      29.49       4.52
3:59pm             60          0          7         24       56.5      29.49       4.52
4:05pm            270          2          4         23       56.6      29.48       4.52
4:10pm            257          5          8         24       56.8      29.49       4.52
4:15pm            282          0         10         26       55.9      29.49       4.52
4:20pm            258          2         10         24       57.0      29.49       4.52
4:25pm            262          4         10         24       56.5      29.49       4.52
4:30pm            273          1         10         25       56.3      29.49       4.52
4:35pm            256          2          7         25       56.1      29.49       4.52
4:40pm            286          2         11         26       55.4      29.49       4.52
4:45pm            109          0         11         26       56.3      29.49       4.52
4:50pm             45          2         11         24       56.1      29.49       4.52
4:55pm            262          1         11         25       55.7      29.49       4.52
5:00pm            240          3         11         25       55.4      29.49       4.52
5:05pm            216          0          5         26       55.2      29.50       4.52
5:10pm             74          2          6         26       55.0      29.49       4.52
5:15pm            278          0          6         28       54.9      29.50       4.52
5:20pm            294          0          6         27       55.0      29.50       4.52
5:25pm             18          0          6         27       54.9      29.50       4.52
5:30pm            214          1          6         28       54.7      29.50       4.52
5:35pm            136          0          4         28       54.6      29.50       4.52
5:40pm            248          2          4         30       54.7      29.50       4.52
5:45pm            257          0          6         30       54.3      29.50       4.52
5:50pm            242          0          6         31       54.2      29.50       4.52
5:55pm            245          3          8         31       54.0      29.50       4.52
5:59pm             85          0          8         33       53.9      29.51       4.52
6:05pm             83          1          4         33       54.1      29.51       4.52
6:10pm            237          1          5         33       53.5      29.51       4.52
6:15pm            294          0          5         33       53.3      29.51       4.52
6:20pm            150          0          5         33       53.1      29.51       4.52
6:25pm            262          0          5         32       52.9      29.51       4.52
6:30pm            296          1          5         32       52.8      29.51       4.52
6:35pm            267          1          6         33       52.8      29.52       4.52
6:40pm             98          0          6         32       52.8      29.52       4.52
6:45pm            236          0          6         32       52.5      29.52       4.52
6:50pm            285          6          7         31       52.5      29.52       4.52
6:55pm            239          1          7         31       52.4      29.52       4.52
7:00pm            156          0          7         31       52.0      29.52       4.52
7:05pm            105          0          1         32       51.8      29.52       4.52
7:10pm            240          0          1         31       51.4      29.53       4.52
7:15pm            210          0          1         30       51.1      29.53       4.52
7:20pm            302          0          1         30       50.7      29.53       4.52
7:25pm            306          0          1         30       50.3      29.53       4.52
7:30pm             98          2          2         29       49.9      29.53       4.52
7:35pm             93          0          3         29       49.5      29.53       4.52
7:40pm             93          0          3         31       48.9      29.53       4.52
7:45pm             93          0          3         30       48.5      29.53       4.52
7:50pm             93          0          3         30       48.0      29.53       4.52
7:55pm             93          0          3         33       47.6      29.53       4.52
8:00pm             93          0          3         35       47.0      29.53       4.52
8:05pm             93          0          0         40       46.4      29.53       4.52
8:10pm             93          0          0         40       45.4      29.54       4.52
8:15pm             93          0          0         41       44.6      29.54       4.52
8:20pm             93          0          0         41       43.9      29.55       4.52
8:25pm             93          0          0         43       43.4      29.55       4.52
8:30pm             93          0          0         45       42.9      29.55       4.52
8:35pm             93          0          0         46       42.2      29.55       4.52
8:40pm             93          0          0         45       41.7      29.55       4.52
8:45pm             93          0          0         45       41.4      29.56       4.52
8:50pm             93          0          0         46       41.1      29.56       4.52
8:55pm             93          0          0         45       41.1      29.56       4.52
9:00pm             93          0          0         49       41.1      29.56       4.52
9:05pm             93          0          0         49       40.7      29.57       4.52
9:10pm             93          0          0         49       40.3      29.57       4.52
9:15pm             93          0          0         46       39.9      29.56       4.52
9:20pm             93          0          0         47       40.0      29.56       4.52
9:25pm             93          0          0         50       39.9      29.57       4.52
9:30pm            293          0          0         56       39.8      29.57       4.52
9:35pm            293          0          0         57       39.4      29.57       4.52
9:40pm            293          0          0         56       39.4      29.57       4.52
9:45pm            293          0          0         56       39.6      29.57       4.52
9:50pm            289          0          0         59       39.8      29.57       4.52
9:55pm            289          0          0         59       39.8      29.57       4.52
10:00pm           289          0          0         60       39.6      29.57       4.52
10:05pm           289          0          0         60       39.5      29.57       4.52
10:10pm           289          0          0         60       39.6      29.57       4.52
10:15pm           289          0          0         60       39.6      29.57       4.52
10:20pm           289          0          0         60       39.5      29.56       4.52
10:25pm           289          0          0         62       39.4      29.56       4.52
10:30pm           289          0          0         62       39.3      29.56       4.52
10:35pm           289          0          0         65       39.0      29.56       4.52
10:40pm           289          0          0         66       38.7      29.55       4.52
10:45pm           289          0          0         70       38.3      29.55       4.52
10:50pm           289          0          0         70       37.9      29.55       4.52
10:55pm           289          0          0         69       37.4      29.55       4.52
11:00pm           289          0          0         68       37.2      29.55       4.52
11:05pm           289          0          0         68       37.0      29.55       4.52
11:10pm           289          0          0         68       36.7      29.55       4.52
11:15pm           289          0          0         69       36.5      29.55       4.52
11:20pm           289          0          0         68       36.2      29.55       4.52
11:25pm           285          0          0         69       35.9      29.55       4.52
11:30pm           285          0          0         68       35.5      29.55       4.52
11:35pm           285          0          0         69       35.4      29.54       4.52
11:40pm           285          0          0         68       35.3      29.54       4.52
11:45pm           285          0          0         69       35.3      29.54       4.52
11:50pm           285          0          0         67       35.3      29.54       4.52
11:55pm           285          0          0         66       35.5      29.54       4.52
