4/13/20
Time         Wind Dir   Wind Spd  Wind Gust   Humidity       Temp  Raw Barom   Tot Rain
                    °        mph        mph          %         °F         in         in
12:00am           138          2          4         62       46.9      30.06       5.87
12:05am           126          3          4         63       46.5      30.06       5.87
12:10am           120          2          4         63       46.4      30.06       5.87
12:14am           103          2          4         63       46.3      30.05       5.87
12:20am            91          2          4         64       45.9      30.05       5.87
12:25am            96          0          4         65       45.6      30.05       5.87
12:30am            87          0          4         65       45.3      30.05       5.87
12:35am            53          0          3         69       44.6      30.04       5.87
12:40am           117          0          3         70       44.5      30.04       5.87
12:45am           129          0          3         70       44.6      30.04       5.87
12:49am           178          0          3         71       44.2      30.04       5.87
12:55am           243          0          3         72       43.9      30.04       5.87
1:00am            238          0          3         72       44.0      30.04       5.87
1:05am            238          0          0         72       43.9      30.04       5.87
1:10am             92          2          3         73       43.8      30.03       5.87
1:15am             94          0          3         71       44.6      30.03       5.87
1:20am             85          2          3         72       44.5      30.02       5.87
1:25am            106          0          3         72       44.4      30.02       5.87
1:30am             70          3          3         72       44.7      30.02       5.87
1:35am            134          0          4         71       44.9      30.01       5.87
1:40am             73          2          4         71       45.0      30.02       5.87
1:45am            101          1          4         71       45.0      30.01       5.87
1:50am             79          2          4         71       45.1      30.01       5.87
1:55am            115          3          4         71       45.1      30.01       5.87
2:00am            105          1          4         71       45.1      30.00       5.87
2:05am             99          1          3         71       45.1      30.00       5.87
2:10am            127          0          6         72       45.2      30.00       5.87
2:15am            141          5          7         72       45.2      30.00       5.87
2:20am            102          3          7         72       45.3      29.99       5.87
2:25am            120          0          7         73       45.4      29.99       5.87
2:30am             87          3          7         74       45.6      29.98       5.87
2:35am             73          5          5         74       45.6      29.98       5.87
2:40am             79          1          6         74       45.6      29.98       5.87
2:45am             96          1          6         74       45.6      29.97       5.87
2:50am             89          2          6         74       45.6      29.97       5.87
2:55am            104          0          7         75       45.5      29.97       5.87
3:00am             86          2          7         75       45.5      29.96       5.87
3:05am            105          3          7         75       45.5      29.96       5.87
3:10am            109          3          7         76       45.6      29.96       5.87
3:15am             90          5          8         77       45.6      29.95       5.87
3:20am             99          3          8         77       45.5      29.95       5.87
3:25am            101          6          9         77       45.5      29.95       5.87
3:30am             91          3          9         77       45.4      29.95       5.87
3:35am            108          3          8         78       45.4      29.95       5.87
3:40am            101          3          8         78       45.3      29.95       5.87
3:45am            102          4          8         78       45.3      29.95       5.87
3:50am             94          8          9         79       45.3      29.95       5.87
3:55am            110          4          9         79       45.3      29.95       5.87
4:00am            102          3          9         79       45.3      29.95       5.87
4:05am             96          3          8         79       45.3      29.95       5.87
4:10am            105          3          8         79       45.4      29.95       5.87
4:15am             91          7          9         79       45.4      29.94       5.87
4:20am            101          3          9         80       45.4      29.95       5.87
4:25am             79          4          9         80       45.3      29.95       5.87
4:29am            103          5          9         81       45.3      29.95       5.87
4:35am             89          2          6         82       45.1      29.94       5.87
4:40am             95          5          6         83       45.0      29.94       5.87
4:45am            104          3          8         84       44.8      29.94       5.87
4:50am             94          5          8         85       44.7      29.94       5.87
4:55am             81          4          8         86       44.6      29.93       5.87
5:00am             91          5          8         86       44.4      29.93       5.87
5:05am             96          3         10         87       44.3      29.93       5.87
5:10am            108          2         10         88       44.2      29.93       5.87
5:15am             82          4         10         88       44.1      29.92       5.87
5:20am             93          5         10         89       44.1      29.91       5.87
5:25am            103          2         10         89       44.1      29.91       5.87
5:30am             94          3         10         89       44.0      29.90       5.87
5:35am            102          3         10         90       44.0      29.89       5.87
5:40am             82          5         10         90       43.9      29.89       5.87
5:45am             98          3         10         91       43.8      29.89       5.87
5:50am            118          4         10         91       43.5      29.89       5.87
5:55am            115          4         10         91       44.7      29.89       5.87
6:00am            115          4         10         91       44.7      29.89       5.87
6:05am            115          4          4         91       44.7      29.89       5.87
6:10am            115          4          4         91       44.7      29.89       5.87
6:15am            115          4          4         91       44.7      29.89       5.87
6:19am            115          4          4         91       44.7      29.89       5.87
6:24am            115          4          4         91       44.7      29.89       5.87
6:30am            115          4          4         91       44.7      29.88       5.87
6:35am            115          4          4         91       44.7      29.88       5.87
6:40am            115          4          4         91       44.7      29.88       5.87
6:45am            115          4          4         91       44.7      29.89       5.87
6:49am            115          4          4         91       44.7      29.88       5.87
6:55am            115          4          4         91       44.7      29.88       5.87
7:00am            115          4          4         91       44.7      29.87       5.87
7:05am            115          4          4         91       44.7      29.87       5.87
7:09am            115          4          4         91       44.7      29.87       5.87
7:15am            115          4          4         91       44.7      29.86       5.87
7:20am            115          4          4         91       44.7      29.86       5.87
7:25am            115          4          4         91       44.7      29.85       5.87
7:30am            115          4          4         91       44.7      29.84       5.87
7:35am            115          4          4         91       44.7      29.84       5.87
7:39am            115          4          4         91       44.7      29.83       5.87
7:45am            115          4          4         91       44.7      29.83       5.87
7:50am            115          4          4         91       44.7      29.83       5.87
7:55am            115          4          4         91       44.7      29.83       5.87
8:00am             82          6          7         96       44.7      29.82       5.87
8:05am             87          4          7         96       44.7      29.82       5.88
8:10am             84          3          8         96       44.7      29.81       5.88
8:15am             88          1          8         96       44.9      29.81       5.89
8:20am             98          4          8         96       44.9      29.81       5.90
8:25am             46          5          8         96       45.1      29.80       5.91
8:30am             58          3          8         96       45.1      29.80       5.91
8:34am             79          4          7         96       45.4      29.80       5.92
8:40am             86          0          7         96       45.6      29.79       5.92
8:45am            101          0          7         96       45.8      29.79       5.93
8:50am            107          2          8         97       46.1      29.78       5.93
8:55am             82          2          8         97       46.3      29.77       5.94
9:00am             60          3          8         97       46.5      29.77       5.94
9:05am             52          5          7         97       46.7      29.76       5.95
9:10am            103          3          9         97       47.0      29.75       5.95
9:15am             68          2         10         97       47.4      29.74       5.96
9:20am             56          4         10         97       47.6      29.73       5.96
9:25am             74         13         13         97       48.0      29.73       5.96
9:30am             27          0         13         97       48.1      29.72       5.97
9:35am             93          4          6         97       48.4      29.71       5.97
9:40am            119          5          7         97       48.6      29.71       5.97
9:45am             96          3          7         97       48.8      29.70       5.97
9:50am            254          0          7         97       49.2      29.70       5.97
9:55am            124          1          8         97       49.5      29.70       5.98
10:00am           283          0         10         97       49.8      29.69       5.98
10:05am            52         10         10         97       50.2      29.68       5.98
10:10am            93          0         12         97       50.5      29.68       5.98
10:15am            25          0         12         97       50.8      29.68       5.98
10:20am           132          2         12         97       51.2      29.67       5.99
10:25am            70          3         12         97       51.9      29.68       6.00
10:30am           260         10         12         97       52.2      29.67       6.01
10:35am           190          3         12         96       52.4      29.67       6.02
10:40am            54          5         12         96       52.6      29.66       6.02
10:45am           246          5         12         95       52.8      29.66       6.03
10:50am            85          1         12         95       52.9      29.65       6.04
10:55am           238          5         14         95       53.0      29.65       6.04
11:00am            98          3         14         95       53.1      29.64       6.04
11:05am           240          8         11         95       53.2      29.64       6.05
11:10am            86          3         11         95       53.3      29.63       6.05
11:15am            37          0         11         95       53.4      29.63       6.05
11:20am           105          4         11         95       53.4      29.62       6.06
11:25am           194          7         11         95       53.6      29.63       6.06
11:30am           142          0         11         95       53.7      29.63       6.07
11:35am           105          4          9         95       53.8      29.62       6.08
11:40am           126          4          9         95       53.9      29.61       6.08
11:45am           111          4          9         95       54.1      29.62       6.09
11:50am           143          0          9         95       54.3      29.61       6.09
11:55am           205          0          9         95       54.6      29.61       6.09
12:00pm           105          3          9         94       54.9      29.60       6.09
12:05pm           274          4          7         94       55.4      29.60       6.09
12:10pm           203          2         11         93       56.0      29.60       6.10
12:15pm           224         10         20         93       56.4      29.59       6.10
12:20pm           243          4         20         92       56.4      29.59       6.10
12:25pm           224          0         20         92       56.4      29.58       6.11
12:30pm           281          0         20         92       56.4      29.58       6.11
12:35pm           218          1         13         91       56.6      29.58       6.11
12:40pm           270         10         14         91       56.7      29.57       6.11
12:45pm           241          2         14         91       56.8      29.57       6.11
12:50pm           206          7         14         90       56.9      29.57       6.11
12:55pm           289          0         17         90       57.0      29.55       6.11
12:59pm           174          4         17         90       56.8      29.55       6.11
1:05pm             89          3         14         91       56.6      29.55       6.11
1:10pm             94          0         14         92       56.4      29.54       6.11
1:15pm            100          1         14         92       56.0      29.53       6.11
1:20pm            297          0         14         93       55.8      29.53       6.11
1:25pm            146          2         14         93       56.1      29.53       6.12
1:30pm            118          1         14         93       56.6      29.53       6.12
1:35pm            210          1         10         92       57.2      29.52       6.12
1:40pm            284          4         18         91       57.8      29.51       6.13
1:45pm            288          1         18         90       58.2      29.52       6.13
1:50pm            162          1         18         90       58.4      29.51       6.13
1:55pm            115          2         18         89       58.8      29.50       6.13
2:00pm            142          1         18         89       58.9      29.49       6.13
2:05pm            171          3          7         89       58.6      29.49       6.13
2:10pm            160          5          7         90       58.8      29.48       6.13
2:15pm            315          1         14         89       59.2      29.48       6.13
2:20pm            296          4         14         89       59.2      29.47       6.13
2:25pm             82          6         14         89       59.1      29.48       6.14
2:30pm            214          7         14         89       59.0      29.47       6.15
2:35pm            304          2         24         89       59.0      29.46       6.16
2:40pm            125          4         24         89       58.9      29.45       6.16
2:45pm            131          1         24         90       58.9      29.45       6.16
2:50pm            129          3         24         89       58.8      29.44       6.16
2:55pm            149          2         24         90       58.7      29.44       6.18
3:00pm            107          2         24         90       58.6      29.43       6.20
3:05pm            238          2          9         90       58.4      29.42       6.21
3:10pm            264          1          9         91       58.3      29.42       6.21
3:15pm            179          0          9         91       58.2      29.41       6.21
3:20pm            152          1          9         91       58.2      29.41       6.23
3:25pm            204          0         17         91       58.3      29.40       6.24
3:30pm            103          5         17         91       58.2      29.40       6.24
3:35pm             75          1          6         91       58.2      29.40       6.24
3:40pm            215          4          9         91       58.3      29.40       6.24
3:45pm            100          0          9         91       58.4      29.40       6.24
3:50pm            247          4          9         91       58.4      29.39       6.24
3:55pm            190          0         12         91       58.6      29.39       6.25
4:00pm            257          7         12         91       58.4      29.39       6.25
4:05pm            254          0          7         91       58.6      29.39       6.25
4:10pm            211         11         11         91       58.3      29.38       6.25
4:15pm            232          1         11         91       58.6      29.38       6.26
4:20pm             48          0         11         90       58.8      29.38       6.26
4:25pm            226          5         11         90       58.9      29.38       6.26
4:30pm             53          0         11         90       59.0      29.38       6.26
4:35pm             60          0          9         90       59.0      29.37       6.27
4:40pm            258          4         19         90       59.1      29.37       6.27
4:45pm            284          2         19         90       59.0      29.37       6.29
4:50pm            275          1         19         90       59.0      29.36       6.30
4:55pm            268          1         19         90       58.9      29.36       6.30
5:00pm            276          1         19         90       58.8      29.36       6.30
5:05pm            275          1         10         90       58.8      29.36       6.30
5:10pm            160          0         10         90       58.9      29.36       6.30
5:15pm            236          5         11         90       59.0      29.36       6.31
5:20pm             76          4         11         90       59.0      29.35       6.31
5:25pm            211          2         15         90       59.1      29.35       6.31
5:30pm            306          7         15         90       59.0      29.35       6.31
5:35pm            279          2          9         90       59.1      29.34       6.31
5:40pm            233          4         14         90       59.1      29.34       6.31
5:45pm            172          3         23         90       59.2      29.33       6.31
5:49pm            254          4         23         90       59.3      29.32       6.31
5:55pm            205          7         23         90       59.4      29.32       6.31
6:00pm            235          4         23         89       59.5      29.32       6.31
6:05pm            169          0         10         90       59.5      29.33       6.31
6:10pm            192          9         12         90       59.4      29.33       6.31
6:15pm            206          7         13         90       59.4      29.33       6.31
6:20pm            279          1         20         90       59.3      29.33       6.31
6:25pm            316          4         20         90       59.2      29.33       6.31
6:30pm            316         15         20         90       59.2      29.32       6.31
6:35pm            277          4         18         90       59.2      29.33       6.31
6:40pm            205          5         18         90       59.1      29.33       6.31
6:45pm            274          1         18         90       59.1      29.33       6.31
6:50pm            233          8         18         90       59.0      29.34       6.31
6:55pm              8          3         18         91       58.8      29.34       6.31
7:00pm            223          1         18         92       58.5      29.33       6.32
7:05pm            227          3         10         92       58.5      29.33       6.32
7:10pm            176          2         10         92       58.4      29.34       6.32
7:15pm            260          2         13         92       58.4      29.34       6.32
7:20pm            307          4         13         93       58.2      29.34       6.36
7:25pm            169          3         16         94       57.9      29.35       6.37
7:30pm            258          5         16         94       57.8      29.37       6.41
7:35pm            271          1         16         95       57.5      29.38       6.43
7:40pm            233          2         16         95       57.4      29.38       6.43
7:45pm            263          5         16         94       57.6      29.38       6.43
7:50pm            193          2         16         94       57.7      29.38       6.43
7:55pm            253          3         16         93       57.6      29.38       6.44
8:00pm            267          8         16         93       57.8      29.38       6.44
8:05pm            275          5          8         92       57.7      29.39       6.44
8:10pm            276          4          8         92       57.7      29.39       6.44
8:15pm            250          0          8         92       57.6      29.39       6.44
8:20pm            268          4          8         93       57.5      29.40       6.44
8:25pm            284          4          8         93       57.4      29.40       6.44
8:30pm            279          3          8         93       57.4      29.40       6.44
8:35pm            271          5          8         93       57.2      29.40       6.44
8:40pm            257          3          8         93       57.2      29.41       6.44
8:45pm            282          4          8         93       57.2      29.42       6.44
8:50pm            264          2          8         93       57.2      29.42       6.44
8:55pm            270          3          9         93       57.2      29.43       6.44
9:00pm            283          7         12         93       57.2      29.43       6.44
9:05pm            268          4          9         93       57.2      29.44       6.44
9:10pm            273          4         11         93       57.2      29.45       6.44
9:15pm            267          5         11         93       57.1      29.45       6.44
9:20pm            274          6         12         93       57.0      29.46       6.44
9:25pm            269         11         14         93       56.8      29.47       6.44
9:30pm            285          4         14         93       56.6      29.48       6.44
9:35pm            238          5         11         93       56.5      29.48       6.44
9:40pm            277          2         15         93       56.4      29.49       6.44
9:45pm            259          2         15         93       56.2      29.49       6.44
9:50pm            287          2         15         93       56.1      29.49       6.44
9:55pm            291          5         15         93       56.0      29.50       6.44
10:00pm           257          2         15         92       55.9      29.50       6.44
10:05pm           278          2          7         92       55.8      29.50       6.44
10:10pm           274          5          7         92       55.6      29.51       6.44
10:15pm           266          3          7         92       55.5      29.51       6.44
10:20pm           261          4          7         92       55.3      29.51       6.44
10:25pm           286          3          7         92       55.3      29.51       6.44
10:30pm           264          6          9         91       55.2      29.52       6.44
10:35pm           274          6         13         90       55.3      29.52       6.44
10:40pm           255          9         13         89       55.1      29.53       6.44
10:45pm           274          6         13         85       54.9      29.54       6.44
10:50pm           278         12         31         80       54.4      29.54       6.44
10:55pm           263         12         31         81       53.6      29.56       6.44
11:00pm           287         13         31         79       52.9      29.58       6.44
11:05pm           272          6         23         75       51.7      29.59       6.44
11:10pm           249          4         23         74       50.7      29.60       6.44
11:15pm           273         18         23         74       49.9      29.61       6.44
11:20pm           266         10         24         71       49.3      29.61       6.44
11:25pm           237          5         30         72       48.9      29.61       6.44
11:30pm           258         12         30         73       48.4      29.61       6.44
11:35pm           257         10         25         75       47.8      29.61       6.44
11:40pm           292          8         25         75       47.3      29.62       6.44
11:45pm           277         11         27         74       47.2      29.62       6.44
11:50pm           264          9         28         75       47.0      29.62       6.44
11:55pm           259         15         33         73       46.9      29.63       6.44
