5/3/20
Time         Wind Dir   Wind Spd  Wind Gust   Humidity       Temp  Raw Barom   Tot Rain
                    °        mph        mph          %         °F         in         in
12:00am           269          0          0         86       46.9      29.79       8.13
12:04am           269          0          0         85       47.1      29.79       8.13
12:09am           269          0          0         83       47.7      29.79       8.13
12:14am           269          0          0         82       48.1      29.79       8.13
12:19am           269          0          0         83       48.1      29.79       8.13
12:24am           269          0          0         82       48.2      29.79       8.13
12:29am           269          0          0         82       48.4      29.79       8.13
12:34am           269          0          0         82       48.5      29.79       8.13
12:39am           271          0          1         81       48.5      29.79       8.13
12:44am           266          0          1         81       48.4      29.79       8.13
12:49am           266          1          1         82       48.3      29.79       8.13
12:54am           269          0          2         82       48.2      29.80       8.13
1:00am            270          0          2         82       48.2      29.80       8.13
1:04am            276          2          2         82       48.3      29.80       8.13
1:09am            274          0          2         81       48.4      29.80       8.13
1:14am            274          0          2         82       48.4      29.79       8.13
1:19am            274          0          2         81       48.4      29.79       8.13
1:24am            274          0          2         81       48.3      29.79       8.13
1:29am            274          0          2         81       48.4      29.79       8.13
1:34am            274          0          0         80       48.5      29.78       8.13
1:39am             53          0          1         78       49.1      29.78       8.13
1:44am             53          0          1         79       49.3      29.78       8.13
1:49am             87          0          1         81       49.1      29.77       8.13
1:54am             96          0          1         82       48.9      29.77       8.13
2:00am             96          0          1         83       48.7      29.77       8.13
2:04am            119          0          1         83       48.4      29.76       8.13
2:09am            119          0          1         83       48.3      29.77       8.13
2:14am            110          0          1         83       48.3      29.76       8.13
2:19am            110          0          1         83       48.3      29.76       8.13
2:24am            110          0          1         83       48.2      29.75       8.13
2:30am            110          0          1         84       48.2      29.75       8.13
2:34am            110          0          0         85       48.1      29.75       8.13
2:39am            110          0          0         86       47.7      29.74       8.13
2:44am            110          0          0         86       47.5      29.74       8.13
2:49am            110          0          0         86       47.7      29.74       8.13
2:54am            124          0          0         87       47.7      29.74       8.13
3:00am            124          0          0         87       47.4      29.74       8.13
3:04am            124          0          0         87       47.3      29.73       8.13
3:09am             83          0          2         87       47.3      29.72       8.13
3:14am            124          0          2         86       47.7      29.72       8.13
3:19am            124          0          2         85       48.0      29.72       8.13
3:24am            124          0          2         85       48.0      29.72       8.13
3:30am            124          0          2         85       48.0      29.72       8.13
3:34am            124          0          0         86       47.8      29.72       8.13
3:39am            124          0          0         86       47.6      29.72       8.13
3:44am            124          0          0         86       47.5      29.72       8.13
3:49am            124          0          0         86       47.6      29.72       8.13
3:54am            124          0          0         86       47.6      29.72       8.13
4:00am            124          0          1         86       47.7      29.71       8.13
4:04am            101          0          1         86       47.9      29.71       8.13
4:09am            176          0          1         86       48.0      29.71       8.13
4:14am             84          0          1         86       47.8      29.71       8.13
4:19am             84          0          1         86       47.6      29.71       8.13
4:24am             84          0          1         87       47.5      29.71       8.13
4:30am             84          0          1         87       47.5      29.71       8.13
4:34am            103          0          4         86       47.7      29.71       8.13
4:40am            115          0          4         86       47.7      29.71       8.13
4:44am            115          0          4         86       47.6      29.71       8.13
4:49am            115          0          4         86       47.6      29.71       8.13
4:54am            115          0          4         86       47.7      29.70       8.13
5:00am            125          0          4         87       47.5      29.70       8.13
5:05am            123          0          0         88       47.2      29.70       8.13
5:10am            123          0          1         88       47.2      29.70       8.13
5:15am             98          1          2         88       47.2      29.70       8.13
5:19am            133          0          2         89       47.1      29.70       8.13
5:24am            133          0          2         89       47.1      29.70       8.13
5:29am            133          0          2         89       47.0      29.70       8.13
5:34am            133          0          0         89       47.1      29.70       8.13
5:39am            133          0          1         89       47.1      29.69       8.13
5:45am            108          0          2         88       47.0      29.70       8.13
5:50am            114          0          2         86       47.5      29.69       8.13
5:55am            225          0          2         85       48.2      29.69       8.13
6:00am            283          0          4         85       48.0      29.69       8.13
6:04am            131          0          1         87       47.8      29.69       8.13
6:09am            131          0          1         87       47.5      29.69       8.13
6:15am            124          0          1         88       47.4      29.69       8.13
6:20am            124          0          1         88       47.3      29.69       8.13
6:24am            124          0          1         88       47.4      29.69       8.13
6:30am            115          0          1         87       47.5      29.69       8.13
6:34am            115          0          1         86       47.7      29.69       8.13
6:40am            125          0          1         86       47.8      29.69       8.13
6:45am            126          1          1         86       47.9      29.69       8.13
6:49am            131          0          1         85       47.8      29.69       8.13
6:55am            131          0          1         85       48.0      29.70       8.13
7:00am            118          0          1         85       48.1      29.70       8.13
7:04am            112          0          1         86       48.0      29.70       8.13
7:10am            112          0          1         85       48.1      29.70       8.13
7:15am            112          0          1         84       48.4      29.69       8.13
7:19am            112          0          1         84       48.7      29.70       8.13
7:24am            127          0          1         83       49.2      29.69       8.13
7:30am            118          0          1         83       49.1      29.70       8.13
7:34am            118          0          0         83       48.9      29.70       8.13
7:40am            108          0          0         82       49.0      29.69       8.13
7:45am            116          0          1         82       49.1      29.69       8.13
7:49am            116          0          1         84       49.2      29.69       8.13
7:55am            116          0          1         85       49.2      29.69       8.13
8:00am            116          0          1         85       49.1      29.69       8.13
8:04am             94          2          4         86       48.7      29.69       8.13
8:10am             92          0          4         88       48.3      29.68       8.13
8:15am             96          0          4         89       48.3      29.68       8.13
8:19am             96          0          4         89       48.8      29.68       8.13
8:25am             94          1          4         88       49.6      29.68       8.13
8:29am            112          0          4         86       50.4      29.67       8.13
8:35am             98          0          2         83       51.3      29.67       8.13
8:39am            124          0          2         80       52.0      29.67       8.13
8:44am            104          0          3         77       52.6      29.67       8.13
8:50am            105          0          3         75       53.8      29.67       8.13
8:55am            295          2          5         71       55.8      29.66       8.13
9:00am            204          4          6         67       57.6      29.66       8.13
9:05am            238          1          5         65       58.2      29.66       8.13
9:10am            234          2          5         64       58.3      29.66       8.13
9:15am            295          1          5         63       58.7      29.65       8.13
9:20am            279          6          6         62       58.8      29.65       8.13
9:25am            206          1          7         65       58.8      29.65       8.13
9:29am            123          1          7         62       59.5      29.65       8.13
9:34am            278          1          5         61       60.3      29.65       8.13
9:40am            160          0          5         61       60.8      29.64       8.13
9:45am            195          0          5         59       61.7      29.64       8.13
9:50am            311          4          8         57       62.1      29.64       8.13
9:55am            166          0          8         58       61.9      29.64       8.13
10:00am           252          1          8         57       61.8      29.64       8.13
10:05am           186          1          7         57       61.6      29.64       8.13
10:10am           264          0          7         58       61.6      29.63       8.13
10:15am           253          2          7         58       61.7      29.63       8.13
10:19am           160          0          7         56       62.7      29.63       8.13
10:24am           161          4          9         55       63.0      29.63       8.13
10:30am           277          2          9         55       63.2      29.63       8.13
10:35am           250          0          7         56       63.6      29.63       8.13
10:40am           248          0          7         55       64.3      29.63       8.13
10:44am           247          6          7         55       65.1      29.63       8.13
10:50am           263          5         10         52       65.1      29.63       8.13
10:55am           252          5         10         54       65.5      29.63       8.13
11:00am           245          3         10         52       65.6      29.62       8.13
11:05am           295          4         10         53       65.7      29.62       8.13
11:10am           257          5         12         53       65.9      29.62       8.13
11:15am           219          1         12         51       66.6      29.61       8.13
11:20am           275          4         12         53       66.8      29.61       8.13
11:25am           278          5         12         50       67.2      29.61       8.13
11:30am           269          5         12         53       67.1      29.61       8.13
11:34am           219          2          8         50       67.0      29.60       8.13
11:40am           253          3          9         51       67.2      29.60       8.13
11:45am           274          4         10         50       67.3      29.60       8.13
11:50am           250          1         10         51       67.2      29.60       8.13
11:55am           274          6         10         51       68.0      29.60       8.13
12:00pm           297          5         12         50       68.8      29.59       8.13
12:05pm           267          6         12         50       69.3      29.59       8.13
12:10pm           269          6         12         48       69.5      29.59       8.13
12:15pm           243          8         16         48       69.6      29.59       8.13
12:20pm           273         16         17         48       69.6      29.59       8.13
12:25pm           267          6         17         49       69.3      29.58       8.13
12:30pm           248          2         17         48       69.7      29.58       8.13
12:35pm           277          9         10         49       69.7      29.58       8.13
12:40pm           260         10         11         49       69.4      29.58       8.13
12:45pm           258          8         11         47       69.8      29.57       8.13
12:50pm           276          8         13         45       70.5      29.57       8.13
12:54pm           250          9         18         40       70.6      29.58       8.13
1:00pm            261          5         18         40       70.5      29.57       8.13
1:05pm            245          4         14         37       70.8      29.57       8.13
1:10pm            270          8         16         33       71.3      29.57       8.13
1:15pm            256          8         16         29       71.5      29.57       8.13
1:20pm            264          6         16         30       71.6      29.57       8.13
1:25pm            285         16         18         28       71.4      29.57       8.13
1:30pm            262         10         24         30       71.5      29.58       8.13
1:35pm            257          3         13         33       71.7      29.57       8.13
1:40pm            271         13         20         31       71.9      29.57       8.13
1:45pm            255          4         22         29       72.2      29.58       8.13
1:50pm             67          4         22         32       72.7      29.57       8.13
1:55pm            122          4         22         32       73.0      29.57       8.13
2:00pm            259          6         23         32       72.5      29.57       8.13
2:05pm            227          4          9         33       72.8      29.57       8.13
2:10pm            271          0         10         34       73.2      29.57       8.13
2:15pm             57          4         12         31       73.2      29.56       8.13
2:20pm            108          1         12         32       73.6      29.56       8.13
2:25pm            275          9         12         32       73.3      29.56       8.13
2:30pm            116          1         12         31       73.2      29.56       8.13
2:35pm            290          2          5         33       73.3      29.55       8.13
2:40pm            202          1          7         34       73.1      29.55       8.13
2:45pm            221          2          8         33       72.7      29.55       8.13
2:50pm            283          5         12         33       71.9      29.55       8.13
2:55pm            240          1         12         34       72.0      29.54       8.13
3:00pm            232          1         12         35       72.5      29.54       8.13
3:05pm            262          6         10         32       73.2      29.54       8.13
3:10pm             91          1         10         33       73.0      29.54       8.13
3:15pm            242          3         10         30       73.3      29.53       8.13
3:20pm            224          2         15         30       73.7      29.54       8.13
3:24pm            260          3         15         29       75.3      29.53       8.13
3:30pm            277         10         15         26       75.7      29.53       8.13
3:35pm            268          2         10         26       76.4      29.54       8.13
3:40pm            276          5         10         26       76.1      29.53       8.13
3:45pm            296          4         13         26       74.6      29.53       8.13
3:50pm             15          2         13         27       74.6      29.54       8.13
3:55pm             87          4         13         27       75.7      29.54       8.13
4:00pm            334          3         13         25       76.1      29.53       8.13
4:05pm            169          0          6         25       76.5      29.53       8.13
4:10pm            278          2         14         26       76.0      29.53       8.13
4:15pm            176          1         14         26       76.1      29.53       8.13
4:20pm            219          2         14         27       76.4      29.53       8.13
4:25pm            281          3         14         26       75.5      29.53       8.13
4:30pm            228          4         15         25       75.7      29.53       8.13
4:35pm            264          2         12         26       74.0      29.53       8.13
4:40pm            252          3         12         26       74.8      29.53       8.13
4:45pm            274          4         12         24       75.6      29.53       8.13
4:50pm             67          0         12         25       76.3      29.53       8.13
4:55pm            297         10         12         23       76.9      29.53       8.13
5:00pm            240          5         12         24       76.8      29.53       8.13
5:05pm            289          1          9         25       76.8      29.53       8.13
5:10pm             27          5          9         25       77.7      29.53       8.13
5:15pm            222          4          9         25       77.5      29.53       8.13
5:20pm            285          3         10         24       76.9      29.52       8.13
5:25pm              9          1         10         24       77.2      29.53       8.13
5:30pm            276          2         10         24       77.3      29.53       8.13
5:35pm            217          0          5         25       77.8      29.53       8.13
5:40pm             97          1          6         24       77.9      29.53       8.13
5:45pm            251          0          7         24       77.1      29.53       8.13
5:50pm            236          2          7         25       77.0      29.53       8.13
5:55pm            290          7         12         24       76.9      29.53       8.13
6:00pm            260          4         12         25       75.4      29.53       8.13
6:05pm            271          2         10         26       73.9      29.53       8.13
6:10pm            250          5         10         27       73.1      29.53       8.13
6:15pm            298          0         10         28       72.6      29.53       8.13
6:20pm            150          1         10         29       72.2      29.53       8.13
6:25pm            236          1         10         28       71.6      29.52       8.13
6:30pm            235          0         10         30       71.5      29.52       8.13
6:35pm            255          2          4         30       71.5      29.52       8.13
6:40pm            277          0          4         30       71.0      29.52       8.13
6:45pm            259          1          4         31       70.5      29.52       8.13
6:50pm            304          3          4         31       70.0      29.52       8.13
6:55pm            264          0          7         32       69.8      29.53       8.13
7:00pm            268          0          7         34       69.3      29.52       8.13
7:05pm            268          0          1         35       68.9      29.53       8.13
7:10pm            267          0          1         35       68.6      29.52       8.13
7:15pm            248          0          2         34       68.7      29.52       8.13
7:20pm            278          3          3         34       68.8      29.52       8.13
7:25pm            265          0          5         34       68.8      29.52       8.13
7:30pm            264          2          8         34       68.7      29.52       8.13
7:35pm            273          6          7         35       68.5      29.52       8.13
7:40pm            266          0          7         35       68.1      29.52       8.13
7:45pm            231          1          7         36       67.6      29.52       8.13
7:50pm            260          0          7         37       67.2      29.53       8.13
7:55pm            265          3          7         36       66.7      29.53       8.13
8:00pm            263          0          7         36       66.8      29.53       8.13
8:05pm            266          0          3         38       66.2      29.53       8.13
8:10pm            263          0          3         38       65.7      29.53       8.13
8:15pm            258          0          3         40       65.2      29.53       8.13
8:20pm            272          1          3         40       64.8      29.53       8.13
8:25pm            272          0          3         40       64.6      29.53       8.13
8:30pm            272          0          3         40       64.5      29.53       8.13
8:35pm            272          0          1         41       64.3      29.54       8.13
8:40pm            272          0          1         42       63.8      29.53       8.13
8:45pm            272          0          1         43       63.0      29.54       8.13
8:50pm            272          0          1         47       62.0      29.54       8.13
8:55pm            272          0          1         47       61.2      29.53       8.13
9:00pm            272          0          1         50       60.4      29.53       8.13
9:05pm            272          0          0         51       59.1      29.53       8.13
9:10pm            272          0          0         52       58.5      29.53       8.13
9:15pm            272          0          0         53       58.4      29.53       8.13
9:20pm            272          0          0         53       58.6      29.54       8.13
9:25pm            272          0          0         53       58.6      29.53       8.13
9:30pm            272          0          0         54       58.6      29.53       8.13
9:35pm            272          0          0         56       57.9      29.53       8.13
9:40pm            272          0          0         58       57.2      29.53       8.13
9:45pm            272          0          0         60       56.5      29.53       8.13
9:50pm            272          0          0         62       55.9      29.53       8.13
9:55pm            272          0          0         61       55.8      29.53       8.13
10:00pm           272          0          1         62       56.1      29.53       8.13
10:05pm           269          0          1         62       55.7      29.53       8.13
10:10pm           270          0          1         62       55.5      29.53       8.13
10:15pm           270          0          1         61       55.4      29.53       8.13
10:20pm           269          0          1         62       55.5      29.54       8.13
10:25pm           269          0          1         62       55.4      29.53       8.13
10:30pm           269          0          1         61       55.3      29.53       8.13
10:35pm           270          0          0         63       55.3      29.54       8.13
10:40pm           271          0          1         64       55.2      29.53       8.13
10:45pm           271          0          1         63       54.8      29.53       8.13
10:50pm           239          0          1         64       54.8      29.53       8.13
10:55pm           252          0          1         65       54.7      29.53       8.13
11:00pm           261          1          2         61       55.4      29.53       8.13
11:05pm           237          0          1         59       56.4      29.53       8.13
11:10pm           240          0          1         58       56.7      29.53       8.13
11:15pm           248          0          1         58       56.8      29.53       8.13
11:20pm           248          0          1         58       56.7      29.53       8.13
11:25pm           252          1          3         57       57.1      29.53       8.13
11:30pm           262          0          3         56       57.4      29.53       8.13
11:35pm           269          0          3         55       57.8      29.53       8.13
11:40pm           269          0          3         55       57.5      29.53       8.13
11:45pm           212          0          3         56       57.2      29.54       8.13
11:50pm            32          0          3         56       57.0      29.54       8.13
11:55pm           181          1          3         56       57.0      29.54       8.13
