5/29/20
Time         Wind Dir   Wind Spd  Wind Gust   Humidity       Temp  Raw Barom   Tot Rain
                    °        mph        mph          %         °F         in         in
12:00am           284          1         10         90       69.3      29.94       9.41
12:04am           279          0          5         90       69.3      29.94       9.41
12:09am           302          4          8         90       69.3      29.94       9.41
12:14am           281          3          8         90       69.3      29.94       9.41
12:19am           283          3          8         90       69.3      29.93       9.41
12:24am           265          0          8         90       69.3      29.94       9.41
12:29am           329          3          8         90       69.3      29.93       9.41
12:34am           278          0          7         90       69.3      29.93       9.41
12:40am           227          0          7         90       69.3      29.93       9.41
12:44am           278          3          7         90       69.3      29.93       9.41
12:49am           192          0          7         90       69.3      29.93       9.41
12:54am           252          0          8         90       69.4      29.93       9.41
1:00am            243          5          8         90       69.4      29.93       9.41
1:04am            242          1         10         90       69.5      29.93       9.41
1:09am            242          2         10         90       69.5      29.93       9.41
1:14am            308          5         11         90       69.5      29.93       9.41
1:20am             23          0         11         90       69.5      29.93       9.41
1:24am            274          2         11         90       69.5      29.93       9.41
1:29am            259          1         11         90       69.4      29.93       9.41
1:34am            239          0          8         90       69.3      29.93       9.41
1:39am            169          1         10         91       69.2      29.93       9.41
1:44am            231          2         10         91       69.1      29.93       9.41
1:49am            295          2         10         91       69.1      29.93       9.41
1:54am            131          0         10         92       69.0      29.92       9.41
2:00am            253          1         10         92       69.0      29.92       9.41
2:04am            281          2          7         92       69.0      29.92       9.41
2:09am            256          2          7         92       68.9      29.92       9.41
2:14am            172          3          7         92       68.8      29.92       9.41
2:19am            290          3         10         92       68.8      29.92       9.41
2:24am            269          1         10         93       68.7      29.92       9.41
2:29am            295          0         10         93       68.6      29.92       9.41
2:34am            293          3          8         93       68.6      29.92       9.41
2:39am            227          5          8         93       68.6      29.92       9.41
2:44am            263          1          8         93       68.6      29.92       9.41
2:49am            285          1          8         93       68.6      29.92       9.41
2:54am            284          1          8         93       68.6      29.92       9.41
3:00am            289          3          8         93       68.6      29.92       9.41
3:04am            302          3          7         93       68.6      29.92       9.41
3:09am            292          3          7         93       68.6      29.92       9.41
3:14am            271          0          7         93       68.6      29.92       9.41
3:19am            271          3          9         93       68.7      29.92       9.41
3:24am            272          0          9         93       68.7      29.91       9.41
3:29am            227          0          9         93       68.7      29.91       9.41
3:34am            283          3          8         92       68.8      29.91       9.41
3:39am            266          1          8         92       68.8      29.91       9.41
3:45am            275          2          8         92       68.7      29.91       9.41
3:49am            295          4          8         92       68.7      29.91       9.41
3:55am            271          3          8         92       68.7      29.91       9.41
4:00am            241          1          8         92       68.7      29.91       9.41
4:04am            303          3         12         92       68.7      29.90       9.41
4:10am            279          3         12         92       68.7      29.90       9.41
4:15am            258          3         12         92       68.7      29.90       9.41
4:20am            304          6         12         92       68.8      29.90       9.41
4:24am            283          4         12         92       68.8      29.90       9.41
4:30am            278          4         12         92       68.8      29.90       9.41
4:34am            266          4          9         92       68.8      29.90       9.41
4:39am            273          4          9         92       68.8      29.90       9.41
4:44am            257          3          9         92       68.9      29.90       9.41
4:49am            307          2         10         92       68.9      29.90       9.41
4:54am            296          2         10         92       68.9      29.90       9.41
5:00am            283          1         10         92       68.9      29.90       9.41
5:05am            296          2          8         92       68.9      29.90       9.41
5:09am            260          2          8         92       68.8      29.90       9.41
5:14am            278          2          8         92       68.8      29.90       9.41
5:20am            311          2          8         92       68.9      29.90       9.41
5:25am            268          1          8         92       68.9      29.90       9.41
5:30am            276          1          9         92       69.0      29.90       9.41
5:34am            253          0          8         92       69.0      29.90       9.41
5:39am            236          0          8         92       69.1      29.90       9.41
5:44am            298          1          8         92       69.1      29.90       9.41
5:49am            290          0          8         92       69.2      29.90       9.41
5:55am            280          0          8         91       69.3      29.90       9.41
6:00am            297          1          8         91       69.4      29.90       9.41
6:05am            302          2          5         91       69.7      29.90       9.41
6:09am            271          1          5         90       70.5      29.90       9.41
6:14am            296          2          6         88       71.0      29.90       9.41
6:19am            276          0          7         87       71.6      29.89       9.41
6:24am            296          5          7         86       72.4      29.90       9.41
6:30am            262          3          7         85       72.5      29.90       9.41
6:34am            295          4          7         86       72.0      29.90       9.41
6:40am            282          2          8         86       72.0      29.90       9.41
6:45am            243          5         10         86       72.6      29.90       9.41
6:49am            268          3         10         85       73.2      29.90       9.41
6:55am            275          1         10         84       72.8      29.90       9.41
7:00am            290          2         10         85       72.2      29.90       9.41
7:04am            255          0          7         86       71.9      29.90       9.41
7:10am            272          1          7         86       71.9      29.90       9.41
7:14am            287          1          7         86       72.0      29.90       9.41
7:19am            222          0          7         85       72.6      29.90       9.41
7:25am            268          3         10         84       73.4      29.90       9.41
7:30am            245          1         10         82       74.1      29.89       9.41
7:35am            294          7          7         82       73.8      29.89       9.41
7:40am            297          7          9         83       73.4      29.89       9.41
7:45am            250          1         14         83       73.5      29.89       9.41
7:50am            297          5         14         83       73.4      29.89       9.41
7:54am            280          5         14         83       73.2      29.89       9.41
8:00am            281          9         14         82       74.0      29.89       9.41
8:05am            279          9         16         81       74.6      29.90       9.41
8:10am            217          5         16         81       74.9      29.89       9.41
8:15am            261          3         16         79       75.6      29.89       9.41
8:19am            275          9         16         79       75.1      29.89       9.41
8:24am            250          4         16         80       74.7      29.89       9.41
8:30am            234          3         16         80       75.5      29.89       9.41
8:34am            258          4         10         78       75.9      29.89       9.41
8:40am            271          4         11         78       76.1      29.89       9.41
8:45am            301         10         11         78       75.6      29.89       9.41
8:50am            272          5         16         80       74.6      29.89       9.41
8:54am            285          6         16         81       74.3      29.89       9.41
9:00am            278          3         16         81       74.4      29.88       9.41
9:04am            243          5         11         80       74.9      29.88       9.41
9:10am            206          4         15         80       75.1      29.88       9.41
9:14am            294          8         15         79       75.4      29.88       9.41
9:20am            246          4         15         79       76.0      29.88       9.41
9:25am            290          6         15         77       76.6      29.88       9.41
9:30am            258          5         15         77       76.7      29.87       9.41
9:35am            272          5          9         76       77.1      29.87       9.41
9:40am            255          4         11         76       77.0      29.87       9.41
9:45am            271          2         11         76       77.1      29.87       9.41
9:50am            255          9         11         75       76.8      29.87       9.41
9:54am            259         14         17         76       76.5      29.87       9.41
10:00am           299          4         17         76       76.4      29.87       9.41
10:04am           283          7         13         77       76.1      29.86       9.41
10:10am           295          4         13         77       76.3      29.86       9.41
10:14am           288          6         14         77       75.8      29.86       9.41
10:20am           263          4         14         79       75.9      29.86       9.41
10:25am           250          3         14         77       77.0      29.86       9.41
10:30am           281          6         14         75       78.0      29.86       9.41
10:35am           307          6          8         75       78.6      29.86       9.41
10:39am           270          7         10         72       78.7      29.86       9.41
10:45am           293          7         10         72       79.0      29.85       9.41
10:50am           235          0         12         73       78.6      29.85       9.41
10:55am           230          0         12         72       79.0      29.85       9.41
11:00am           278          0         12         71       79.6      29.85       9.41
11:05am           269          2          7         69       80.5      29.85       9.41
11:09am           286          4         10         70       80.0      29.84       9.41
11:15am           283          6         10         70       79.5      29.84       9.41
11:19am           246          3         10         70       79.9      29.84       9.41
11:25am           264          2         13         70       79.8      29.85       9.41
11:30am           276          2         13         69       80.0      29.84       9.41
11:35am           265          4          7         68       80.4      29.84       9.41
11:40am           257          4         12         68       79.7      29.84       9.41
11:45am           295          6         12         69       79.7      29.84       9.41
11:50am           280          2         12         69       79.6      29.84       9.41
11:54am           283          3         12         70       79.6      29.84       9.41
12:00pm           215          0         12         70       80.2      29.84       9.41
12:05pm           224          2          8         66       81.0      29.84       9.41
12:10pm           192          4          9         66       81.4      29.84       9.41
12:15pm           268          6          9         65       82.2      29.83       9.41
12:20pm           266          8         11         64       82.0      29.83       9.41
12:25pm           302          5         11         66       81.4      29.83       9.41
12:30pm           192          2         12         66       81.5      29.83       9.41
12:35pm           261          6         13         65       81.9      29.83       9.41
12:40pm           238          0         13         66       81.1      29.83       9.41
12:45pm           268          3         13         65       81.6      29.82       9.41
12:50pm           160          0         13         66       81.9      29.82       9.41
12:54pm           340          9         13         65       82.3      29.82       9.41
1:00pm            274          4         13         65       81.4      29.82       9.41
1:05pm             96          2          7         66       81.3      29.81       9.41
1:10pm            284          4         11         65       81.8      29.81       9.41
1:15pm            277          2         11         65       81.9      29.81       9.41
1:20pm             75          0         11         65       82.6      29.81       9.41
1:25pm            283          2         11         63       83.2      29.80       9.41
1:30pm            279          3         11         63       83.0      29.80       9.41
1:35pm            295          5         11         62       82.8      29.80       9.41
1:40pm            282          3         11         63       82.9      29.80       9.41
1:45pm            279          3         11         63       83.3      29.79       9.41
1:50pm            296          4         11         62       83.4      29.79       9.41
1:55pm            276          6         11         62       84.0      29.78       9.41
2:00pm            269          4         11         60       84.0      29.79       9.41
2:05pm            249          4          9         60       83.6      29.78       9.41
2:10pm            269          3         10         61       84.0      29.77       9.41
2:15pm            202          5         10         60       84.7      29.78       9.41
2:20pm            188          9         11         60       84.0      29.78       9.41
2:25pm            264          4         11         60       84.3      29.77       9.41
2:30pm            219          1         11         61       84.1      29.77       9.41
2:35pm            280          3          8         61       84.7      29.77       9.41
2:40pm            300          7         12         59       84.9      29.77       9.41
2:45pm            326          5         12         59       84.6      29.76       9.41
2:50pm            221          2         12         59       84.7      29.76       9.41
2:55pm            161          4         12         60       85.0      29.76       9.41
3:00pm            316          5         12         60       84.4      29.75       9.41
3:05pm            252          5         15         59       84.1      29.75       9.41
3:10pm             16          1         15         60       83.9      29.75       9.41
3:15pm            228          2         15         59       84.9      29.75       9.41
3:20pm            266          5         15         58       85.4      29.75       9.41
3:25pm            281          5         15         58       85.4      29.75       9.41
3:30pm            280          4         15         58       85.6      29.75       9.41
3:35pm            285         16         16         57       85.8      29.75       9.41
3:40pm            131          2         16         58       85.2      29.75       9.41
3:44pm            257          4         16         58       85.0      29.75       9.41
3:50pm            276          3         16         58       85.2      29.75       9.41
3:55pm            281         11         16         58       85.7      29.74       9.41
4:00pm            119          1         16         57       85.8      29.74       9.41
4:05pm            263          5         16         57       85.5      29.74       9.41
4:10pm            225          5         16         58       85.2      29.73       9.41
4:15pm            255          0         16         58       86.2      29.73       9.41
4:20pm            214          5         16         57       86.4      29.73       9.41
4:25pm            168          4         16         56       86.7      29.72       9.41
4:30pm            326          5         16         56       86.8      29.72       9.41
4:35pm            306          8         12         56       87.2      29.72       9.41
4:40pm            297          8         13         58       86.7      29.71       9.41
4:45pm            295          2         14         57       86.2      29.71       9.41
4:50pm            279          5         14         57       86.5      29.71       9.41
4:55pm            323          2         14         56       86.9      29.71       9.41
5:00pm            240          3         14         56       86.3      29.71       9.41
5:05pm             98          0         19         59       84.9      29.71       9.41
5:10pm            278          6         19         59       85.4      29.70       9.41
5:15pm            226         15         19         58       85.9      29.70       9.41
5:20pm            291          7         19         59       85.1      29.70       9.41
5:25pm            307          2         19         60       84.5      29.70       9.41
5:30pm            286          4         19         62       83.7      29.70       9.41
5:35pm            311          4         11         62       83.9      29.69       9.41
5:40pm            279          7         15         61       83.7      29.70       9.41
5:45pm            283          3         15         62       83.6      29.69       9.41
5:50pm            281          1         18         61       83.6      29.69       9.41
5:55pm            309          4         18         61       83.7      29.69       9.41
6:00pm            283          9         18         61       83.7      29.69       9.41
6:05pm            267          5         13         62       83.4      29.69       9.41
6:10pm            275          3         15         62       82.6      29.69       9.41
6:15pm            205          2         15         65       81.5      29.70       9.41
6:20pm            277          3         15         66       80.8      29.70       9.41
6:25pm            268          1         15         67       80.5      29.70       9.41
6:30pm            270          4         16         67       80.2      29.70       9.41
6:35pm            290          6         14         67       80.0      29.70       9.41
6:40pm            276          6         14         66       80.0      29.70       9.41
6:45pm            283          6         21         65       79.9      29.71       9.41
6:50pm            284          3         21         66       79.8      29.71       9.41
6:55pm            256          8         21         67       79.9      29.71       9.41
7:00pm            285          4         21         68       79.8      29.72       9.41
7:05pm            287          7          8         68       79.7      29.72       9.41
7:10pm            333          6         16         69       79.0      29.72       9.41
7:15pm            259         12         16         70       78.3      29.72       9.41
7:20pm            264          6         17         71       77.9      29.73       9.41
7:25pm            269          6         17         72       77.5      29.72       9.41
7:30pm            285          8         17         72       77.3      29.73       9.41
7:35pm             38          1         12         73       77.1      29.72       9.41
7:40pm            254          0         12         74       76.8      29.72       9.41
7:45pm            274          4         12         74       76.6      29.72       9.41
7:50pm            294          5         12         75       76.3      29.72       9.41
7:55pm            275          6         19         76       76.0      29.72       9.41
8:00pm            268          3         19         76       75.7      29.72       9.41
8:05pm            194          4         11         77       75.5      29.72       9.41
8:10pm            275          5         11         77       75.3      29.71       9.41
8:15pm            264          2         13         78       75.2      29.71       9.41
8:20pm            297          8         16         78       75.0      29.71       9.41
8:25pm            294          2         16         79       74.8      29.70       9.41
8:30pm            269          5         16         79       74.6      29.70       9.41
8:35pm            290          4         10         79       74.5      29.71       9.41
8:40pm            275          3         14         80       74.3      29.71       9.41
8:45pm            251          0         14         80       74.1      29.72       9.41
8:50pm            295          3         14         81       74.0      29.72       9.41
8:55pm            283          2         14         81       73.9      29.72       9.41
9:00pm            297          2         14         82       73.8      29.73       9.41
9:05pm            295          5          8         82       73.7      29.73       9.41
9:10pm            283          2          9         82       73.7      29.73       9.41
9:15pm            233          1         10         82       73.7      29.73       9.41
9:20pm            288          4         10         82       73.6      29.73       9.41
9:25pm            296          9         11         82       73.6      29.72       9.41
9:30pm            264          2         11         82       73.6      29.73       9.41
9:35pm            289          6          6         83       73.5      29.72       9.41
9:40pm            288          1          8         83       73.4      29.72       9.41
9:45pm            275          4          8         83       73.2      29.72       9.41
9:50pm            300          4         11         83       73.2      29.72       9.41
9:55pm            297          8         13         83       73.1      29.72       9.41
10:00pm           274          4         13         84       73.1      29.72       9.41
10:05pm           247          2          7         84       73.0      29.72       9.41
10:10pm           277          5          9         84       72.9      29.72       9.41
10:15pm           281          5          9         85       72.7      29.72       9.41
10:20pm           271          4          9         86       72.4      29.71       9.41
10:25pm           266          0          9         87       72.2      29.70       9.41
10:30pm           238          1          9         87       72.0      29.71       9.41
10:35pm           255          1          2         87       71.6      29.70       9.41
10:40pm           269          1          4         88       71.4      29.71       9.41
10:45pm           271          2          4         88       71.2      29.70       9.41
10:50pm           281          2          4         88       71.1      29.70       9.41
10:55pm           266          0          4         89       71.0      29.70       9.41
11:00pm           282          3          5         89       70.9      29.69       9.41
11:05pm           216          0          4         89       70.8      29.69       9.41
11:10pm           274          2          5         89       70.7      29.69       9.41
11:15pm           271          0          6         89       70.7      29.70       9.41
11:20pm           283          2          7         89       70.8      29.69       9.41
11:25pm           269          0          9         89       70.9      29.70       9.41
11:30pm           288          2          9         89       70.9      29.70       9.41
11:35pm           284          2          8         89       70.8      29.70       9.41
11:40pm           285          2          8         89       70.7      29.70       9.41
11:45pm           276          2          8         89       70.6      29.70       9.41
11:50pm           269          1          9         89       70.6      29.70       9.41
11:55pm           265          2          9         89       70.5      29.71       9.41
