5/17/20
Time         Wind Dir   Wind Spd  Wind Gust   Humidity       Temp  Raw Barom   Tot Rain
                    °        mph        mph          %         °F         in         in
12:00am           117          0          1         94       46.4      30.18       9.37
12:05am           117          0          0         94       46.5      30.18       9.37
12:10am           117          0          0         93       46.6      30.18       9.37
12:15am           117          0          0         93       46.6      30.18       9.37
12:20am           195          0          0         94       46.7      30.18       9.37
12:25am           179          0          0         94       46.8      30.18       9.37
12:30am           109          0          1         94       47.0      30.18       9.37
12:35am           109          0          0         94       47.1      30.18       9.37
12:40am           109          0          0         94       47.0      30.18       9.37
12:45am           109          0          0         93       46.8      30.19       9.37
12:50am           109          0          0         94       46.8      30.19       9.37
12:55am           109          0          0         94       46.9      30.19       9.37
1:00am            109          0          0         94       46.9      30.19       9.37
1:05am            109          0          0         94       47.0      30.19       9.37
1:10am            109          0          0         94       47.1      30.19       9.37
1:15am            334          0          0         93       47.0      30.19       9.37
1:20am            267          0          1         93       46.9      30.19       9.37
1:25am            267          0          1         93       46.9      30.19       9.37
1:30am            274          0          1         93       46.8      30.19       9.37
1:35am            269          0          1         93       46.7      30.19       9.37
1:40am            269          0          1         93       46.7      30.19       9.37
1:45am            269          0          1         93       46.7      30.19       9.37
1:50am            269          0          1         93       46.7      30.19       9.37
1:55am            269          0          1         93       46.7      30.19       9.37
2:00am            270          0          1         93       46.8      30.19       9.37
2:05am            269          0          0         93       46.8      30.19       9.37
2:10am            269          0          0         94       46.9      30.19       9.37
2:15am            269          0          0         94       46.9      30.19       9.37
2:20am            269          0          0         94       47.0      30.19       9.37
2:25am            269          0          0         94       47.1      30.19       9.37
2:30am            269          0          0         94       47.1      30.19       9.37
2:35am            270          0          0         93       47.2      30.19       9.37
2:40am            269          0          0         93       47.1      30.19       9.37
2:45am            269          0          0         93       47.1      30.19       9.37
2:50am            269          0          0         93       47.2      30.19       9.37
2:55am            270          0          0         93       47.3      30.19       9.37
3:00am            269          0          0         93       47.4      30.20       9.37
3:05am            269          0          0         93       47.5      30.19       9.37
3:10am            269          0          0         93       47.5      30.19       9.37
3:15am            269          0          0         93       47.5      30.19       9.37
3:20am            269          0          0         93       47.5      30.19       9.37
3:25am            269          0          0         93       47.4      30.19       9.37
3:30am            269          0          0         93       47.4      30.19       9.37
3:35am            269          0          0         93       47.4      30.19       9.37
3:40am            269          0          0         93       47.5      30.19       9.37
3:45am            269          0          0         93       47.5      30.19       9.37
3:50am            269          0          0         93       47.3      30.19       9.37
3:55am            270          0          0         93       47.2      30.19       9.37
4:00am            269          0          0         94       47.1      30.20       9.37
4:05am            269          0          0         94       47.0      30.20       9.37
4:10am            269          0          0         94       46.9      30.20       9.37
4:15am            269          0          0         94       46.8      30.20       9.37
4:20am            269          0          0         94       46.7      30.20       9.37
4:25am            269          0          0         94       46.8      30.20       9.37
4:30am            269          0          0         94       46.8      30.20       9.37
4:35am            269          0          0         94       46.9      30.20       9.37
4:40am            269          0          0         94       47.1      30.20       9.37
4:45am            269          0          0         94       47.0      30.20       9.37
4:50am            269          0          0         94       46.9      30.20       9.37
4:55am            269          0          0         94       46.7      30.20       9.37
5:00am            269          0          0         94       46.7      30.20       9.37
5:05am            269          0          0         94       46.5      30.20       9.37
5:10am            269          0          0         94       46.4      30.20       9.37
5:15am            270          0          0         95       46.4      30.20       9.37
5:20am            269          0          0         95       46.4      30.20       9.37
5:25am            269          0          0         95       46.4      30.20       9.37
5:30am            269          0          0         95       46.5      30.20       9.37
5:35am            269          0          0         95       46.6      30.20       9.37
5:40am            269          0          0         95       46.7      30.20       9.37
5:45am            280          0          0         95       46.8      30.21       9.37
5:50am            280          0          0         94       46.8      30.21       9.37
5:55am            280          0          0         94       46.9      30.21       9.37
5:59am            278          0          0         94       47.1      30.22       9.37
6:05am            256          0          0         94       47.2      30.22       9.37
6:10am            272          0          1         93       47.4      30.22       9.37
6:15am            251          0          1         93       47.7      30.21       9.37
6:20am            236          0          1         92       47.9      30.21       9.37
6:25am            262          0          2         91       48.2      30.22       9.37
6:30am            269          0          2         90       48.9      30.22       9.37
6:35am            262          1          2         89       48.9      30.22       9.37
6:40am            264          2          2         90       48.8      30.22       9.37
6:45am            271          1          3         89       48.9      30.22       9.37
6:50am            271          0          3         88       49.5      30.22       9.37
6:55am            274          0          3         86       50.3      30.22       9.37
7:00am            263          2          3         85       50.7      30.22       9.37
7:05am            272          0          4         84       50.9      30.22       9.37
7:10am            282          3          4         85       51.0      30.22       9.37
7:15am            269          3          4         85       51.0      30.23       9.37
7:20am            297          3          4         85       51.2      30.23       9.37
7:25am            243          1          4         84       51.4      30.23       9.37
7:30am            280          1          4         83       51.7      30.23       9.37
7:35am            272          2          5         83       51.9      30.23       9.37
7:40am            280          2          6         83       52.4      30.23       9.37
7:45am            268          0          6         82       52.6      30.23       9.37
7:50am            262          2          6         81       53.5      30.23       9.37
7:55am            298          3          6         80       53.9      30.23       9.37
8:00am            272          2          7         79       54.3      30.23       9.37
8:05am            254          0          5         78       54.1      30.23       9.37
8:09am            283          1          5         78       54.1      30.23       9.37
8:15am            285          1          5         78       54.2      30.24       9.37
8:20am            281          3          6         77       54.4      30.24       9.37
8:25am            271          3          7         78       54.5      30.24       9.37
8:30am            225          2          7         79       54.6      30.24       9.37
8:35am            285          3          3         77       54.9      30.24       9.37
8:40am            288          2          8         77       54.6      30.25       9.37
8:45am            262          0          8         78       54.7      30.24       9.37
8:50am            269          1          8         77       55.1      30.25       9.37
8:55am            261          2          8         77       55.3      30.25       9.37
9:00am            283          3          8         77       55.9      30.24       9.37
9:05am            290          0          5         76       56.1      30.24       9.37
9:10am            193          2          5         75       56.5      30.24       9.37
9:15am            293          4          6         74       56.9      30.24       9.37
9:20am            270          1          8         76       56.8      30.24       9.37
9:25am            248          5          8         76       56.7      30.24       9.37
9:30am            266          1          8         76       56.6      30.24       9.37
9:35am            275          2          9         76       56.4      30.24       9.37
9:40am            278          7          9         76       56.3      30.24       9.37
9:45am            272          3          9         76       56.3      30.24       9.37
9:50am            240          0          9         76       56.7      30.24       9.37
9:55am            243          0          9         75       57.1      30.24       9.37
10:00am           284          2          9         74       57.4      30.23       9.37
10:05am           279          1          7         74       57.6      30.23       9.37
10:10am           281          1          7         75       57.7      30.23       9.37
10:15am           264          2          7         73       57.8      30.23       9.37
10:20am           275          0          7         73       58.3      30.23       9.37
10:25am           268          0          7         73       58.7      30.23       9.37
10:30am           255          3          7         71       59.1      30.23       9.37
10:35am           257          3          8         71       59.1      30.23       9.37
10:40am           273          1          8         71       59.3      30.23       9.37
10:45am           252          1          8         70       59.6      30.22       9.37
10:50am           274          2          8         71       60.2      30.22       9.37
10:55am           283          3          8         69       59.7      30.22       9.37
11:00am           269          0          8         69       60.6      30.22       9.37
11:05am           271          4          8         67       60.4      30.22       9.37
11:10am           243          0          8         69       60.6      30.22       9.37
11:15am           275          3          8         67       62.0      30.22       9.37
11:20am           275          2          8         65       62.4      30.22       9.37
11:25am           191          0          8         68       61.8      30.21       9.37
11:30am           264          5          8         67       61.6      30.21       9.37
11:35am           246          3          6         67       61.3      30.21       9.37
11:40am           214          0          6         66       61.8      30.21       9.37
11:45am           287          1          6         65       62.3      30.21       9.37
11:50am           252          0          6         65       62.1      30.21       9.37
11:55am           266          1          6         63       61.9      30.20       9.37
11:59am            89          1          6         66       61.7      30.20       9.37
12:05pm           270          0          2         64       61.9      30.20       9.37
12:10pm           256          0          3         65       62.0      30.20       9.37
12:15pm           247          3          5         65       61.7      30.20       9.37
12:20pm           269          2          6         65       61.5      30.20       9.37
12:25pm           285          2          6         65       61.4      30.20       9.37
12:30pm           264          0          6         67       61.7      30.20       9.37
12:35pm           275          0          3         65       61.8      30.20       9.37
12:40pm           278          1          3         65       61.6      30.20       9.37
12:45pm           278          0          3         66       61.6      30.19       9.37
12:50pm           286          0          4         64       61.9      30.19       9.37
12:55pm           288          1          4         65       62.4      30.18       9.37
1:00pm             42          0          4         63       62.6      30.18       9.37
1:05pm            287          0          4         63       62.8      30.18       9.37
1:10pm            225          0          4         62       62.4      30.18       9.37
1:15pm            194          0          4         64       62.9      30.18       9.37
1:20pm            304          0          4         62       63.7      30.18       9.37
1:25pm            141          1          4         60       63.6      30.18       9.37
1:30pm            229          2          4         62       63.4      30.18       9.37
1:35pm            271          3          5         61       63.8      30.17       9.37
1:40pm            223          2          6         62       64.4      30.17       9.37
1:45pm            277          0          6         57       65.3      30.17       9.37
1:50pm            131          3          6         59       65.4      30.17       9.37
1:55pm            302          5          8         59       65.1      30.17       9.37
2:00pm            234          2          8         58       65.0      30.17       9.37
2:05pm            333          2          4         60       64.6      30.16       9.37
2:10pm            243          2          8         58       64.4      30.16       9.37
2:15pm            241          2          8         60       64.1      30.16       9.37
2:20pm            275          0          8         59       63.8      30.16       9.37
2:25pm            276          3          8         61       63.9      30.16       9.37
2:30pm            262          0          8         60       63.5      30.16       9.37
2:35pm            278          2          5         59       63.6      30.16       9.37
2:40pm            258          0          5         61       63.7      30.16       9.37
2:45pm            271          2          5         60       64.2      30.16       9.37
2:50pm            304          0          6         61       64.4      30.16       9.37
2:55pm            290          1          6         59       64.2      30.15       9.37
3:00pm            262          2          6         59       65.0      30.15       9.37
3:05pm            250          2          6         58       66.0      30.15       9.37
3:10pm            243          0          7         56       66.6      30.15       9.37
3:15pm            154          1          7         56       66.9      30.15       9.37
3:20pm            283          0          7         54       67.5      30.15       9.37
3:25pm            269          2          7         54       67.5      30.15       9.37
3:30pm            295          1          9         57       66.7      30.15       9.37
3:35pm            288          3          6         58       66.1      30.14       9.37
3:40pm            260          2          7         56       66.2      30.14       9.37
3:45pm            280          5          7         56       65.5      30.14       9.37
3:50pm            246          0          7         57       66.4      30.14       9.37
3:55pm            232          2          8         55       68.3      30.14       9.37
4:00pm            286          4          8         53       68.0      30.14       9.37
4:05pm            186          0          6         54       67.2      30.14       9.37
4:10pm            271          1          6         54       67.6      30.14       9.37
4:15pm            105          1          6         53       67.7      30.13       9.37
4:20pm            116          1          6         54       67.0      30.14       9.37
4:25pm             96          2          6         53       67.3      30.13       9.37
4:30pm            146          0          6         53       67.2      30.14       9.37
4:35pm            110          1          4         55       66.6      30.13       9.37
4:40pm             82          3          4         55       65.7      30.13       9.37
4:45pm            109          0          4         53       67.3      30.13       9.37
4:50pm             91          1          4         53       67.8      30.13       9.37
4:55pm            131          1          4         54       66.8      30.13       9.37
4:59pm             87          0          4         55       66.1      30.13       9.37
5:05pm             13          0          4         52       67.0      30.13       9.37
5:10pm            122          2          4         54       66.6      30.13       9.37
5:15pm            100          1          4         54       67.1      30.13       9.37
5:20pm             79          3          4         53       67.2      30.13       9.37
5:25pm             98          1          4         54       66.9      30.12       9.37
5:30pm            113          1          4         53       67.4      30.12       9.37
5:35pm             98          2          4         55       66.3      30.12       9.37
5:40pm            114          0          4         56       65.3      30.12       9.37
5:45pm            203          0          5         56       65.2      30.12       9.37
5:50pm            264          0          5         53       65.4      30.12       9.37
5:55pm            262          0          5         51       67.6      30.12       9.37
6:00pm            270          1          5         51       67.9      30.12       9.37
6:05pm            230          0          4         50       68.5      30.12       9.37
6:09pm            249          2          5         50       67.7      30.12       9.37
6:14pm            274          0          5         50       66.7      30.12       9.37
6:19pm            107          0          5         55       66.0      30.11       9.37
6:25pm            198          0          5         58       65.0      30.11       9.37
6:30pm            274          0          5         56       65.0      30.11       9.37
6:35pm            283          2          2         55       65.4      30.11       9.37
6:40pm            257          0          2         55       65.3      30.11       9.37
6:44pm            254          0          2         55       65.0      30.11       9.37
6:50pm            171          0          2         57       64.8      30.11       9.37
6:54pm            217          0          2         57       64.5      30.11       9.37
6:59pm            217          0          2         58       64.0      30.11       9.37
7:04pm            217          0          0         58       63.6      30.11       9.37
7:09pm            217          0          0         60       63.3      30.11       9.37
7:14pm            217          0          0         60       63.2      30.11       9.37
7:20pm            217          0          0         60       63.0      30.11       9.37
7:24pm            217          0          0         62       62.6      30.11       9.37
7:29pm            217          0          0         62       62.3      30.12       9.37
7:35pm            217          0          0         66       62.0      30.12       9.37
7:40pm            217          0          0         68       61.3      30.12       9.37
7:44pm            217          0          0         69       60.6      30.12       9.37
7:50pm            217          0          0         68       60.3      30.12       9.37
7:54pm            217          0          0         70       60.3      30.12       9.37
7:59pm            217          0          0         69       59.9      30.12       9.37
8:05pm            217          0          0         70       59.6      30.12       9.37
8:09pm            217          0          0         71       59.3      30.12       9.37
8:15pm            217          0          0         72       59.0      30.12       9.37
8:19pm            217          0          0         73       58.6      30.12       9.37
8:25pm            217          0          0         74       58.3      30.12       9.37
8:30pm            217          0          0         75       58.2      30.12       9.37
8:35pm            217          0          0         76       58.1      30.12       9.37
8:40pm            217          0          0         76       57.9      30.12       9.37
8:45pm            217          0          0         77       57.6      30.13       9.37
8:49pm            217          0          0         78       57.4      30.13       9.37
8:54pm            217          0          0         79       57.1      30.13       9.37
9:00pm            217          0          0         79       56.8      30.13       9.37
9:05pm            217          0          0         80       56.7      30.13       9.37
9:09pm            156          0          0         81       56.7      30.13       9.37
9:15pm            156          0          0         81       56.6      30.13       9.37
9:19pm            125          0          1         81       56.3      30.13       9.37
9:25pm            125          0          1         82       56.1      30.13       9.37
9:30pm            125          0          1         84       55.7      30.13       9.37
9:35pm            125          0          0         84       55.4      30.13       9.37
9:39pm            125          0          0         83       55.4      30.14       9.37
9:45pm            125          0          0         83       55.7      30.13       9.37
9:49pm            125          0          0         83       56.0      30.13       9.37
9:54pm            256          0          0         83       56.2      30.13       9.37
10:00pm           268          0          1         83       56.3      30.14       9.37
10:04pm           268          0          0         83       56.3      30.13       9.37
10:09pm           268          0          0         84       56.2      30.13       9.37
10:14pm           268          0          0         84       56.2      30.13       9.37
10:19pm           263          0          0         84       56.1      30.13       9.37
10:24pm           263          0          0         84       56.0      30.13       9.37
10:30pm           263          0          0         84       55.8      30.13       9.37
10:35pm           263          0          0         84       55.7      30.13       9.37
10:39pm           263          0          0         84       55.7      30.13       9.37
10:44pm           263          0          0         84       55.7      30.13       9.37
10:49pm           263          0          0         84       55.6      30.12       9.37
10:54pm           263          0          0         85       55.5      30.12       9.37
10:59pm           263          0          0         85       55.4      30.12       9.37
11:04pm           263          0          0         85       55.3      30.12       9.37
11:09pm           263          0          0         85       55.3      30.12       9.37
11:15pm           263          0          0         86       55.3      30.12       9.37
11:19pm           263          0          0         86       55.3      30.12       9.37
11:24pm           263          0          0         86       55.2      30.12       9.37
11:29pm           263          0          0         86       55.1      30.12       9.37
11:34pm           263          0          0         86       55.1      30.12       9.37
11:39pm           263          0          0         86       55.0      30.12       9.37
11:44pm           263          0          0         87       54.9      30.12       9.37
11:50pm           263          0          0         87       54.8      30.12       9.37
11:55pm           263          0          0         87       54.7      30.12       9.37
