6/22/20
Time         Wind Dir   Wind Spd  Wind Gust   Humidity       Temp  Raw Barom   Tot Rain
                    °        mph        mph          %         °F         in         in
12:00am           107          8          8         92       71.3      29.87      10.58
12:04am           108          5          8         92       71.2      29.87      10.58
12:09am           141          3          8         91       71.2      29.87      10.58
12:14am           112          5          8         91       71.1      29.87      10.58
12:19am           136          1          8         91       71.0      29.88      10.58
12:24am           106          4          9         91       70.7      29.87      10.58
12:29am           120          6          9         91       70.5      29.87      10.58
12:35am           138          1          9         91       70.3      29.87      10.58
12:39am           122          3          9         92       70.2      29.87      10.58
12:44am           144          1          9         91       70.1      29.88      10.58
12:49am           109          3          9         92       70.1      29.88      10.58
12:55am           120          1          9         92       69.9      29.88      10.58
12:59am           123          2          9         92       69.8      29.88      10.58
1:05am            108          9          9         92       69.7      29.88      10.58
1:09am             90          6          9         92       69.6      29.88      10.58
1:15am             86          3         12         92       69.5      29.88      10.58
1:20am             99          4         12         92       69.4      29.88      10.58
1:25am            117          3         12         92       69.4      29.88      10.58
1:29am            122          3         12         92       69.4      29.88      10.58
1:35am            105          2          8         92       69.3      29.88      10.58
1:39am            140          0          8         92       69.3      29.88      10.58
1:44am             91          4          8         92       69.2      29.88      10.58
1:49am            107          6          8         93       69.2      29.88      10.58
1:55am             89          3          8         92       69.1      29.88      10.58
2:00am             77          3         10         92       69.1      29.88      10.58
2:04am            124          1          8         92       69.0      29.88      10.58
2:09am             77          5          8         93       69.0      29.88      10.58
2:14am            116          8          8         93       68.9      29.88      10.58
2:19am            105          4          8         93       68.8      29.88      10.58
2:24am            134          0          8         93       68.8      29.88      10.58
2:29am            139          0          8         93       68.7      29.88      10.58
2:34am            122          3          7         93       68.6      29.88      10.58
2:39am            114          8          9         93       68.4      29.88      10.58
2:44am            112          7          9         94       68.3      29.88      10.58
2:49am             98          4          9         94       68.3      29.88      10.58
2:54am            185          0          9         94       68.3      29.88      10.58
3:00am             96          3          9         94       68.2      29.89      10.58
3:04am             89          2          5         94       68.2      29.89      10.58
3:09am             89          1          5         94       68.2      29.89      10.58
3:14am            113          0          5         94       68.1      29.89      10.58
3:19am            148          0         10         94       67.9      29.89      10.58
3:24am             93          0         10         94       67.8      29.89      10.58
3:29am            129          0         10         94       67.9      29.89      10.58
3:34am            123          0          5         94       67.8      29.89      10.58
3:40am            105          1          5         94       67.7      29.89      10.58
3:45am            110          1          6         94       67.7      29.89      10.58
3:49am            188          0          6         94       67.5      29.89      10.58
3:54am             92          0          6         94       67.5      29.89      10.58
4:00am             96          0          6         94       67.5      29.89      10.58
4:04am            137          0          3         94       67.4      29.89      10.58
4:09am            101          0          6         94       67.2      29.89      10.58
4:14am             84          2          6         94       67.1      29.89      10.58
4:19am             98          4          6         94       67.1      29.89      10.58
4:25am            126          0          6         94       67.1      29.89      10.58
4:29am             91          2          6         94       67.1      29.89      10.58
4:34am             82          3          5         94       67.0      29.89      10.58
4:39am            121          1          6         95       66.9      29.89      10.58
4:44am             75          3          8         95       66.7      29.89      10.58
4:49am            116          0          8         95       66.6      29.89      10.58
4:54am             79          1          8         96       66.5      29.89      10.58
5:00am            105          2          8         96       66.3      29.89      10.58
5:04am             92          6          6         96       66.3      29.89      10.58
5:09am            116          0          6         96       66.2      29.89      10.58
5:14am            113          0          6         96       66.2      29.90      10.58
5:19am            112          0          6         96       66.1      29.90      10.58
5:24am             92          2          6         96       66.0      29.90      10.58
5:29am            188          0          6         96       65.9      29.90      10.58
5:34am            217          0          1         96       65.8      29.90      10.58
5:39am            114          0          4         96       65.7      29.90      10.58
5:44am            122          0          4         96       65.8      29.90      10.58
5:49am            108          2          4         97       65.9      29.90      10.58
5:54am            105          4          4         97       65.9      29.90      10.58
6:00am             91          1          5         97       65.8      29.90      10.58
6:04am            114          0          4         97       65.8      29.90      10.58
6:09am            115          2          4         97       65.9      29.90      10.58
6:14am            108          3          5         97       65.8      29.89      10.58
6:19am            103          6          6         97       65.7      29.89      10.58
6:24am            122          1          6         97       65.7      29.89      10.58
6:30am             68          0          6         97       65.6      29.89      10.58
6:34am             79          0          4         97       65.6      29.89      10.58
6:39am             95          0          4         97       65.6      29.89      10.58
6:44am            117          0          4         97       65.6      29.89      10.58
6:49am            103          1          4         97       65.8      29.89      10.58
6:54am             85          0          4         97       65.8      29.89      10.58
7:00am            102          2          6         97       65.8      29.89      10.58
7:04am            200          0          3         96       65.8      29.89      10.58
7:09am            218          0          3         96       65.8      29.89      10.58
7:14am            116          0          4         96       65.8      29.90      10.58
7:19am            102          2          4         96       65.8      29.89      10.58
7:24am            117          0          6         96       65.7      29.90      10.58
7:29am            127          1          6         96       65.8      29.90      10.58
7:34am            129          1          4         96       65.9      29.90      10.58
7:39am            116          2          7         96       65.9      29.90      10.58
7:44am             94          0          7         96       65.9      29.90      10.58
7:49am             61          0          7         96       66.0      29.90      10.58
7:54am            134          0          7         95       66.1      29.90      10.58
8:00am            169          0          7         95       66.2      29.90      10.58
8:04am             80          2          6         95       66.3      29.90      10.58
8:09am            219          0          6         95       66.4      29.91      10.58
8:15am             69          0          6         95       66.4      29.90      10.58
8:19am            112          4          6         95       66.3      29.90      10.58
8:24am            100          4          6         95       66.5      29.91      10.58
8:30am            113          1          8         95       66.5      29.90      10.58
8:35am            114          2          7         95       66.6      29.90      10.58
8:40am             87          4          7         95       66.8      29.90      10.58
8:44am             94          3          7         94       66.8      29.90      10.58
8:49am            130          0          7         94       67.1      29.90      10.58
8:54am            100          3          7         94       67.5      29.90      10.58
9:00am             86          0          7         94       67.5      29.91      10.58
9:04am            207          0          2         94       67.7      29.91      10.58
9:09am            116          0          3         93       67.9      29.90      10.58
9:15am            109          2          4         93       68.2      29.90      10.58
9:19am            124          0          4         93       68.5      29.91      10.58
9:25am            110          2          4         92       68.9      29.90      10.58
9:29am            190          0          4         91       69.2      29.90      10.58
9:34am            114          1          3         91       69.4      29.90      10.58
9:39am            131          0          4         90       69.6      29.90      10.58
9:44am            186          3          4         90       69.8      29.90      10.58
9:49am            110          0          5         89       70.1      29.90      10.58
9:55am            132          0          6         89       70.4      29.90      10.58
10:00am           118          0          6         88       70.7      29.90      10.58
10:04am           171          1          4         88       70.9      29.90      10.58
10:10am           103          4          5         87       71.5      29.90      10.58
10:14am           142          2          5         87       71.8      29.90      10.58
10:19am           136          0          7         86       71.6      29.90      10.58
10:24am           111          4          7         86       72.1      29.90      10.58
10:30am           105          2          7         85       71.8      29.90      10.58
10:35am           130          1          6         85       71.6      29.90      10.58
10:40am           105          7          7         86       71.8      29.91      10.58
10:45am           109          1          7         86       71.7      29.91      10.58
10:50am            84          3          7         85       71.9      29.91      10.58
10:55am           142          2          8         85       72.0      29.91      10.58
11:00am            82          1          8         86       72.2      29.91      10.58
11:05am           144          0         10         85       72.7      29.91      10.58
11:10am           112          2         10         83       73.2      29.91      10.58
11:15am            80          4         10         83       73.7      29.90      10.58
11:20am           120          3         10         84       73.4      29.90      10.58
11:25am           155          4         10         83       73.3      29.90      10.58
11:29am           133          2         10         83       73.2      29.90      10.58
11:34am           188          5         11         83       73.0      29.90      10.58
11:39am            96          7         12         83       73.1      29.90      10.58
11:45am           109          8         12         83       72.9      29.90      10.58
11:49am           125          0         12         83       72.9      29.90      10.58
11:54am           146          4         12         82       73.1      29.89      10.58
12:00pm           129          4         12         83       73.0      29.89      10.58
12:05pm           131          4          9         83       73.1      29.89      10.58
12:10pm           139          3          9         83       73.4      29.89      10.58
12:14pm           148          5         10         81       73.7      29.89      10.58
12:20pm           157          3         10         82       73.8      29.89      10.58
12:24pm           106          6         11         82       74.0      29.89      10.58
12:30pm           136          4         11         81       74.1      29.88      10.58
12:34pm           105          5          9         82       74.2      29.88      10.58
12:39pm           131          3          9         81       74.3      29.88      10.58
12:44pm           112          4          9         81       74.5      29.88      10.58
12:49pm            65          2          9         81       75.2      29.88      10.58
12:54pm           124          3         10         80       75.6      29.88      10.58
1:00pm            131          2         10         80       75.8      29.88      10.58
1:04pm            128          1          8         79       75.9      29.87      10.58
1:09pm            104          3          8         79       76.1      29.87      10.58
1:15pm            146          0          9         78       76.4      29.87      10.58
1:20pm            148          0          9         77       76.9      29.87      10.58
1:25pm            117          3          9         76       77.5      29.87      10.58
1:30pm            134          0         10         75       77.9      29.87      10.58
1:34pm             95          5          6         75       78.3      29.86      10.58
1:39pm            159          2          9         75       78.2      29.86      10.58
1:45pm            126          3         11         73       78.2      29.86      10.58
1:50pm            141          0         11         74       78.4      29.86      10.58
1:55pm            135          0         11         74       78.6      29.86      10.58
2:00pm            110          8         11         72       79.3      29.86      10.58
2:04pm            120          8          8         71       79.4      29.85      10.58
2:09pm            140          2          8         71       79.5      29.85      10.58
2:15pm            117          1          8         70       80.0      29.85      10.58
2:19pm            140          2          8         69       80.4      29.85      10.58
2:25pm            132          2          8         70       80.4      29.84      10.58
2:30pm            105          7          8         70       80.3      29.84      10.58
2:35pm             96          7          9         71       79.8      29.84      10.58
2:40pm            118          2          9         72       79.5      29.84      10.58
2:45pm            150          0          9         72       79.4      29.85      10.58
2:49pm            130          1          9         73       79.3      29.85      10.58
2:54pm            238          0          9         73       79.2      29.84      10.58
3:00pm            105          1          9         74       79.1      29.84      10.58
3:04pm            101          0          5         75       79.0      29.84      10.58
3:09pm             77          4          5         75       78.9      29.84      10.58
3:14pm             51          1          5         76       78.7      29.83      10.58
3:20pm            115          1          6         76       78.5      29.84      10.58
3:25pm            191          0          6         76       78.6      29.84      10.58
3:29pm            122          0          6         75       78.6      29.84      10.58
3:35pm            135          0          6         75       78.5      29.84      10.58
3:39pm            118          0          6         76       78.3      29.84      10.58
3:45pm            122          1          6         77       78.1      29.84      10.58
3:49pm            210          0          6         77       78.2      29.83      10.58
3:54pm            195          1          6         77       78.2      29.83      10.58
4:00pm            116          0          6         77       78.0      29.83      10.58
4:05pm             95          1          3         78       77.9      29.83      10.58
4:10pm            210          1          3         78       77.9      29.83      10.58
4:15pm            216          0          3         77       77.9      29.82      10.58
4:20pm            227          0          3         77       78.3      29.82      10.58
4:24pm            127          1          4         76       78.5      29.82      10.58
4:30pm            220          0          4         76       78.8      29.82      10.58
4:34pm            108          2          5         74       79.4      29.82      10.58
4:39pm             91          0          5         75       79.7      29.82      10.58
4:44pm             77          1          5         73       80.4      29.82      10.58
4:50pm            175          0          5         71       81.4      29.82      10.58
4:55pm            102          0          5         69       81.9      29.82      10.58
5:00pm            108          1          6         70       81.7      29.82      10.58
5:05pm            122          3          7         69       81.9      29.82      10.58
5:09pm            109          5          7         68       82.1      29.82      10.58
5:15pm            131          2          7         69       82.5      29.82      10.58
5:20pm            134          1          8         68       82.4      29.82      10.58
5:24pm            103          2          8         69       83.0      29.81      10.58
5:30pm            118          3          8         67       83.1      29.81      10.58
5:35pm            113          0          8         67       83.1      29.81      10.58
5:39pm            120          1          8         67       83.5      29.81      10.58
5:45pm            183          2          8         68       83.4      29.81      10.58
5:50pm            121          5          8         66       83.7      29.81      10.58
5:55pm            123          1          8         67       83.4      29.80      10.58
6:00pm            108          5         11         68       82.7      29.80      10.58
6:05pm            108          9         10         68       82.4      29.80      10.58
6:10pm            130          4         11         70       82.0      29.80      10.58
6:15pm            102          3         11         70       81.8      29.80      10.58
6:20pm            103          5         11         70       81.5      29.80      10.58
6:25pm            111          7         11         72       80.3      29.80      10.58
6:30pm            107          1         11         73       79.8      29.80      10.58
6:34pm            141          2          5         74       79.6      29.80      10.58
6:40pm            115          0          6         74       79.4      29.80      10.58
6:45pm            202          1          6         75       79.4      29.80      10.58
6:50pm            191          1          6         75       79.5      29.80      10.58
6:55pm            127          1          6         75       79.3      29.80      10.58
7:00pm            107          0          8         75       79.1      29.80      10.58
7:05pm            241          2          3         75       79.0      29.80      10.58
7:10pm            233          1          5         75       78.8      29.80      10.58
7:15pm            110          1          5         75       78.7      29.80      10.58
7:20pm            255          2          5         76       78.6      29.80      10.58
7:25pm            185          1          5         76       78.5      29.80      10.58
7:30pm            156          1          5         77       78.3      29.80      10.58
7:35pm             81          1          2         77       78.2      29.80      10.58
7:40pm            114          0          5         77       78.0      29.80      10.58
7:45pm            107          0          5         78       77.9      29.80      10.58
7:50pm            109          0          5         78       77.7      29.80      10.58
7:55pm            105          3          5         78       77.5      29.80      10.58
8:00pm            203          0          5         79       77.2      29.80      10.58
8:05pm            110          0          3         79       77.0      29.80      10.58
8:10pm            110          0          3         80       76.9      29.81      10.58
8:15pm            132          0          3         80       76.7      29.81      10.58
8:20pm            203          0          3         81       76.3      29.81      10.58
8:25pm            101          0          3         82       76.1      29.81      10.58
8:30pm            108          0          3         82       75.9      29.81      10.58
8:35pm            126          1          3         83       75.5      29.81      10.58
8:40pm            120          2          3         83       75.4      29.82      10.58
8:45pm             91          0          3         83       75.3      29.82      10.58
8:50pm            109          0          4         83       75.2      29.82      10.58
8:55pm             91          4          4         84       75.0      29.82      10.58
9:00pm            122          1          6         84       74.9      29.82      10.58
9:05pm            101          0          6         84       74.8      29.82      10.58
9:10pm            101          4          6         84       74.8      29.82      10.58
9:15pm            119          1          7         84       74.7      29.82      10.58
9:20pm             87          2          7         84       74.5      29.82      10.58
9:25pm            232          2          8         84       74.5      29.83      10.58
9:30pm            122          3          8         84       74.5      29.82      10.58
9:35pm             95          1          7         84       74.4      29.83      10.58
9:40pm            123          0          7         84       74.4      29.83      10.58
9:45pm            127          1          7         85       74.2      29.83      10.58
9:50pm            103          3          7         85       74.1      29.83      10.58
9:55pm            124          0          8         85       74.1      29.83      10.58
10:00pm            98          0          8         85       74.0      29.83      10.58
10:05pm           210          0          2         85       73.8      29.83      10.58
10:10pm           210          0          2         86       73.5      29.83      10.58
10:15pm           250          0          2         86       73.2      29.83      10.58
10:20pm           108          0          2         87       72.9      29.83      10.58
10:25pm           221          0          3         87       72.8      29.83      10.58
10:30pm            94          0          3         87       72.8      29.83      10.58
10:35pm            94          0          0         87       72.7      29.83      10.58
10:40pm            97          0          2         88       72.6      29.83      10.58
10:45pm            94          0          3         87       72.6      29.83      10.58
10:50pm           115          0          3         88       72.7      29.83      10.58
10:55pm            97          0          3         88       72.6      29.83      10.58
11:00pm           226          0          3         88       72.6      29.83      10.58
11:05pm           109          0          3         89       72.5      29.82      10.58
11:10pm           113          0          3         89       72.4      29.82      10.58
11:15pm           103          0          3         89       72.3      29.82      10.58
11:20pm           103          0          3         89       72.1      29.82      10.58
11:25pm           115          0          6         90       71.8      29.81      10.58
11:30pm           127          0          7         90       72.0      29.81      10.58
11:35pm           109          0          1         90       72.1      29.81      10.58
11:40pm           113          0          1         90       72.0      29.81      10.58
11:45pm           112          0          1         90       71.7      29.81      10.58
11:50pm            96          0          1         91       71.4      29.81      10.58
11:55pm            96          0          1         91       71.1      29.81      10.58
