7/25/20
Time         Wind Dir   Wind Spd  Wind Gust   Humidity       Temp  Raw Barom   Tot Rain
                    °        mph        mph          %         °F         in         in
12:00am           283          0          0         96       62.6      30.02      17.08
12:05am           283          0          0         96       62.5      30.02      17.08
12:10am           283          0          0         96       62.4      30.02      17.08
12:15am           284          0          0         96       62.4      30.02      17.08
12:20am           284          0          0         96       62.2      30.02      17.08
12:25am           284          0          0         96       62.1      30.02      17.08
12:30am           284          0          0         96       62.0      30.03      17.08
12:35am           283          0          0         97       61.9      30.02      17.08
12:40am           278          0          0         97       61.8      30.02      17.08
12:45am           278          0          0         97       61.7      30.02      17.08
12:50am           278          0          0         97       61.6      30.02      17.08
12:55am           278          0          0         97       61.6      30.02      17.08
1:00am            278          0          0         97       61.5      30.02      17.08
1:05am            278          0          0         97       61.5      30.02      17.08
1:10am            278          0          0         97       61.4      30.02      17.08
1:15am            278          0          0         97       61.4      30.02      17.08
1:20am            278          0          0         97       61.3      30.02      17.08
1:25am            278          0          0         97       61.3      30.02      17.08
1:30am            278          0          0         97       61.2      30.02      17.08
1:35am            278          0          0         97       61.2      30.02      17.08
1:40am            278          0          0         97       61.0      30.02      17.08
1:45am            278          0          0         97       60.9      30.02      17.08
1:50am            278          0          0         97       60.8      30.02      17.08
1:55am            278          0          0         97       60.8      30.02      17.08
2:00am            278          0          0         97       60.6      30.02      17.08
2:05am            278          0          0         97       60.5      30.02      17.08
2:10am            278          0          0         97       60.4      30.02      17.08
2:15am            278          0          0         97       60.3      30.02      17.08
2:20am            278          0          0         97       60.2      30.02      17.08
2:25am            278          0          0         97       60.2      30.02      17.08
2:30am            278          0          0         97       60.1      30.02      17.08
2:35am            278          0          0         97       60.0      30.01      17.08
2:40am            278          0          0         97       60.0      30.01      17.08
2:45am            278          0          0         97       59.9      30.02      17.08
2:50am            278          0          0         97       59.7      30.01      17.08
2:55am            278          0          0         97       59.6      30.02      17.08
3:00am            278          0          0         97       59.5      30.02      17.08
3:05am            278          0          0         97       59.4      30.01      17.08
3:10am            278          0          0         97       59.3      30.01      17.08
3:15am            278          0          0         97       59.4      30.01      17.08
3:20am            278          0          0         97       59.3      30.01      17.08
3:25am            278          0          0         97       59.5      30.01      17.08
3:30am            278          0          0         98       59.6      30.01      17.08
3:35am            278          0          0         98       59.5      30.01      17.08
3:40am            278          0          0         98       59.6      30.01      17.08
3:45am            278          0          0         98       59.6      30.01      17.08
3:50am            278          0          0         97       59.4      30.01      17.08
3:55am            278          0          0         97       59.1      30.01      17.08
4:00am            278          0          0         97       59.0      30.01      17.08
4:05am            278          0          0         97       58.7      30.01      17.08
4:10am            278          0          0         97       58.7      30.00      17.08
4:15am            242          0          0         97       58.7      30.00      17.08
4:20am            242          0          0         97       58.6      30.00      17.08
4:25am            243          0          0         97       58.6      30.00      17.08
4:30am            243          0          0         97       58.6      30.00      17.08
4:35am            210          0          0         97       58.5      30.00      17.08
4:40am            210          0          0         97       58.5      30.00      17.08
4:45am            210          0          0         98       58.6      30.00      17.08
4:50am            210          0          0         98       58.5      30.00      17.08
4:55am            210          0          0         98       58.3      30.00      17.08
5:00am            210          0          0         97       58.2      30.00      17.08
5:05am            210          0          0         98       58.2      30.00      17.08
5:10am            210          0          0         98       58.1      30.01      17.08
5:15am            210          0          0         98       58.1      30.01      17.08
5:20am            210          0          0         98       58.1      30.01      17.08
5:25am            210          0          0         98       58.1      30.01      17.08
5:30am            210          0          0         98       58.1      30.01      17.08
5:35am            210          0          0         98       58.1      30.01      17.08
5:40am            210          0          0         98       58.1      30.01      17.08
5:45am            210          0          0         98       58.1      30.01      17.08
5:50am            210          0          0         98       58.0      30.02      17.08
5:55am            210          0          0         98       58.3      30.02      17.08
6:00am            210          0          0         98       58.9      30.02      17.08
6:05am            210          0          0         97       59.6      30.02      17.08
6:10am            210          0          0         97       60.0      30.02      17.08
6:15am            210          0          0         96       60.5      30.02      17.08
6:20am            210          0          0         96       60.8      30.02      17.08
6:25am            210          0          0         95       61.4      30.02      17.08
6:30am            218          0          0         94       61.8      30.02      17.08
6:34am            224          0          0         93       62.1      30.02      17.08
6:40am            231          0          1         92       62.2      30.02      17.08
6:45am            238          0          1         92       62.2      30.02      17.08
6:50am            282          0          1         92       62.0      30.03      17.08
6:55am            282          0          1         93       62.0      30.02      17.08
7:00am            282          0          1         93       62.5      30.03      17.08
7:05am            282          0          0         94       63.2      30.02      17.08
7:10am            282          0          0         93       62.5      30.02      17.08
7:15am            282          0          0         94       62.4      30.02      17.08
7:20am            282          0          1         93       62.4      30.02      17.08
7:25am            279          0          1         93       63.0      30.02      17.08
7:30am            279          0          1         92       63.9      30.02      17.08
7:35am            273          0          1         92       64.6      30.02      17.08
7:40am            284          0          1         91       65.0      30.02      17.08
7:45am            271          0          2         91       64.9      30.03      17.08
7:50am            281          0          2         92       65.2      30.03      17.08
7:55am            298          1          2         91       65.7      30.03      17.08
8:00am            292          0          3         91       65.9      30.03      17.08
8:05am            284          0          1         90       66.5      30.03      17.08
8:10am            266          1          3         90       66.6      30.03      17.08
8:15am            274          0          3         89       66.8      30.03      17.08
8:20am            290          1          3         89       67.2      30.03      17.08
8:25am            264          0          3         89       67.4      30.02      17.08
8:30am            269          0          3         88       67.7      30.03      17.08
8:35am            252          1          3         87       67.8      30.02      17.08
8:40am            278          0          3         88       68.2      30.03      17.08
8:45am            291          1          3         87       68.5      30.03      17.08
8:50am            286          1          3         86       69.0      30.03      17.08
8:55am            271          0          3         85       69.3      30.03      17.08
9:00am            277          1          3         86       69.6      30.03      17.08
9:05am            276          0          3         84       69.9      30.03      17.08
9:10am            293          0          3         82       70.0      30.03      17.08
9:15am            290          3          4         81       70.1      30.03      17.08
9:20am            274          0          4         80       70.5      30.03      17.08
9:25am            285          1          4         81       71.0      30.03      17.08
9:30am            284          0          4         79       71.3      30.03      17.08
9:35am            302          1          2         79       71.7      30.03      17.08
9:40am            288          0          3         77       72.0      30.03      17.08
9:45am            283          1          3         76       72.1      30.02      17.08
9:50am            283          0          3         77       72.5      30.03      17.08
9:55am            294          2          4         75       72.7      30.03      17.08
10:00am           262          0          4         76       72.9      30.03      17.08
10:05am           291          0          3         75       73.1      30.03      17.08
10:10am           279          2          3         74       73.5      30.03      17.08
10:15am           293          1          3         73       73.9      30.03      17.08
10:20am           205          0          3         76       74.2      30.03      17.08
10:25am           290          0          3         72       75.0      30.02      17.08
10:30am           257          0          3         72       75.3      30.02      17.08
10:35am           187          0          1         71       75.7      30.02      17.08
10:40am           231          0          3         71       76.1      30.02      17.08
10:45am           290          2          3         67       76.4      30.02      17.08
10:50am           197          0          3         69       76.6      30.02      17.08
10:55am           229          0          3         68       76.9      30.02      17.08
11:00am           271          1          3         68       77.3      30.02      17.08
11:05am           290          2          4         65       77.9      30.02      17.08
11:10am           276          1          4         68       77.6      30.02      17.08
11:15am           281          0          6         63       77.7      30.02      17.08
11:20am           119          0          6         63       77.7      30.01      17.08
11:25am           238          0          6         63       78.1      30.01      17.08
11:30am           148          0          6         62       78.5      30.01      17.08
11:35am           266          0          4         58       78.8      30.01      17.08
11:40am           128          0          4         61       79.3      30.01      17.08
11:45am            98          1          4         58       79.6      30.01      17.08
11:50am           291          2          5         55       79.7      30.01      17.08
11:55am           106          0          5         58       79.7      30.01      17.08
12:00pm           266          0          5         56       79.7      30.01      17.08
12:05pm           214          0          2         57       80.1      30.01      17.08
12:10pm           300          0          6         53       80.6      30.01      17.08
12:15pm            88          2          6         57       80.2      30.01      17.08
12:20pm           192          1          6         58       80.3      30.01      17.08
12:25pm           278          2          6         59       80.3      30.01      17.08
12:30pm           208          4          7         54       80.6      30.01      17.08
12:35pm           282          2          4         53       80.6      30.01      17.08
12:40pm           301          3          4         52       80.9      30.01      17.08
12:45pm           238          0          4         56       81.4      30.00      17.08
12:50pm           210          1          4         54       81.8      30.00      17.08
12:55pm            78          4          7         53       81.2      30.00      17.08
1:00pm            238          0          7         59       80.4      30.00      17.08
1:05pm            117          0          2         55       79.7      30.00      17.08
1:10pm            113          0          4         54       79.7      30.00      17.08
1:15pm            113          1          4         54       80.3      30.00      17.08
1:20pm            252          0          7         51       80.9      30.00      17.08
1:25pm            263          0          7         50       80.7      29.99      17.08
1:30pm            277          0          7         52       80.6      29.99      17.08
1:35pm            264          0          3         52       81.0      29.99      17.08
1:40pm            239          0          3         51       81.2      29.99      17.08
1:45pm            167          0          3         50       81.7      29.99      17.08
1:50pm            269          0          3         50       82.0      29.99      17.08
1:55pm            237          0          3         53       82.2      29.98      17.08
2:00pm            288          2          8         49       82.2      29.98      17.08
2:05pm            276          0          7         51       82.3      29.98      17.08
2:10pm            242          0          7         47       82.5      29.97      17.08
2:15pm            293          0          7         50       82.7      29.97      17.08
2:20pm            271          4          7         50       83.0      29.97      17.08
2:25pm             87          0          7         49       82.9      29.97      17.08
2:30pm            321          1          7         47       83.0      29.97      17.08
2:35pm            300          2          3         51       82.6      29.97      17.08
2:40pm            295          3          3         47       83.0      29.97      17.08
2:45pm            155          0          6         47       83.1      29.97      17.08
2:50pm            283          2          6         49       83.1      29.96      17.08
2:55pm            259          0          6         46       83.0      29.96      17.08
3:00pm            277          0          6         48       83.0      29.96      17.08
3:05pm            209          1          7         49       83.1      29.96      17.08
3:10pm            252          1          7         46       83.5      29.96      17.08
3:15pm            264          3          7         48       83.6      29.96      17.08
3:20pm            247          0          7         50       84.4      29.96      17.08
3:25pm            236          4          7         50       85.1      29.95      17.08
3:30pm            288          3          8         45       85.1      29.95      17.08
3:35pm            218          1          5         46       85.0      29.95      17.08
3:40pm            242          0          5         44       84.7      29.95      17.08
3:45pm            262          3          5         46       84.7      29.95      17.08
3:50pm            222          1          6         47       84.2      29.95      17.08
3:55pm            242          0          6         48       84.3      29.94      17.08
4:00pm            244          0          6         50       84.2      29.94      17.08
4:05pm            265          3          6         47       84.5      29.94      17.08
4:10pm            281          5          8         48       84.7      29.94      17.08
4:15pm            300          4          8         44       85.6      29.94      17.08
4:20pm             34          0          8         47       86.2      29.94      17.08
4:25pm              6          0          8         45       87.1      29.94      17.08
4:30pm            300          2          8         44       87.8      29.94      17.08
4:35pm            269          0          5         44       87.3      29.94      17.08
4:40pm            295          0          5         44       87.5      29.94      17.08
4:45pm            283          0          5         46       85.6      29.94      17.08
4:50pm            359          0          5         48       84.6      29.94      17.08
4:55pm            241          1          5         49       85.2      29.94      17.08
5:00pm            283          0          5         47       86.2      29.94      17.08
5:05pm            262          0          8         49       84.6      29.94      17.08
5:10pm            209          0          8         50       85.1      29.94      17.08
5:15pm            278          0          8         48       84.8      29.94      17.08
5:20pm            235          0          8         50       84.8      29.94      17.08
5:25pm            248          0          8         49       85.4      29.94      17.08
5:30pm            195          0          8         47       85.8      29.94      17.08
5:35pm            235          2          5         48       85.5      29.94      17.08
5:40pm            214          0          5         50       83.6      29.94      17.08
5:45pm            186          0          5         50       85.1      29.93      17.08
5:50pm            267          0          5         48       86.0      29.93      17.08
5:55pm            199          0          5         48       87.2      29.93      17.08
6:00pm            217          0          6         46       87.3      29.93      17.08
6:05pm            274          0          1         46       87.0      29.93      17.08
6:10pm            265          0          6         46       86.2      29.93      17.08
6:15pm            241          0          6         46       85.5      29.93      17.08
6:20pm            269          0          6         48       84.7      29.93      17.08
6:25pm            289          0          6         50       83.3      29.93      17.08
6:30pm            236          0          7         52       82.2      29.93      17.08
6:35pm            270          0          3         54       81.6      29.93      17.08
6:40pm            291          0          5         56       81.2      29.93      17.08
6:45pm            262          0          5         54       80.8      29.93      17.08
6:50pm            282          2          5         54       80.6      29.93      17.08
6:55pm            263          0          5         57       80.1      29.93      17.08
7:00pm            285          0          5         56       79.7      29.93      17.08
7:05pm            240          0          4         57       79.5      29.93      17.08
7:10pm            257          0          4         56       79.0      29.93      17.08
7:15pm            260          0          4         57       78.3      29.92      17.08
7:20pm            208          0          4         58       77.6      29.92      17.08
7:25pm            208          0          4         60       77.0      29.92      17.08
7:30pm            208          0          4         62       76.4      29.92      17.08
7:35pm            208          0          0         64       75.8      29.92      17.08
7:40pm            208          0          0         64       75.3      29.92      17.08
7:45pm            208          0          0         66       74.6      29.92      17.08
7:50pm            208          0          0         67       74.1      29.92      17.08
7:55pm            208          0          0         68       73.8      29.92      17.08
8:00pm            208          0          0         68       73.4      29.92      17.08
8:05pm            208          0          0         70       73.1      29.92      17.08
8:10pm            208          0          0         71       72.6      29.92      17.08
8:15pm            208          0          0         71       72.2      29.92      17.08
8:20pm            208          0          0         71       71.7      29.92      17.08
8:25pm            208          0          0         73       71.2      29.92      17.08
8:30pm            208          0          0         74       70.9      29.92      17.08
8:35pm            208          0          0         75       70.5      29.92      17.08
8:40pm            208          0          0         77       70.1      29.92      17.08
8:45pm            208          0          0         78       69.7      29.92      17.08
8:50pm            208          0          0         81       69.4      29.92      17.08
8:55pm            208          0          0         82       69.0      29.92      17.08
9:00pm            208          0          0         82       68.6      29.92      17.08
9:05pm            208          0          0         83       68.2      29.93      17.08
9:10pm            208          0          0         84       67.8      29.92      17.08
9:15pm            208          0          0         84       67.6      29.93      17.08
9:20pm            208          0          0         85       67.4      29.93      17.08
9:25pm            208          0          0         86       67.1      29.93      17.08
9:30pm            208          0          0         86       66.8      29.93      17.08
9:35pm            208          0          0         87       66.5      29.93      17.08
9:40pm            208          0          0         88       66.3      29.93      17.08
9:45pm            208          0          0         88       66.0      29.93      17.08
9:50pm            208          0          0         89       65.9      29.93      17.08
9:55pm            208          0          0         89       65.8      29.93      17.08
10:00pm           208          0          0         89       65.6      29.93      17.08
10:05pm           208          0          0         89       65.6      29.93      17.08
10:10pm           208          0          0         90       65.5      29.93      17.08
10:15pm           208          0          0         90       65.3      29.93      17.08
10:20pm           208          0          0         89       65.2      29.93      17.08
10:25pm           208          0          0         90       65.1      29.92      17.08
10:30pm           281          0          1         90       65.1      29.92      17.08
10:35pm           281          0          0         89       65.0      29.92      17.08
10:40pm           281          0          0         90       64.7      29.92      17.08
10:45pm           281          0          0         91       64.5      29.92      17.08
10:50pm           281          0          0         91       64.2      29.92      17.08
10:55pm           276          0          1         92       64.0      29.92      17.08
11:00pm           276          0          1         92       63.8      29.92      17.08
11:05pm           276          0          0         92       63.7      29.92      17.08
11:10pm           276          0          0         92       63.5      29.92      17.08
11:15pm           273          0          1         93       63.4      29.93      17.08
11:20pm           273          0          1         93       63.3      29.93      17.08
11:25pm           273          0          1         93       63.1      29.92      17.08
11:30pm           275          0          1         93       63.0      29.92      17.08
11:35pm           280          0          1         93       62.8      29.92      17.08
11:40pm           293          1          2         94       63.0      29.92      17.08
11:45pm           278          0          2         93       62.9      29.92      17.08
11:50pm           281          0          3         93       62.8      29.92      17.08
11:55pm           261          0          3         93       62.8      29.92      17.08
