8/31/20
Time         Wind Dir   Wind Spd  Wind Gust   Humidity       Temp  Raw Barom   Tot Rain
                    °        mph        mph          %         °F         in         in
12:00am           248          0          0         93       49.6      29.86      20.92
12:30am           270          0          1         94       49.2      29.88      20.92
1:00am            270          0          1         95       48.3      29.90      20.92
1:30am            270          0          1         96       47.8      29.91      20.92
2:00am            270          0          2         96       47.1      29.92      20.92
2:30am            270          0          1         96       46.7      29.92      20.92
3:00am            270          0          1         96       46.4      29.93      20.92
3:30am            270          0          0         97       45.9      29.94      20.92
4:00am            270          0          0         97       45.4      29.95      20.92
4:30am            270          0          0         97       45.1      29.96      20.92
5:00am            270          0          0         97       44.6      29.97      20.92
5:30am            270          0          0         97       44.0      29.98      20.92
6:00am            270          0          0         97       43.9      30.00      20.92
6:30am            270          0          0         97       43.5      30.01      20.92
7:00am            270          0          0         97       44.3      30.03      20.92
7:30am            270          0          0         93       50.1      30.03      20.92
8:00am            292          0          1         88       52.7      30.04      20.92
8:30am            292          0          3         85       55.0      30.04      20.92
9:00am            292          1          4         82       57.6      30.04      20.92
9:30am            292          1          6         75       59.7      30.04      20.92
10:00am           292          0          3         70       61.7      30.05      20.92
10:30am           292          0          4         67       63.7      30.04      20.92
11:00am           270          1          4         61       65.2      30.05      20.92
11:30am           202          0          4         59       67.9      30.04      20.92
12:00pm           292          1          6         52       67.7      30.03      20.92
12:30pm           270          0          4         53       68.5      30.03      20.92
1:00pm            112          1          5         52       70.0      30.03      20.92
1:30pm            112          2          7         49       69.1      30.03      20.92
2:00pm            112          2          5         49       69.8      30.02      20.92
2:30pm            202          1          5         44       72.9      30.03      20.92
3:00pm            292          1          6         44       72.9      30.01      20.92
3:30pm            292          2          8         44       73.0      30.02      20.92
4:00pm            292          1          7         43       73.7      30.02      20.92
4:30pm            292          1          7         42       74.2      30.02      20.92
5:00pm            292          1          4         47       71.2      30.02      20.92
5:30pm            292          0          0         50       71.0      30.02      20.92
6:00pm            292          0          0         59       69.3      30.03      20.92
6:30pm            292          0          0         65       66.1      30.02      20.92
7:00pm            292          0          0         75       64.3      30.05      20.92
7:30pm            292          0          0         79       62.1      30.04      20.92
8:00pm            292          0          0         82       60.3      30.04      20.92
8:30pm            292          0          0         85       58.4      30.05      20.92
9:00pm            292          0          0         89       57.4      30.06      20.92
9:30pm            292          0          0         92       56.3      30.06      20.92
10:00pm           292          0          0         93       55.4      30.06      20.92
10:30pm           292          0          0         94       54.6      30.08      20.92
11:00pm           292          0          0         95       53.8      30.09      20.92
11:30pm           292          0          0         94       53.8      30.09      20.92
