8/20/20
Time         Wind Dir   Wind Spd  Wind Gust   Humidity       Temp  Raw Barom   Tot Rain
                    °        mph        mph          %         °F         in         in
12:30pm           292          2          8         55       69.5      29.98      19.26
1:00pm            292          1          8         49       71.1      29.97      19.26
1:30pm            292          3         12         55       70.7      29.97      19.26
2:00pm            270          1          8         50       72.5      29.96      19.26
2:30pm            270          2         10         48       72.9      29.95      19.26
3:00pm            270          2          7         45       74.1      29.94      19.26
3:30pm            292          2          8         49       71.9      29.94      19.26
4:00pm            292          1          9         46       75.6      29.93      19.26
4:30pm            292          2         12         46       75.9      29.92      19.26
5:00pm            270          2          9         44       75.5      29.92      19.26
5:30pm            292          1          7         45       75.9      29.91      19.26
6:00pm            270          1          6         43       76.2      29.91      19.26
6:30pm            292          1          4         53       71.0      29.91      19.26
7:00pm            270          0          4         58       68.1      29.90      19.26
7:30pm            292          0          1         65       65.9      29.90      19.26
8:00pm            292          0          0         73       63.0      29.90      19.26
8:30pm            292          0          1         76       61.1      29.90      19.26
9:00pm            292          0          2         84       59.1      29.91      19.26
9:30pm            292          0          0         87       58.3      29.91      19.26
10:00pm           270          0          1         90       56.8      29.91      19.26
10:30pm           270          0          1         91       56.1      29.91      19.26
11:00pm           270          0          1         93       55.2      29.91      19.26
11:30pm           270          0          1         93       54.5      29.91      19.26
