9/14/20
Time         Wind Dir   Wind Spd  Wind Gust   Humidity       Temp  Raw Barom   Tot Rain
                    °        mph        mph          %         °F         in         in
12:00am           271          0          5         90       63.4      29.88      21.24
12:05am           264          0          6         90       63.6      29.88      21.24
12:10am           282          1          6         90       63.7      29.89      21.24
12:14am           284          0          6         90       63.7      29.89      21.24
12:20am           265          2          6         90       63.7      29.89      21.24
12:24am           181          0          6         90       63.7      29.89      21.24
12:30am           288          0          6         90       63.6      29.89      21.24
12:34am           284          0          3         90       63.4      29.89      21.24
12:40am           291          1          3         90       63.3      29.89      21.24
12:45am           284          0          3         91       63.2      29.89      21.24
12:50am           290          1          4         91       63.0      29.89      21.24
12:55am           274          1          4         91       63.1      29.89      21.24
12:59am           274          0          5         91       63.1      29.88      21.24
1:04am            264          0          2         91       63.0      29.89      21.24
1:10am            250          0          2         91       62.8      29.89      21.24
1:15am            276          2          2         92       62.6      29.89      21.24
1:19am            274          1          5         92       62.5      29.89      21.24
1:24am            300          3          5         92       62.8      29.89      21.24
1:29am            252          2          6         92       63.1      29.89      21.24
1:35am            272          1          8         93       63.2      29.88      21.24
1:39am            274          2          8         93       63.1      29.88      21.24
1:44am            278          0          8         93       63.2      29.88      21.24
1:50am            253          4          8         92       63.2      29.88      21.24
1:55am            205          0          8         92       63.2      29.88      21.24
1:59am            264          1          8         92       63.3      29.88      21.24
2:04am            285          2          5         91       63.3      29.88      21.24
2:09am            278          0          6         91       63.3      29.88      21.24
2:14am            249          0          6         90       63.3      29.88      21.24
2:19am            163          0          6         91       63.0      29.88      21.24
2:24am            266          0          6         92       62.8      29.88      21.24
2:29am            278          0          6         92       62.5      29.88      21.24
2:35am            285          2          3         92       62.4      29.88      21.24
2:40am            279          0          3         92       62.3      29.88      21.24
2:44am            260          0          3         92       62.1      29.88      21.24
2:50am            260          0          3         93       61.9      29.88      21.24
2:54am            267          0          3         93       61.7      29.88      21.24
3:00am            273          1          3         94       61.6      29.88      21.24
3:04am            260          0          2         94       61.5      29.88      21.24
3:09am            228          0          2         94       61.5      29.88      21.24
3:14am            284          1          3         94       61.7      29.88      21.24
3:19am            267          0          4         94       62.0      29.88      21.24
3:25am            285          3          4         94       62.1      29.88      21.24
3:29am            257          0          5         94       62.3      29.88      21.24
3:34am            188          1          2         93       62.4      29.88      21.24
3:39am            268          0          4         93       62.5      29.88      21.24
3:45am            281          1          6         93       62.5      29.88      21.24
3:50am            269          0          6         92       62.5      29.88      21.24
3:54am            258          0          6         92       62.5      29.88      21.24
3:59am            265          1          7         92       62.5      29.89      21.24
4:04am            280          3          3         91       62.4      29.89      21.24
4:09am            314          0          4         91       62.4      29.89      21.24
4:14am            253          0          4         91       62.2      29.89      21.24
4:19am            283          0          4         91       62.1      29.90      21.24
4:25am            297          0          4         91       61.9      29.90      21.24
4:29am             94          0          4         91       61.6      29.90      21.24
4:34am             94          0          0         92       61.3      29.90      21.24
4:39am             94          0          0         92       61.1      29.91      21.24
4:44am            226          0          1         92       61.0      29.91      21.24
4:49am            262          0          1         91       61.0      29.91      21.24
4:55am            283          1          3         91       61.0      29.91      21.24
5:00am            271          0          3         89       61.1      29.91      21.24
5:04am            279          2          5         85       61.4      29.91      21.24
5:09am            259          1          5         84       61.5      29.91      21.24
5:14am            273          0          5         83       61.5      29.91      21.24
5:19am            282          3          5         81       61.4      29.92      21.24
5:24am            270          0          5         80       61.5      29.92      21.24
5:29am            262          0          5         80       61.2      29.92      21.24
5:34am            272          0          2         81       61.2      29.92      21.24
5:39am            264          0          2         81       61.0      29.92      21.24
5:44am            258          0          2         81       60.7      29.93      21.24
5:49am            288          1          5         82       60.6      29.93      21.24
5:55am            274          1          5         81       61.0      29.93      21.24
6:00am            274          0          5         81       61.0      29.93      21.24
6:04am            283          0          5         80       61.1      29.93      21.24
6:09am            282          1          6         80       61.0      29.93      21.24
6:14am            264          0          6         81       60.9      29.93      21.24
6:19am            280          0          6         81       60.7      29.93      21.24
6:24am            271          0          6         82       60.4      29.94      21.24
6:29am            236          0          6         83       60.1      29.94      21.24
6:34am            272          0          3         83       60.0      29.94      21.24
6:39am            285          3          3         83       59.9      29.94      21.24
6:44am            271          0          3         83       59.9      29.94      21.24
6:49am            290          0          3         83       59.8      29.95      21.24
6:54am            264          0          3         83       59.7      29.95      21.24
7:00am            240          0          3         84       59.7      29.95      21.24
7:04am            329          0          1         84       59.7      29.95      21.24
7:09am            281          0          1         84       59.7      29.96      21.24
7:14am            281          0          1         84       59.8      29.96      21.24
7:19am            281          0          1         84       59.9      29.96      21.24
7:24am             89          0          1         84       60.1      29.97      21.24
7:29am             90          0          1         85       60.4      29.97      21.24
7:34am             90          0          0         84       60.8      29.97      21.24
7:39am            295          0          1         84       61.0      29.97      21.24
7:44am            125          2          5         83       61.3      29.97      21.24
7:49am            207          0          5         82       61.4      29.97      21.24
7:54am            293          1          5         79       61.7      29.97      21.24
8:00am            265          3          7         77       62.0      29.97      21.24
8:04am            276          3         10         75       62.0      29.98      21.24
8:09am            236          4         10         74       62.2      29.98      21.24
8:14am            283          2         10         72       62.3      29.98      21.24
8:19am            112          0         10         73       62.4      29.98      21.24
8:24am             70          1         10         73       62.6      29.98      21.24
8:29am             96          0         10         72       62.6      29.99      21.24
8:34am            316          0          5         71       62.6      29.98      21.24
8:39am             39          0          5         71       62.9      29.99      21.24
8:44am            295          0          5         70       63.3      29.99      21.24
8:49am             94          0          8         71       63.2      29.99      21.24
8:54am            270          5         10         68       63.3      29.99      21.24
9:00am            273          0         10         68       63.1      29.99      21.24
9:04am            264          0          8         69       63.1      30.00      21.24
9:09am             94          0          8         71       63.1      29.99      21.24
9:14am            296          2          8         69       62.8      30.00      21.24
9:19am            282          2          8         71       62.6      30.00      21.24
9:24am            235          0          8         72       62.5      29.99      21.24
9:29am            285          3          8         70       62.6      30.00      21.24
9:34am            261          0          5         70       62.9      30.00      21.24
9:39am            212          0          5         70       63.4      30.00      21.24
9:44am            265          0          5         69       63.7      30.00      21.24
9:49am             33          1          5         67       63.9      30.00      21.24
9:54am            154          0          7         67       64.2      30.01      21.24
10:00am           187          3          7         66       64.8      30.01      21.24
10:04am           271          1          8         65       64.7      30.01      21.24
10:09am           285          3          9         65       64.6      30.01      21.24
10:15am           311          0          9         65       64.4      30.01      21.24
10:19am           277          8         12         65       64.8      30.01      21.24
10:24am           280          3         12         65       64.3      30.01      21.24
10:29am           214          1         12         65       64.1      30.02      21.24
10:34am           322          0          6         65       64.3      30.01      21.24
10:39am           274          1          9         65       65.2      30.01      21.24
10:44am           152          0         13         64       65.2      30.02      21.24
10:49am           297          0         13         60       65.6      30.01      21.24
10:54am           271          1         13         60       66.0      30.01      21.24
11:00am           261          1         13         58       66.8      30.01      21.24
11:04am           288          0         10         58       66.0      30.02      21.24
11:09am            73          2         10         57       65.5      30.02      21.24
11:14am           108          3         10         57       65.6      30.01      21.24
11:19am           249          2         13         54       65.9      30.02      21.24
11:24am           288          4         13         56       65.9      30.02      21.24
11:29am           149          0         13         56       66.0      30.02      21.24
11:34am           275          4         12         55       65.8      30.02      21.24
11:39am           309          2         12         56       66.3      30.02      21.24
11:44am            76          2         12         55       66.8      30.02      21.24
11:49am           318          1         12         52       66.1      30.02      21.24
11:54am           131          0         12         53       66.3      30.02      21.24
12:00pm           295          1         12         53       66.4      30.02      21.24
12:04pm           294          3          9         52       66.6      30.02      21.24
12:09pm           285          5         13         51       65.9      30.02      21.24
12:14pm           229          3         17         52       65.9      30.02      21.24
12:19pm           280          3         17         52       66.2      30.02      21.24
12:24pm           100          2         17         53       66.8      30.02      21.24
12:29pm           291          4         17         51       67.0      30.02      21.24
12:34pm            31          1         10         53       66.2      30.02      21.24
12:39pm           338          4         12         54       66.0      30.02      21.24
12:44pm           165          0         12         53       66.2      30.02      21.24
12:49pm           262          5         12         50       67.2      30.02      21.24
12:54pm           238          0         12         49       66.5      30.02      21.24
1:00pm            270          0         12         51       66.9      30.02      21.24
1:04pm            269          0         10         50       66.8      30.01      21.24
1:09pm             13          1         10         51       67.5      30.02      21.24
1:15pm            195          2         10         49       68.1      30.01      21.24
1:19pm            296          9         10         46       68.3      30.01      21.24
1:24pm             90          0         11         46       68.4      30.01      21.24
1:29pm            357          3         11         45       68.3      30.01      21.24
1:34pm            332          3          7         46       68.1      30.02      21.24
1:39pm            245          5          7         44       68.4      30.02      21.24
1:45pm             72          4          8         44       68.1      30.02      21.24
1:49pm            279          6          8         45       68.5      30.02      21.24
1:54pm            269          2          8         44       68.3      30.02      21.24
2:00pm            314          3          8         43       68.6      30.02      21.24
2:04pm            114          0          7         44       68.7      30.02      21.24
2:09pm            274          9         12         41       68.5      30.02      21.24
2:14pm            296          0         12         43       68.6      30.02      21.24
2:20pm            158          1         12         43       68.8      30.02      21.24
2:24pm             83          3         12         43       68.5      30.02      21.24
2:30pm            128          0         12         42       68.0      30.02      21.24
2:34pm             97          0          8         43       67.6      30.02      21.24
2:40pm            265          2          8         42       68.1      30.03      21.24
2:44pm            107          2         10         40       68.0      30.03      21.24
2:49pm            179          0         10         41       67.6      30.03      21.24
2:55pm             23          0         10         38       67.5      30.03      21.24
3:00pm            293          3         10         38       67.3      30.03      21.24
3:04pm            274          2          8         39       66.8      30.03      21.24
3:09pm             58          3         11         37       66.5      30.03      21.24
3:14pm            309          3         11         38       66.1      30.03      21.24
3:19pm             83          4         11         36       66.6      30.04      21.24
3:25pm            261          1         11         38       66.6      30.03      21.24
3:30pm            309          5         13         37       66.2      30.04      21.24
3:34pm            257          7          7         38       66.5      30.04      21.24
3:40pm             61          4         10         38       65.6      30.05      21.24
3:45pm            210          0         11         40       65.3      30.04      21.24
3:49pm            188          0         11         40       65.6      30.04      21.24
3:55pm             98          0         11         39       66.3      30.05      21.24
4:00pm             98          0         11         40       65.8      30.05      21.24
4:04pm            141          2          9         39       65.7      30.05      21.24
4:09pm            113          0          9         40       65.1      30.05      21.24
4:14pm             59          3          9         41       65.2      30.05      21.24
4:19pm             11          0         10         40       65.0      30.05      21.24
4:25pm             29          3         10         40       64.5      30.06      21.24
4:30pm            245          3         10         42       64.5      30.06      21.24
4:35pm            293          0          5         41       64.3      30.06      21.24
4:40pm             68          1          5         41       64.3      30.06      21.24
4:44pm            100          0          5         43       64.1      30.07      21.24
4:49pm            288          9          9         43       63.6      30.07      21.24
4:54pm            288          1          9         44       63.3      30.07      21.24
5:00pm            341          0          9         43       63.0      30.07      21.24
5:05pm             87          1          8         45       62.5      30.07      21.24
5:10pm            104          0          8         46       62.5      30.07      21.24
5:14pm            214          0          8         46       62.6      30.07      21.24
5:19pm            251          2          8         47       62.6      30.07      21.24
5:25pm             86          1          8         46       62.2      30.08      21.24
5:30pm             89          5          8         47       61.8      30.08      21.24
5:35pm             72          2          5         47       61.5      30.08      21.24
5:40pm            280          2         11         48       60.6      30.08      21.24
5:45pm            232          0         11         49       60.4      30.09      21.24
5:50pm            126          0         11         50       60.2      30.09      21.24
5:55pm            106          3         11         51       59.6      30.09      21.24
6:00pm            100          1         11         51       59.3      30.10      21.24
6:05pm             91          0          4         51       59.1      30.10      21.24
6:10pm            215          0          4         52       59.1      30.10      21.24
6:15pm            255          0          6         52       58.8      30.10      21.24
6:20pm             94          0          6         53       58.1      30.10      21.24
6:24pm              1          1          6         55       57.4      30.10      21.24
6:30pm            326          3          6         56       56.7      30.10      21.24
6:35pm            110          0          8         57       56.2      30.11      21.24
6:40pm            231          0          8         58       55.8      30.11      21.24
6:45pm            282          3          8         58       55.3      30.11      21.24
6:50pm             86          0          8         57       54.9      30.12      21.24
6:55pm            127          2          8         59       54.5      30.12      21.24
7:00pm            202          0          8         58       54.3      30.12      21.24
7:04pm             20          0          9         58       53.9      30.12      21.24
7:10pm             82          0          9         60       53.6      30.12      21.24
7:15pm             91          0          9         60       53.2      30.12      21.24
7:20pm            146          0          9         60       53.0      30.12      21.24
7:25pm            299          0          9         60       52.9      30.13      21.24
7:30pm            253          0          9         60       52.7      30.13      21.24
7:34pm            275          0          6         60       52.5      30.13      21.24
7:39pm            266          0          6         61       52.2      30.13      21.24
7:45pm            172          0          6         62       51.9      30.13      21.24
7:50pm            157          0          6         62       51.6      30.14      21.24
7:54pm            205          1          6         62       51.4      30.14      21.24
8:00pm            294          3          6         63       51.4      30.14      21.24
8:04pm            108          0          6         63       51.3      30.14      21.24
8:10pm            338          0          6         64       51.0      30.14      21.24
8:15pm            281          0          6         65       50.7      30.14      21.24
8:19pm            277          0          6         65       50.7      30.14      21.24
8:25pm            280          0          6         65       50.5      30.14      21.24
8:30pm            112          0          6         65       50.4      30.15      21.24
8:35pm            226          0          1         66       50.1      30.15      21.24
8:40pm            229          0          1         67       49.9      30.15      21.24
8:45pm            290          0          1         67       49.8      30.15      21.24
8:50pm             81          0          2         68       49.7      30.15      21.24
8:55pm            115          0          5         67       49.7      30.16      21.24
9:00pm            206          0          5         68       49.5      30.15      21.24
9:05pm            264          0          1         68       49.3      30.16      21.24
9:10pm            257          1          4         68       49.4      30.16      21.24
9:15pm            139          1          4         68       49.3      30.16      21.24
9:20pm            249          0          5         67       49.3      30.16      21.24
9:25pm            255          0          5         68       49.2      30.16      21.24
9:30pm            272          0          5         68       49.0      30.16      21.24
9:35pm             98          0          1         68       48.9      30.16      21.24
9:40pm             60          0          2         68       48.8      30.16      21.24
9:45pm            198          0          2         69       48.6      30.16      21.24
9:50pm            114          0          2         70       48.5      30.16      21.24
9:55pm            203          0          2         71       48.4      30.16      21.24
10:00pm           256          1          5         70       48.3      30.16      21.24
10:04pm            24          0          4         70       48.6      30.16      21.24
10:10pm           297          0          4         69       48.5      30.16      21.24
10:15pm           153          1          4         71       48.3      30.17      21.24
10:20pm            54          4          4         70       48.3      30.17      21.24
10:25pm           249          0          4         70       48.4      30.17      21.24
10:30pm           275          0          4         70       48.3      30.17      21.24
10:35pm           263          1          1         71       48.1      30.17      21.24
10:40pm            95          0          3         70       48.1      30.17      21.24
10:45pm           105          0          3         70       48.0      30.18      21.24
10:50pm            69          0          3         71       47.8      30.18      21.24
10:55pm            48          0          3         71       47.8      30.18      21.24
11:00pm           336          0          3         72       47.6      30.18      21.24
11:05pm           350          0          1         73       47.3      30.18      21.24
11:10pm           308          0          1         74       47.1      30.18      21.24
11:15pm           281          0          2         74       46.9      30.18      21.24
11:20pm           217          0          2         74       46.7      30.18      21.24
11:25pm           286          0          4         75       46.7      30.18      21.24
11:30pm            39          0          4         74       46.7      30.19      21.24
11:35pm           244          0          1         75       46.5      30.19      21.24
11:40pm           303          0          2         74       46.7      30.19      21.24
11:45pm           229          0          2         75       46.6      30.19      21.24
11:50pm           220          0          6         74       46.7      30.19      21.24
11:55pm           228          0          6         75       46.5      30.19      21.24
