9/30/20
Time         Wind Dir   Wind Spd  Wind Gust   Humidity       Temp  Raw Barom   Tot Rain
                    °        mph        mph          %         °F         in         in
12:00am           104          0          5         95       67.4      29.63      21.24
12:05am            84          2          3         95       67.3      29.63      21.24
12:09am           105          1          4         95       67.4      29.63      21.24
12:15am           107          0          4         95       67.4      29.63      21.24
12:20am           123          0          4         95       67.3      29.62      21.24
12:25am           126          1          6         95       67.2      29.62      21.24
12:30am            44          0          6         95       67.1      29.61      21.24
12:35am            63          2          4         95       67.0      29.60      21.24
12:40am            70          0          5         95       67.0      29.60      21.24
12:45am           117          0          5         95       66.9      29.60      21.24
12:50am           111          0          7         95       66.9      29.59      21.24
12:55am            69          1          7         95       66.9      29.58      21.24
1:00am            139          0          7         95       66.9      29.58      21.24
1:05am            108          0          5         95       66.9      29.58      21.24
1:10am             65          0          5         95       66.9      29.58      21.24
1:15am             60          0         11         95       66.9      29.57      21.24
1:20am             97          3         11         95       66.9      29.57      21.24
1:25am             71          3         11         95       66.9      29.56      21.24
1:30am             99          1         11         95       67.0      29.56      21.24
1:35am            236          0          3         95       67.0      29.55      21.24
1:40am            117          0          9         95       67.0      29.55      21.24
1:45am             89          0          9         95       67.0      29.55      21.24
1:50am            127          4          9         95       67.1      29.54      21.24
1:55am            138          0         10         95       67.1      29.53      21.24
2:00am             95          1         10         95       67.1      29.53      21.24
2:05am             80          0          4         95       67.1      29.52      21.24
2:10am            127          1          5         95       67.0      29.51      21.24
2:15am            135          2          5         95       67.1      29.51      21.24
2:20am            200          0          5         95       67.0      29.50      21.24
2:25am              6          1          5         96       67.0      29.50      21.24
2:30am            132          0          6         96       67.1      29.49      21.24
2:35am            108          0          7         96       67.2      29.48      21.24
2:40am             82          1          7         95       67.2      29.47      21.24
2:45am            333          3          7         95       67.3      29.46      21.24
2:50am            214          2          7         95       67.4      29.46      21.24
2:55am            198          2          7         95       67.4      29.46      21.24
3:00am            272          0          7         95       67.4      29.45      21.24
3:05am            271          3          7         96       67.4      29.45      21.24
3:10am             86          3          7         96       67.3      29.44      21.24
3:15am            269          1          7         96       67.3      29.43      21.24
3:20am            239          4         11         96       67.2      29.43      21.24
3:25am            154          0         11         96       67.4      29.42      21.24
3:30am            327          0         11         96       67.5      29.41      21.24
3:35am            192          0          9         96       67.6      29.41      21.24
3:40am             43          0          9         95       67.7      29.41      21.24
3:45am            231          3          9         95       67.7      29.41      21.24
3:50am             57          3          9         96       67.7      29.40      21.24
3:55am              9          0          9         96       67.7      29.40      21.24
4:00am            117         11         12         96       67.6      29.39      21.24
4:05am            200          1         11         96       67.7      29.39      21.24
4:10am             20          0         11         96       67.8      29.38      21.24
4:15am             29          0         11         96       67.9      29.38      21.24
4:20am            233          5         11         96       67.9      29.38      21.24
4:25am            105          3         11         96       68.1      29.37      21.24
4:30am            132          2         11         95       68.2      29.37      21.24
4:35am            256          0          6         95       68.3      29.37      21.24
4:40am            292          3          8         95       68.4      29.37      21.24
4:45am             13          1          8         95       68.3      29.36      21.24
4:50am             86          0          8         95       68.2      29.36      21.24
4:55am            217          9         10         95       68.2      29.35      21.24
5:00am            315          5         13         94       68.5      29.35      21.24
5:05am            231          0         11         92       69.1      29.35      21.24
5:10am            200          3         11         92       69.2      29.33      21.24
5:15am            257          4         11         91       69.2      29.33      21.24
5:20am            162          3         13         91       69.2      29.33      21.24
5:25am            108          0         13         92       68.9      29.32      21.24
5:30am            103          0         13         93       68.7      29.32      21.24
5:35am             96         12         12         93       68.5      29.31      21.24
5:40am             85          4         13         93       68.6      29.31      21.24
5:45am             53          4         13         92       69.0      29.30      21.24
5:50am            226          5         13         92       69.1      29.30      21.24
5:55am             89          2         13         92       69.0      29.29      21.24
6:00am            136          4         13         93       68.6      29.28      21.24
6:05am            236          4         15         94       68.4      29.27      21.24
6:10am            162          3         15         94       68.3      29.27      21.24
6:30am            112          5         26         90       70.2      29.27      21.24
7:00am            270          6         25         95       65.5      29.28      21.24
7:30am            270          4         17         96       63.9      29.31      21.24
8:00am            270          6         19         95       55.5      29.35      21.24
8:30am            270          2         11         97       54.6      29.35      21.24
9:00am            270          1          8         97       54.7      29.38      21.24
9:30am            270          1          7         97       55.0      29.39      21.24
10:00am           270          2          7         95       55.9      29.42      21.24
10:30am           270          0          6         94       57.4      29.42      21.24
11:00am           292          0          3         94       58.8      29.43      21.24
11:30am           270          1          6         91       59.5      29.43      21.24
12:00pm           270          4         20         88       58.6      29.46      21.24
12:30pm           270          5         19         81       59.4      29.48      21.24
1:00pm            270          5         15         78       59.5      29.50      21.24
1:30pm            270          5         15         73       60.9      29.50      21.24
2:00pm            270          6         18         68       61.8      29.51      21.24
2:30pm            270          6         19         64       62.5      29.52      21.24
3:00pm            270          6         19         62       62.9      29.53      21.24
3:30pm            270          5         16         60       62.4      29.55      21.24
4:00pm            270          5         18         56       63.9      29.56      21.24
4:30pm            270          4         24         56       63.3      29.58      21.24
5:00pm            270          4         14         55       63.7      29.58      21.24
5:30pm            270          2         10         56       63.6      29.60      21.24
6:00pm            270          2         10         60       61.0      29.61      21.24
6:30pm            270          1          9         65       59.1      29.62      21.24
7:00pm            270          1          4         68       57.9      29.63      21.24
7:30pm            270          0          3         71       56.2      29.65      21.24
8:00pm            292          0          3         74       55.4      29.67      21.24
8:30pm            292          0          2         75       54.9      29.68      21.24
9:00pm            292          0          3         79       53.6      29.69      21.24
9:30pm            292          0          6         79       53.5      29.70      21.24
10:00pm           292          0          4         78       53.1      29.70      21.24
10:30pm           292          1          6         74       54.6      29.71      21.24
11:00pm           292          2          9         76       54.2      29.72      21.24
11:30pm           292          1          5         77       53.7      29.72      21.24
