9/7/20
Time         Wind Dir   Wind Spd  Wind Gust   Humidity       Temp  Raw Barom   Tot Rain
                    °        mph        mph          %         °F         in         in
12:00am           283          0          1         94       52.4      30.09      21.24
12:05am           283          0          0         95       52.3      30.09      21.24
12:09am           283          0          0         94       52.3      30.09      21.24
12:15am           107          1          1         95       52.5      30.09      21.24
12:20am           107          0          1         95       53.2      30.09      21.24
12:25am           325          0          1         94       52.7      30.09      21.24
12:30am           306          1          1         94       52.8      30.09      21.24
12:35am           293          0          2         94       52.5      30.09      21.24
12:40am           293          0          2         94       52.4      30.09      21.24
12:45am           293          0          2         94       52.4      30.08      21.24
12:50am           293          0          2         95       52.6      30.08      21.24
12:55am           293          0          2         95       53.0      30.08      21.24
1:00am            276          0          2         95       53.2      30.09      21.24
1:05am            276          0          0         95       53.4      30.09      21.24
1:10am            276          0          0         95       53.6      30.09      21.24
1:15am            285          0          1         94       53.7      30.08      21.24
1:20am            285          0          1         94       54.1      30.08      21.24
1:25am            285          0          1         93       54.3      30.08      21.24
1:30am            285          0          1         93       54.5      30.08      21.24
1:35am            285          0          0         93       54.5      30.08      21.24
1:40am            285          0          1         92       54.6      30.08      21.24
1:45am            218          0          1         92       54.7      30.08      21.24
1:50am            219          0          1         91       55.0      30.08      21.24
1:55am            131          0          1         89       55.5      30.08      21.24
2:00am             70          1          5         84       56.5      30.07      21.24
2:05am             71          0          2         82       57.2      30.07      21.24
2:10am            103          2          4         80       57.9      30.07      21.24
2:15am            113          0          4         79       58.4      30.07      21.24
2:20am            115          0          5         80       58.7      30.07      21.24
2:25am            129          2          5         79       59.2      30.06      21.24
2:30am            115          4          5         78       59.4      30.06      21.24
2:35am            115          1          7         78       59.7      30.06      21.24
2:40am            102          5          7         77       59.9      30.06      21.24
2:45am             80          3          7         76       59.9      30.05      21.24
2:50am             79          1          7         76       59.8      30.05      21.24
2:55am            110          1          7         77       59.8      30.05      21.24
3:00am            109          1          7         78       59.8      30.05      21.24
3:05am            118          1          2         79       59.8      30.05      21.24
3:10am             79          2          4         80       59.7      30.05      21.24
3:15am             85          2          4         80       60.0      30.05      21.24
3:20am            108          2          6         79       60.2      30.05      21.24
3:25am            129          0          6         79       60.3      30.05      21.24
3:30am            132          0          6         79       60.3      30.05      21.24
3:35am            159          1          6         79       60.3      30.04      21.24
3:40am            127          1          6         80       60.3      30.04      21.24
3:45am            101          3          6         80       60.4      30.04      21.24
3:50am            129          3          6         81       60.6      30.04      21.24
3:55am            125          2          6         81       60.7      30.04      21.24
4:00am            123          2          6         81       60.6      30.04      21.24
4:05am            113          2          6         82       60.6      30.04      21.24
4:10am            122          0          6         81       60.5      30.05      21.24
4:15am            120          0          6         81       60.6      30.05      21.24
4:20am            105          3          6         81       60.5      30.04      21.24
4:25am            112          4          6         81       60.5      30.04      21.24
4:30am            123          2          6         81       60.4      30.04      21.24
4:35am            110          4          8         81       60.2      30.04      21.24
4:40am            117          2          8         82       60.0      30.04      21.24
4:45am             98          3          8         82       59.9      30.03      21.24
4:50am            122          3          8         83       59.8      30.03      21.24
4:55am            117          3          8         83       59.8      30.03      21.24
5:00am            139          2          8         83       59.9      30.03      21.24
5:05am            107          4          5         83       59.9      30.04      21.24
5:10am            110          1          5         83       59.9      30.04      21.24
5:15am            137          3          6         83       60.0      30.04      21.24
5:20am            132          0          6         83       59.9      30.04      21.24
5:25am             87          1          6         83       59.9      30.04      21.24
5:30am            113          2          6         84       59.8      30.04      21.24
5:35am             40          2          5         84       59.8      30.04      21.24
5:40am            111          0          5         84       59.7      30.04      21.24
5:45am            134          3          5         84       59.7      30.04      21.24
5:50am            128          0          5         84       59.7      30.04      21.24
5:55am             67          0          5         85       59.7      30.05      21.24
6:00am            117          0          5         85       59.6      30.05      21.24
6:05am            114          0          3         86       59.7      30.05      21.24
6:10am            117          0          3         85       59.8      30.06      21.24
6:15am             95          0          3         86       60.0      30.05      21.24
6:20am            120          0          4         85       59.9      30.05      21.24
6:25am             65          0          4         85       59.9      30.06      21.24
6:30am            115          2          4         86       59.9      30.06      21.24
6:35am            122          0          3         87       60.1      30.06      21.24
6:40am             83          0          3         87       60.3      30.06      21.24
6:45am            340          0          3         87       60.4      30.06      21.24
6:50am             96          0          3         88       60.8      30.05      21.24
6:55am            227          1          3         91       61.8      30.05      21.24
7:00am            278          0          4         91       62.6      30.05      21.24
7:05am             71          0          6         90       63.2      30.05      21.24
7:10am            301          1          6         89       63.3      30.05      21.24
7:15am             44          0          6         89       63.5      30.04      21.24
7:20am            274          0          6         89       63.7      30.04      21.24
7:25am            208          1          7         88       63.8      30.03      21.24
7:30am            312          0          7         88       63.9      30.03      21.24
7:35am            203          0          3         88       64.1      30.03      21.24
7:40am             70          3          4         84       64.5      30.04      21.24
7:45am             83          2          4         84       64.5      30.05      21.24
7:50am             23          0          4         84       64.2      30.04      21.24
7:55am            110          3          4         85       64.7      30.04      21.24
8:00am            225          0          4         84       65.2      30.05      21.24
8:05am            232          1          4         83       65.9      30.05      21.24
8:10am            268          2          4         81       66.8      30.04      21.24
8:15am            337          0          8         80       67.1      30.04      21.24
8:20am            261          0          8         78       67.8      30.04      21.24
8:25am            284          1          8         77       68.2      30.04      21.24
8:30am            245          0          8         77       68.2      30.05      21.24
8:35am            266          0          6         76       68.2      30.05      21.24
8:40am            280          1          6         77       68.3      30.05      21.24
8:45am            298          0          6         76       68.4      30.05      21.24
8:50am            312          2          6         75       68.5      30.05      21.24
8:55am            225          3          8         74       68.5      30.05      21.24
9:00am             92          2          8         74       68.8      30.05      21.24
9:05am            190          0          6         74       69.1      30.05      21.24
9:10am            234          0          6         73       69.6      30.05      21.24
9:15am            319          3          6         71       69.8      30.05      21.24
9:20am            261          5         10         70       69.2      30.05      21.24
9:25am            206          0         12         71       69.1      30.05      21.24
9:30am            295          4         12         71       69.2      30.05      21.24
9:35am            238          2          8         71       69.3      30.05      21.24
9:40am            162          2         12         70       69.6      30.04      21.24
9:45am             33          1         12         70       69.8      30.04      21.24
9:50am            288          0         12         69       70.0      30.05      21.24
9:55am            283          3         12         69       70.1      30.04      21.24
10:00am           111          1         12         68       70.8      30.04      21.24
10:05am           258          2         10         65       71.5      30.04      21.24
10:10am           274          2         10         65       71.8      30.04      21.24
10:15am           275          6         10         64       71.1      30.03      21.24
10:20am           278          1         10         64       70.7      30.03      21.24
10:25am           142          0         10         63       70.5      30.03      21.24
10:30am           176          0         10         64       70.6      30.03      21.24
10:35am           299          2          9         65       71.4      30.03      21.24
10:40am           291          4         11         62       72.1      30.03      21.24
10:45am           315          2         11         62       72.1      30.04      21.24
10:50am           266          4         11         63       72.4      30.04      21.24
10:55am           200          6         11         61       72.0      30.05      21.24
11:00am           294          7         11         60       71.7      30.04      21.24
11:05am           303          5         10         61       71.4      30.04      21.24
11:10am           291          4         10         62       71.4      30.04      21.24
11:15am           163          0         10         61       71.5      30.03      21.24
11:20am           255          0         10         60       71.5      30.03      21.24
11:25am           150          1         10         60       71.6      30.03      21.24
11:30am           354          2         11         61       71.7      30.03      21.24
11:35am           202          0          6         60       71.9      30.03      21.24
11:40am           204          2          6         61       72.3      30.02      21.24
11:45am           268          2          6         58       72.7      30.02      21.24
11:50am           228          1          6         59       73.0      30.02      21.24
11:55am           302          2          6         59       73.2      30.01      21.24
12:00pm           134          0         12         58       73.2      30.01      21.24
12:05pm           105          4          5         57       73.4      30.01      21.24
12:10pm           215          6          6         57       73.5      30.00      21.24
12:15pm            82          0         12         55       73.3      30.00      21.24
12:20pm           248          1         12         56       73.7      30.00      21.24
12:25pm           279          0         12         55       73.9      29.99      21.24
12:30pm           297          0         12         55       74.5      29.99      21.24
12:35pm           127          1         10         53       75.2      29.98      21.24
12:40pm           276          1         10         50       75.3      29.99      21.24
12:45pm           216          3         13         51       75.1      29.98      21.24
12:50pm           286          3         13         51       75.5      29.98      21.24
12:55pm           302          5         14         49       75.9      29.98      21.24
1:00pm            200          4         14         50       75.8      29.98      21.24
1:05pm            289          7         11         50       76.0      29.98      21.24
1:10pm            356          4         11         49       76.2      29.97      21.24
1:15pm            285          6         12         52       76.3      29.98      21.24
1:20pm            340          0         13         49       76.2      29.97      21.24
1:25pm            213          1         13         49       76.4      29.97      21.24
1:30pm            285          4         13         48       77.1      29.97      21.24
1:35pm            223          4         11         47       77.5      29.97      21.24
1:40pm            271          2         13         47       77.3      29.97      21.24
1:45pm            201          2         13         47       77.4      29.97      21.24
1:50pm            296          3         13         46       78.2      29.97      21.24
1:55pm            344          4         13         48       78.5      29.96      21.24
2:00pm            269          1         13         45       78.6      29.97      21.24
2:05pm            302          3         13         45       78.7      29.97      21.24
2:10pm            151          1         15         46       78.5      29.96      21.24
2:15pm            172          7         15         45       78.5      29.95      21.24
2:20pm            280          1         15         47       78.1      29.95      21.24
2:25pm            321          0         15         47       77.9      29.95      21.24
2:30pm            321          1         15         48       78.5      29.95      21.24
2:35pm             23          3          9         48       79.1      29.95      21.24
2:40pm            208          3         11         47       79.0      29.95      21.24
2:45pm            314          3         11         48       78.6      29.95      21.24
2:50pm              6          0         11         49       78.7      29.95      21.24
2:55pm            359          0         11         47       79.3      29.95      21.24
2:59pm            321          1         11         47       79.4      29.95      21.24
3:05pm            165          0          5         49       78.7      29.95      21.24
3:10pm            275          2         11         49       77.8      29.95      21.24
3:15pm            192          6         11         50       78.2      29.95      21.24
3:20pm            194          3         11         49       78.0      29.95      21.24
3:25pm            327          2         11         50       77.6      29.95      21.24
3:30pm            328          3         11         50       78.1      29.94      21.24
3:35pm            293          4          9         52       77.8      29.94      21.24
3:40pm            200          0         11         51       77.2      29.94      21.24
3:45pm            302          1         11         53       77.2      29.94      21.24
3:50pm            303          5         11         52       76.8      29.93      21.24
3:55pm            307         11         11         52       76.7      29.93      21.24
4:00pm            311          2         11         53       77.1      29.94      21.24
4:05pm            161          0          7         53       77.1      29.95      21.24
4:10pm            299          3          7         53       77.4      29.95      21.24
4:15pm            291          6          7         53       79.1      29.95      21.24
4:20pm            276          3          8         51       79.9      29.95      21.24
4:25pm            291          4         10         52       78.6      29.95      21.24
4:30pm            168          2         10         54       77.2      29.95      21.24
4:35pm            210          0          7         54       76.3      29.95      21.24
4:40pm            167          3          8         56       75.7      29.95      21.24
4:45pm            179          1          8         55       75.1      29.95      21.24
4:50pm            262          4          9         55       74.8      29.95      21.24
4:55pm            294          5          9         55       74.5      29.95      21.24
5:00pm            331          3          9         55       74.2      29.95      21.24
5:05pm            208          2          7         55       74.1      29.95      21.24
5:10pm            184          0          7         56       74.0      29.95      21.24
5:15pm            205          2          7         56       73.8      29.95      21.24
5:20pm            160          0          7         57       73.7      29.95      21.24
5:25pm            288          3          7         57       73.6      29.95      21.24
5:30pm            208          4          7         57       73.4      29.95      21.24
5:35pm            285          0          4         58       73.4      29.95      21.24
5:40pm            198          0          4         58       73.3      29.95      21.24
5:45pm            134          5          6         57       73.2      29.95      21.24
5:50pm             92          0          6         58       73.3      29.95      21.24
5:55pm            305          3          6         57       73.2      29.95      21.24
6:00pm            237          0          6         57       73.1      29.95      21.24
6:05pm            292          0          6         56       73.0      29.95      21.24
6:10pm            205          2          6         55       73.1      29.95      21.24
6:15pm            297          4          6         54       73.1      29.95      21.24
6:20pm            153          2          9         53       73.1      29.95      21.24
6:25pm            305          5          9         53       73.1      29.95      21.24
6:30pm            308          2          9         54       73.0      29.96      21.24
6:35pm            226          0          5         54       72.9      29.95      21.24
6:40pm            342          0          5         54       72.7      29.96      21.24
6:45pm            226          0          5         54       72.6      29.96      21.24
6:50pm            267          0          6         54       72.5      29.96      21.24
6:55pm             84          0          6         54       72.4      29.96      21.24
7:00pm            244          2          6         56       72.3      29.96      21.24
7:05pm            143          1          4         55       72.1      29.96      21.24
7:10pm            124          0          4         56       72.0      29.96      21.24
7:15pm            293          0          6         56       72.0      29.96      21.24
7:20pm            274          1          6         56       71.9      29.96      21.24
7:25pm            300          1          6         56       71.8      29.97      21.24
7:30pm            278          0          6         57       71.6      29.97      21.24
7:35pm            312          0          2         57       71.5      29.97      21.24
7:40pm            290          0          4         58       71.4      29.97      21.24
7:45pm             94          1          4         58       71.3      29.97      21.24
7:50pm            309          0          4         58       71.2      29.98      21.24
7:55pm            210          0          6         57       71.2      29.98      21.24
8:00pm            115          0          6         58       71.0      29.98      21.24
8:05pm            170          0          3         58       70.8      29.98      21.24
8:10pm            263          0          3         58       70.6      29.99      21.24
8:15pm            259          0          3         59       70.4      29.99      21.24
8:20pm            240          0          3         59       70.3      29.99      21.24
8:25pm            234          0          5         58       70.5      29.99      21.24
8:30pm            286          0          5         59       70.3      29.99      21.24
8:35pm            304          3          4         59       70.2      29.99      21.24
8:40pm            228          0          4         60       70.1      29.99      21.24
8:45pm            288          2          4         60       70.0      29.99      21.24
8:50pm            276          0          8         61       69.8      29.99      21.24
8:55pm            288          1          8         61       69.6      29.99      21.24
9:00pm            282          0          8         62       69.4      29.99      21.24
9:05pm            277          0          3         63       69.1      29.99      21.24
9:10pm            214          0          3         63       68.7      29.99      21.24
9:15pm            238          0          3         64       68.4      30.00      21.24
9:20pm            238          0          3         65       68.3      30.00      21.24
9:25pm            238          0          3         66       68.0      30.00      21.24
9:30pm            238          0          3         68       67.7      30.00      21.24
9:35pm            238          0          0         69       67.2      30.00      21.24
9:40pm            319          0          1         69       67.0      30.00      21.24
9:45pm            319          0          1         69       66.9      30.00      21.24
9:50pm            319          0          1         70       66.8      30.01      21.24
9:55pm            321          0          1         71       66.4      30.00      21.24
10:00pm           321          0          1         73       66.0      30.00      21.24
10:05pm           273          0          2         73       66.0      30.01      21.24
10:10pm           210          0          3         73       66.3      30.00      21.24
10:15pm           302          0          3         73       66.4      30.01      21.24
10:20pm           290          0          3         73       66.8      30.01      21.24
10:25pm           283          0          3         73       66.9      30.01      21.24
10:30pm           302          0          3         73       66.8      30.01      21.24
10:35pm           236          0          3         74       66.7      30.01      21.24
10:40pm           309          4          5         74       66.6      30.01      21.24
10:45pm           310          0          5         75       66.6      30.01      21.24
10:50pm           226          1          5         75       66.5      30.01      21.24
10:55pm           276          0          5         75       66.4      30.01      21.24
11:00pm           291          0          5         76       66.2      30.01      21.24
11:05pm           291          0          1         76       66.1      30.01      21.24
11:10pm           291          0          1         77       65.9      30.01      21.24
11:15pm           291          0          1         78       65.4      30.01      21.24
11:20pm           291          0          1         79       65.1      30.01      21.24
11:25pm            27          0          1         79       65.2      30.02      21.24
11:30pm            72          0          1         79       65.2      30.02      21.24
11:35pm            72          0          0         80       64.7      30.02      21.24
11:40pm            72          0          0         81       64.2      30.02      21.24
11:45pm            72          0          0         82       63.7      30.02      21.24
11:50pm            72          0          0         83       63.3      30.02      21.24
11:55pm           280          0          1         84       63.0      30.02      21.24
