9/24/20
Time         Wind Dir   Wind Spd  Wind Gust   Humidity       Temp  Raw Barom   Tot Rain
                    °        mph        mph          %         °F         in         in
12:00am           293          4          4         84       56.5      29.80      21.24
12:04am           293          1          3         83       57.1      29.80      21.24
12:09am           252          0          3         82       57.5      29.80      21.24
12:14am           273          1          3         82       57.8      29.80      21.24
12:19am           281          0          3         81       58.2      29.80      21.24
12:24am           264          0          5         80       58.4      29.80      21.24
12:29am           266          0          5         80       58.4      29.80      21.24
12:34am           271          0          3         81       58.2      29.80      21.24
12:39am           272          0          4         80       58.2      29.80      21.24
12:44am           271          2          5         81       58.1      29.80      21.24
12:49am           259          1          5         81       57.9      29.80      21.24
12:54am           282          1          5         82       57.4      29.80      21.24
1:00am            263          0          5         83       57.0      29.80      21.24
1:04am            281          1          1         83       56.7      29.80      21.24
1:09am            269          0          4         84       56.9      29.80      21.24
1:14am            269          0          4         84       56.9      29.80      21.24
1:19am            278          0          4         84       56.9      29.80      21.24
1:24am            278          0          4         84       56.7      29.80      21.24
1:29am            268          0          4         84       56.8      29.81      21.24
1:34am            274          0          2         84       57.1      29.80      21.24
1:39am            278          0          3         84       57.2      29.80      21.24
1:44am            257          0          3         84       57.4      29.80      21.24
1:49am            259          1          3         84       57.4      29.80      21.24
1:54am            272          2          4         84       57.6      29.80      21.24
2:00am            278          0          4         83       57.9      29.80      21.24
2:04am            258          0          3         83       57.9      29.80      21.24
2:09am            264          0          3         83       57.6      29.80      21.24
2:14am            269          0          3         84       57.6      29.80      21.24
2:19am            272          0          3         84       57.4      29.80      21.24
2:24am            264          0          3         85       56.9      29.80      21.24
2:29am            281          0          3         86       56.6      29.80      21.24
2:34am            257          1          2         86       56.2      29.80      21.24
2:39am            264          0          2         87       55.8      29.80      21.24
2:44am            281          0          2         87       55.4      29.80      21.24
2:49am            281          1          2         88       54.5      29.80      21.24
2:54am            281          0          2         89       53.7      29.80      21.24
3:00am            281          0          2         90       53.2      29.80      21.24
3:04am            281          0          0         91       52.9      29.80      21.24
3:09am            281          1          1         92       52.8      29.80      21.24
3:14am            281          0          1         92       52.8      29.80      21.24
3:19am            279          0          1         92       52.6      29.80      21.24
3:24am            279          0          1         92       52.4      29.81      21.24
3:30am            279          0          1         93       52.2      29.81      21.24
3:34am            279          0          0         93       52.1      29.81      21.24
3:39am            279          0          1         93       51.8      29.81      21.24
3:45am            279          0          1         93       51.6      29.81      21.24
3:49am            287          0          1         94       51.6      29.81      21.24
3:54am            282          0          1         94       51.4      29.81      21.24
4:00am            282          0          1         94       51.3      29.81      21.24
4:05am            282          0          1         94       51.5      29.81      21.24
4:10am            282          0          1         94       51.5      29.81      21.24
4:14am            278          0          2         93       51.2      29.81      21.24
4:19am            285          0          2         94       50.7      29.81      21.24
4:24am            274          0          2         94       50.5      29.82      21.24
4:29am            290          1          2         94       50.3      29.82      21.24
4:34am            280          0          2         94       50.1      29.82      21.24
4:40am            283          0          2         94       50.0      29.82      21.24
4:44am            288          0          2         94       49.9      29.82      21.24
4:49am            287          1          2         95       49.7      29.82      21.24
4:54am            288          1          2         95       49.7      29.83      21.24
5:00am            288          1          2         95       49.7      29.83      21.24
5:04am            273          2          2         95       49.7      29.83      21.24
5:09am            275          0          2         95       49.5      29.83      21.24
5:15am            279          0          2         95       49.3      29.83      21.24
5:20am            281          0          2         95       49.2      29.83      21.24
5:24am            282          0          2         95       49.1      29.83      21.24
5:30am            282          0          2         95       48.9      29.83      21.24
5:35am            283          0          0         95       48.8      29.83      21.24
5:40am            283          0          0         96       48.8      29.83      21.24
5:44am            278          0          0         96       49.0      29.83      21.24
5:49am            282          1          2         96       48.8      29.84      21.24
5:55am            290          0          3         95       48.2      29.84      21.24
6:00am            291          0          3         96       48.1      29.84      21.24
6:04am            286          1          2         96       48.3      29.84      21.24
6:10am            271          1          2         96       48.1      29.85      21.24
6:15am            285          1          2         96       48.1      29.84      21.24
6:19am            282          0          2         96       48.2      29.84      21.24
6:25am            282          0          2         96       48.5      29.84      21.24
6:30am            282          0          2         96       48.6      29.84      21.24
6:34am            287          0          1         96       48.4      29.84      21.24
6:40am            270          0          1         96       48.1      29.84      21.24
6:45am            285          0          1         96       47.7      29.85      21.24
6:50am            276          0          2         96       47.4      29.85      21.24
6:54am            278          0          2         96       47.3      29.85      21.24
7:00am            276          0          2         96       47.3      29.85      21.24
7:04am            278          0          1         96       47.4      29.86      21.24
7:10am            266          0          1         96       47.2      29.86      21.24
7:14am            278          1          1         96       47.2      29.86      21.24
7:19am            278          0          1         96       47.4      29.86      21.24
7:24am            278          0          1         96       47.7      29.86      21.24
7:30am            278          0          1         97       48.7      29.86      21.24
7:35am            278          0          1         96       49.3      29.86      21.24
7:39am            281          0          1         96       50.0      29.86      21.24
7:44am            285          0          1         95       50.5      29.86      21.24
7:50am            269          0          1         95       50.9      29.86      21.24
7:55am            269          0          1         94       51.6      29.86      21.24
8:00am            268          0          1         94       52.4      29.86      21.24
8:05am            271          0          1         93       52.7      29.86      21.24
8:09am            271          0          2         92       53.0      29.86      21.24
8:15am            268          0          2         92       53.3      29.86      21.24
8:19am            273          0          2         92       53.6      29.86      21.24
8:24am            266          0          2         92       53.9      29.87      21.24
8:30am            272          0          2         91       54.4      29.87      21.24
8:34am            275          0          0         91       54.8      29.87      21.24
8:40am            269          0          0         90       55.3      29.87      21.24
8:45am            271          0          2         90       55.7      29.87      21.24
8:50am            254          0          2         89       56.2      29.87      21.24
8:55am            281          0          2         88       56.9      29.88      21.24
9:00am            279          1          2         87       57.4      29.88      21.24
9:05am            271          0          2         86       57.9      29.88      21.24
9:09am            226          0          2         86       58.4      29.88      21.24
9:15am            276          0          3         85       58.9      29.88      21.24
9:19am            292          3          3         83       59.6      29.88      21.24
9:25am            285          1          4         82       60.1      29.88      21.24
9:30am            285          2          5         81       60.4      29.89      21.24
9:35am            300          2          5         80       60.9      29.89      21.24
9:40am            214          1          5         80       61.4      29.89      21.24
9:45am            286          6          6         78       61.7      29.89      21.24
9:50am            276          0          6         78       62.0      29.89      21.24
9:55am            252          2          6         77       62.4      29.89      21.24
10:00am           276          3          6         77       62.8      29.89      21.24
10:05am           303          4          5         76       63.2      29.89      21.24
10:10am           294          1          5         75       63.6      29.89      21.24
10:15am           243          0          5         74       64.4      29.89      21.24
10:20am           281          1          7         73       65.0      29.89      21.24
10:25am           259          0          7         72       65.5      29.89      21.24
10:30am           257          1          7         70       66.1      29.89      21.24
10:35am           288          2          8         70       66.0      29.89      21.24
10:40am           281          1          8         70       66.4      29.89      21.24
10:45am           291          5          8         68       66.6      29.89      21.24
10:49am           296          4          8         68       67.3      29.88      21.24
10:55am           288          8          8         65       68.0      29.88      21.24
11:00am           291          2          8         64       68.1      29.88      21.24
11:05am           279          3          7         64       68.2      29.88      21.24
11:10am           294          2          7         63       68.6      29.88      21.24
11:15am           293          1          7         62       69.1      29.88      21.24
11:20am           271          3          7         59       69.5      29.88      21.24
11:25am           283          6         11         60       69.7      29.88      21.24
11:30am           276          2         11         59       70.2      29.88      21.24
11:35am           191          1          8         59       70.2      29.87      21.24
11:40am           276          5         11         56       70.6      29.87      21.24
11:45am           325          2         11         57       70.4      29.87      21.24
11:50am           273          5         13         57       70.5      29.87      21.24
11:55am           281          1         13         56       70.5      29.87      21.24
12:00pm           252          1         13         56       71.2      29.87      21.24
12:04pm           276          1          9         53       71.4      29.87      21.24
12:10pm           263          1          9         54       71.4      29.87      21.24
12:15pm           298          5          9         52       71.8      29.87      21.24
12:20pm           280          2         10         53       71.7      29.87      21.24
12:25pm           276          1         10         51       71.9      29.87      21.24
12:30pm           232          0         10         51       72.8      29.87      21.24
12:35pm           284          1          4         49       73.7      29.87      21.24
12:40pm           274          2          5         49       73.5      29.87      21.24
12:45pm           280          1          9         50       73.3      29.87      21.24
12:50pm           293          9          9         50       73.4      29.87      21.24
12:55pm           299          9          9         49       73.6      29.87      21.24
1:00pm            207          2         10         50       73.3      29.87      21.24
1:05pm            297          4          8         50       73.3      29.87      21.24
1:10pm            300          0          8         51       73.3      29.86      21.24
1:15pm            273          2          8         50       73.7      29.86      21.24
1:20pm            274          3         10         49       73.6      29.86      21.24
1:25pm            274          2         10         51       73.5      29.86      21.24
1:30pm            153          5         10         49       73.9      29.86      21.24
1:35pm            294          2         10         48       74.2      29.85      21.24
1:40pm            284          4         10         48       74.3      29.85      21.24
1:45pm            295          4         10         48       74.3      29.85      21.24
1:50pm            283          5         12         49       74.3      29.85      21.24
1:55pm            238          2         14         49       73.9      29.84      21.24
2:00pm            291          6         14         48       73.9      29.84      21.24
2:05pm            240          3         10         48       74.0      29.84      21.24
2:10pm            262          1         10         48       74.4      29.84      21.24
2:15pm            277          1         10         47       74.5      29.84      21.24
2:20pm            283          3         10         47       74.8      29.84      21.24
2:25pm            273          5         10         48       74.9      29.84      21.24
2:30pm            263          1         10         47       75.3      29.83      21.24
2:35pm            263          0          5         48       75.7      29.83      21.24
2:40pm            302          0          9         47       75.7      29.83      21.24
2:45pm            268          2          9         48       75.5      29.84      21.24
2:50pm            255          2          9         49       75.4      29.84      21.24
2:55pm            241          0          9         50       75.5      29.84      21.24
3:00pm            273          0          9         50       75.6      29.84      21.24
3:05pm            233          0          4         50       75.5      29.84      21.24
3:10pm            195          0          5         51       75.7      29.84      21.24
3:15pm            298          3          5         50       76.0      29.84      21.24
3:20pm            286          2          6         49       76.4      29.84      21.24
3:25pm            288          4          7         48       76.0      29.84      21.24
3:30pm            245          1          7         49       76.1      29.84      21.24
3:35pm            238          0          6         48       76.2      29.84      21.24
3:40pm            185          0          6         49       76.4      29.84      21.24
3:45pm            273          0          6         49       76.6      29.83      21.24
3:50pm            293          2          6         49       76.5      29.83      21.24
3:55pm            289          4          8         50       76.0      29.83      21.24
4:00pm            271          1          8         50       75.6      29.83      21.24
4:05pm            256          0          3         50       75.9      29.83      21.24
4:10pm            176          0          8         47       75.9      29.84      21.24
4:15pm            191          1          8         47       75.7      29.84      21.24
4:20pm            255          1          8         46       75.6      29.84      21.24
4:25pm            290          5          8         47       75.6      29.84      21.24
4:30pm            285          3          8         46       75.3      29.84      21.24
4:35pm            246          1          5         48       74.6      29.84      21.24
4:40pm            293          4          9         48       74.3      29.84      21.24
4:45pm            285          7          9         48       74.2      29.84      21.24
4:50pm            286          3          9         49       74.0      29.84      21.24
4:55pm            268          0          9         49       73.9      29.84      21.24
5:00pm            269          1          9         50       73.8      29.84      21.24
5:05pm            272          1          4         49       73.7      29.84      21.24
5:10pm            252          0          6         50       73.6      29.84      21.24
5:15pm            277          0          6         50       73.5      29.84      21.24
5:20pm            257          0          6         50       73.3      29.84      21.24
5:25pm            271          0          6         51       73.0      29.85      21.24
5:30pm            273          0          6         51       72.9      29.85      21.24
5:35pm            273          0          0         53       72.6      29.85      21.24
5:40pm            273          0          0         54       72.2      29.85      21.24
5:45pm            270          0          0         56       71.7      29.85      21.24
5:50pm            254          0          3         55       71.4      29.85      21.24
5:55pm            240          0          3         57       71.0      29.86      21.24
6:00pm            251          0          3         59       70.5      29.86      21.24
6:05pm            271          0          1         59       70.0      29.86      21.24
6:10pm            274          0          2         59       69.7      29.86      21.24
6:15pm            257          0          4         59       69.4      29.86      21.24
6:20pm            269          0          4         60       69.2      29.86      21.24
6:25pm            269          0          4         60       68.7      29.86      21.24
6:30pm            269          0          4         61       68.3      29.86      21.24
6:35pm            269          0          0         62       67.9      29.87      21.24
6:40pm            269          0          0         63       67.4      29.87      21.24
6:45pm            269          0          0         63       67.0      29.87      21.24
6:50pm            269          0          0         64       66.6      29.87      21.24
6:55pm            269          0          0         65       66.2      29.87      21.24
7:00pm            269          0          0         66       66.0      29.87      21.24
7:05pm            269          0          0         67       65.7      29.87      21.24
7:10pm            269          0          0         68       65.4      29.87      21.24
7:15pm            269          0          0         69       64.9      29.88      21.24
7:20pm            269          0          0         70       64.5      29.88      21.24
7:25pm            269          0          0         71       64.2      29.88      21.24
7:30pm            269          0          0         71       64.0      29.88      21.24
7:35pm            269          0          0         71       63.8      29.88      21.24
7:40pm            269          0          0         71       63.7      29.88      21.24
7:44pm            269          0          0         72       63.6      29.88      21.24
7:50pm            269          0          0         73       63.3      29.88      21.24
7:55pm            269          0          0         73       63.3      29.88      21.24
8:00pm            278          0          0         73       63.3      29.89      21.24
8:05pm            278          0          0         74       63.0      29.89      21.24
8:10pm            270          0          0         75       62.6      29.89      21.24
8:15pm            269          0          0         76       62.3      29.89      21.24
8:20pm            273          0          1         76       62.2      29.89      21.24
8:25pm            259          0          1         77       61.8      29.89      21.24
8:30pm            269          0          1         77       61.6      29.90      21.24
8:35pm            269          0          0         78       61.3      29.90      21.24
8:40pm            269          0          1         79       61.0      29.90      21.24
8:45pm            288          0          2         80       60.9      29.90      21.24
8:50pm            267          0          2         80       60.7      29.90      21.24
8:55pm            269          0          2         81       60.3      29.90      21.24
9:00pm            292          1          2         82       59.8      29.90      21.24
9:05pm            275          0          3         83       59.5      29.90      21.24
9:10pm            288          2          3         83       59.3      29.90      21.24
9:15pm            274          0          4         84       58.9      29.91      21.24
9:20pm            264          0          4         84       58.7      29.90      21.24
9:25pm            281          1          4         84       58.9      29.90      21.24
9:30pm            285          1          4         83       59.0      29.91      21.24
9:35pm            294          2          3         83       59.1      29.91      21.24
9:40pm            285          2          3         83       59.3      29.91      21.24
9:45pm            297          0          3         80       60.1      29.91      21.24
9:50pm            285          0          3         80       60.3      29.91      21.24
9:55pm            217          0          3         80       60.1      29.92      21.24
10:00pm           284          0          3         80       60.1      29.92      21.24
10:05pm           275          1          1         81       59.9      29.92      21.24
10:10pm           284          0          1         82       59.5      29.92      21.24
10:15pm           269          0          1         83       59.0      29.92      21.24
10:20pm           278          0          1         84       58.5      29.92      21.24
10:25pm           278          0          1         85       58.2      29.92      21.24
10:30pm           278          0          1         85       57.9      29.92      21.24
10:35pm           278          0          0         85       57.8      29.92      21.24
10:40pm           278          0          0         86       57.7      29.92      21.24
10:45pm           278          0          0         86       57.4      29.93      21.24
10:50pm           278          0          0         87       57.0      29.93      21.24
10:55pm           278          0          1         88       56.7      29.93      21.24
11:00pm           279          0          1         88       56.3      29.93      21.24
11:05pm           269          0          1         89       56.0      29.92      21.24
11:10pm           266          0          1         89       55.9      29.93      21.24
11:15pm           277          0          1         89       55.8      29.92      21.24
11:20pm           289          1          1         89       55.6      29.92      21.24
11:25pm           284          0          1         89       55.5      29.93      21.24
11:30pm           284          0          1         89       55.2      29.93      21.24
11:35pm           284          0          0         90       54.9      29.93      21.24
11:40pm           284          0          0         90       54.8      29.93      21.24
11:45pm           284          0          0         91       54.7      29.93      21.24
11:50pm           284          0          0         91       54.5      29.93      21.24
11:55pm           284          0          0         91       54.5      29.93      21.24
