10/15/20
Time         Wind Dir   Wind Spd  Wind Gust   Humidity       Temp  Raw Barom   Tot Rain
                    °        mph        mph          %         °F         in         in
12:00am           270          0          0         94       42.8      29.95      21.24
12:30am           270          0          0         96       42.3      29.95      21.24
1:00am            270          0          1         95       40.8      29.95      21.24
1:30am            270          0          0         96       40.9      29.96      21.24
2:00am            270          0          0         97       41.3      29.95      21.24
2:30am            270          0          0         97       42.1      29.94      21.24
3:00am            292          0          1         96       41.3      29.96      21.24
3:30am            292          0          2         96       40.6      29.96      21.24
4:00am            292          0          0         97       41.8      29.96      21.24
4:30am            292          0          0         97       42.5      29.96      21.24
5:00am            292          0          0         97       43.3      29.96      21.24
5:30am             90          0          1         96       44.1      29.96      21.24
6:00am             90          0          0         97       43.7      29.96      21.24
6:30am             90          0          0         97       43.5      29.97      21.24
7:00am            112          1          5         92       46.9      29.96      21.24
7:30am             90          1          6         89       46.4      29.96      21.24
8:20am             86          6          6         75       52.2      29.94      21.24
8:25am            140          2         11         74       52.1      29.94      21.24
8:30am             97         10         14         75       51.5      29.95      21.24
8:35am            109          8         13         75       51.4      29.95      21.24
8:40am             64          5         13         76       51.5      29.95      21.24
8:45am             77          6         13         74       52.0      29.95      21.24
8:50am            113         11         13         74       52.4      29.95      21.24
8:55am            122          6         13         73       52.5      29.95      21.24
8:59am            108          6         13         72       52.7      29.95      21.24
9:05am            101          5          9         72       52.8      29.95      21.24
9:10am             94          9         14         71       53.0      29.95      21.24
9:15am             84          6         14         71       53.1      29.94      21.24
9:20am            118          4         14         71       53.4      29.94      21.24
9:25am            108          4         14         70       53.6      29.94      21.24
9:30am            109          9         14         71       53.5      29.94      21.24
9:35am            107          7         13         69       53.4      29.94      21.24
9:40am            112          3         13         71       53.4      29.94      21.24
9:45am            129          6         13         71       53.7      29.93      21.24
9:50am             77          7         13         70       53.9      29.93      21.24
9:55am            103          3         13         70       54.0      29.93      21.24
9:59am            149          2         13         69       54.5      29.93      21.24
10:05am           124          4          9         68       54.9      29.92      21.24
10:10am           149          3          9         68       55.2      29.93      21.24
10:15am           146          5          9         69       55.7      29.92      21.24
10:20am           116          5          9         68       56.1      29.92      21.24
10:25am           102          4          9         66       56.2      29.92      21.24
10:29am           139          1          9         68       56.3      29.92      21.24
10:35am           125          2          9         66       56.6      29.92      21.24
10:40am           143          6          9         66       57.0      29.92      21.24
10:45am           126          5         10         66       57.2      29.92      21.24
10:50am           138          3         10         65       57.8      29.92      21.24
10:55am           191          4         10         65       58.3      29.92      21.24
10:59am           127          4         10         64       58.6      29.91      21.24
11:04am           116          4          9         64       58.6      29.91      21.24
11:10am           141          2          9         64       59.0      29.91      21.24
11:14am           103          4          9         64       59.4      29.90      21.24
11:20am           107          3          9         64       59.8      29.90      21.24
11:25am           124          1          9         63       60.4      29.90      21.24
11:30am           289          2         13         62       62.5      29.90      21.24
11:34am            81          1          6         60       63.1      29.90      21.24
11:40am            53          3          6         61       62.5      29.90      21.24
11:45am           298          2          6         59       63.8      29.90      21.24
11:49am           294          8         11         53       65.4      29.90      21.24
11:55am           232          4         11         52       66.1      29.90      21.24
11:59am           165          2         11         51       66.5      29.89      21.24
12:05pm           295          3         11         51       66.8      29.88      21.24
12:09pm           289          5         11         50       67.1      29.88      21.24
12:15pm           229          8         12         49       67.4      29.87      21.24
12:19pm           274         10         13         49       67.4      29.87      21.24
12:25pm           281          3         13         49       67.6      29.87      21.24
12:29pm           264          8         13         51       67.7      29.87      21.24
12:35pm           209          2         13         49       68.1      29.87      21.24
12:39pm           140          3         13         46       68.5      29.87      21.24
12:45pm           288          6         13         46       68.3      29.87      21.24
12:50pm           347          3         18         48       68.2      29.87      21.24
12:55pm           335          2         18         48       68.3      29.86      21.24
1:00pm            251          1         18         48       68.7      29.86      21.24
1:04pm            274          2         10         49       69.0      29.86      21.24
1:09pm            268          8         14         47       69.3      29.85      21.24
1:14pm            271          4         14         46       69.4      29.85      21.24
1:19pm            242          4         14         46       69.9      29.85      21.24
1:24pm            204          0         17         44       70.0      29.85      21.24
1:30pm            115          3         17         44       70.4      29.85      21.24
1:34pm            281          3         16         44       70.6      29.85      21.24
1:40pm            290          6         16         44       70.7      29.85      21.24
1:45pm            306          4         16         45       70.6      29.84      21.24
1:49pm            302          3         16         44       71.1      29.85      21.24
1:55pm            244          2         16         45       71.4      29.84      21.24
2:00pm            321          3         16         44       71.8      29.85      21.24
2:04pm            162          2         11         44       72.0      29.84      21.24
2:09pm            323          5         16         43       71.8      29.84      21.24
2:15pm            261          1         16         44       71.7      29.84      21.24
2:19pm            271          3         16         44       71.9      29.83      21.24
2:25pm            150          5         16         44       72.2      29.83      21.24
2:29pm            153          5         16         44       72.5      29.83      21.24
2:34pm            275          1          8         44       72.7      29.83      21.24
2:40pm            274          3         12         43       72.6      29.82      21.24
2:45pm            224          3         12         42       73.0      29.82      21.24
2:49pm            306          4         12         43       73.2      29.82      21.24
2:54pm            237          2         12         43       73.7      29.82      21.24
3:00pm             47          0         12         43       73.8      29.81      21.24
3:04pm            342          1         12         45       73.3      29.81      21.24
3:09pm            228          7         12         45       72.5      29.81      21.24
3:14pm            150          0         12         46       72.3      29.81      21.24
3:19pm            143          4         12         46       72.1      29.81      21.24
3:24pm             99          3         12         47       71.6      29.82      21.24
3:29pm            340          2         12         49       71.4      29.82      21.24
3:34pm            220          3          8         48       71.3      29.82      21.24
3:39pm            171          4          9         48       71.4      29.82      21.24
3:44pm            124          1          9         47       71.9      29.82      21.24
3:49pm            299          2          9         47       72.1      29.83      21.24
3:54pm            252          7          9         47       71.9      29.83      21.24
4:00pm            171          4          9         47       71.5      29.83      21.24
4:05pm            290          2          7         47       71.3      29.83      21.24
4:10pm            239          2          8         48       71.2      29.83      21.24
4:15pm            293          6          9         48       71.0      29.83      21.24
4:19pm             46          1         10         49       71.1      29.84      21.24
4:24pm            229          2         10         47       71.2      29.83      21.24
4:29pm            169          3         10         48       71.1      29.83      21.24
4:34pm            191          7         11         48       71.0      29.83      21.24
4:39pm            255          3         11         49       70.7      29.83      21.24
4:44pm            211          2         11         49       70.3      29.84      21.24
4:49pm             87          4         11         49       69.9      29.84      21.24
4:54pm            219          2         11         50       69.7      29.84      21.24
5:00pm            224          6         11         50       69.4      29.83      21.24
5:04pm            262          1         11         50       69.3      29.83      21.24
5:09pm            207          0         11         50       69.2      29.83      21.24
5:14pm            266          0         11         50       69.2      29.84      21.24
5:20pm            280          0         11         50       69.1      29.84      21.24
5:24pm            212          7         11         50       69.0      29.84      21.24
5:29pm            231          3         11         50       68.7      29.84      21.24
5:34pm            295          6          9         50       68.4      29.84      21.24
5:39pm            314          4          9         51       67.9      29.84      21.24
5:44pm            230          5          9         51       67.6      29.84      21.24
5:49pm            341          2          9         52       67.2      29.84      21.24
5:54pm            326          3          9         52       66.9      29.84      21.24
6:00pm            300          5          9         53       66.6      29.85      21.24
6:04pm            281          1         10         53       66.4      29.85      21.24
6:09pm            321          7         10         54       66.0      29.85      21.24
6:14pm            293          2         10         54       65.8      29.85      21.24
6:19pm             10          2         10         55       65.6      29.85      21.24
6:24pm            350          1         10         56       65.2      29.86      21.24
6:29pm            251          2         10         56       65.0      29.86      21.24
6:34pm            193          3         11         56       64.9      29.86      21.24
6:40pm            270          0         11         57       64.8      29.86      21.24
6:44pm            333          1         11         57       64.7      29.86      21.24
6:49pm            282          0         11         58       64.4      29.87      21.24
6:54pm            322          0         11         59       64.2      29.87      21.24
6:59pm            198          3         11         59       64.2      29.87      21.24
7:04pm            271          3          8         60       64.0      29.87      21.24
7:09pm            295          5          8         60       63.9      29.87      21.24
7:14pm            199          4          8         60       63.7      29.86      21.24
7:19pm             59          0          8         61       63.4      29.87      21.24
7:24pm            288          0          8         62       63.1      29.86      21.24
7:29pm            271          5          8         62       63.1      29.86      21.24
7:34pm            290          2          7         63       62.9      29.87      21.24
7:39pm            269          3          9         63       62.8      29.88      21.24
7:44pm            280          1          9         63       62.6      29.88      21.24
7:49pm            338          0          9         64       62.2      29.88      21.24
7:54pm            275          3          9         65       62.0      29.88      21.24
8:00pm            298          2          9         65       62.0      29.89      21.24
8:04pm            281          5          7         65       61.9      29.89      21.24
8:09pm            302          1          7         65       61.7      29.89      21.24
8:14pm            233          0          7         65       61.3      29.89      21.24
8:19pm            266          3          7         66       60.9      29.89      21.24
8:24pm            259          1          7         66       60.8      29.89      21.24
8:29pm            288          1          7         66       60.7      29.90      21.24
8:34pm            282          1          3         66       60.4      29.90      21.24
8:39pm            287          2          3         67       60.1      29.90      21.24
8:44pm            304          2          4         67       59.7      29.90      21.24
8:49pm            261          0          4         67       59.8      29.90      21.24
8:54pm            284          2          4         67       59.6      29.90      21.24
9:00pm            269          4          7         66       59.7      29.90      21.24
9:04pm            354          0          3         67       59.5      29.90      21.24
9:09pm            234          0          9         66       59.5      29.90      21.24
9:14pm            276          1          9         67       59.3      29.91      21.24
9:19pm            295          0          9         67       59.2      29.91      21.24
9:24pm            234          0          9         67       58.9      29.90      21.24
9:29pm            284          4          9         69       58.3      29.90      21.24
9:34pm            287          3          5         68       58.6      29.91      21.24
9:39pm            263          0          5         68       58.7      29.91      21.24
9:44pm             62          0          5         68       58.4      29.91      21.24
9:49pm            279          5          5         68       58.4      29.92      21.24
9:54pm            285          1          6         69       58.4      29.92      21.24
10:00pm           278          3          6         69       58.2      29.92      21.24
10:04pm           278          1          6         70       58.1      29.92      21.24
10:09pm           284          1          6         70       58.1      29.91      21.24
10:14pm           285          2          6         71       58.0      29.91      21.24
10:19pm           286          2          6         71       57.8      29.92      21.24
10:24pm           296          6          8         72       57.8      29.91      21.24
10:29pm           256          3          8         72       57.9      29.92      21.24
10:34pm           262          2          5         73       57.7      29.92      21.24
10:39pm           294          4          7         74       57.6      29.92      21.24
10:44pm           281          3          7         75       57.5      29.92      21.24
10:49pm           213          2          7         76       57.3      29.92      21.24
10:54pm           278          2         11         77       57.5      29.92      21.24
11:00pm           261          3         11         78       57.4      29.92      21.24
11:04pm           276          3          8         79       57.4      29.92      21.24
11:09pm           287          7          9         79       57.4      29.91      21.24
11:14pm           268          2         11         80       57.3      29.91      21.24
11:19pm           269          3         11         81       57.4      29.91      21.24
11:24pm           284          5         11         82       57.3      29.91      21.24
11:29pm           289          4         11         82       57.3      29.92      21.24
11:34pm           279          4          7         83       57.1      29.91      21.24
11:39pm           240          4          8         83       57.1      29.91      21.24
11:44pm           267          0          9         84       57.0      29.91      21.24
11:49pm           269          1         10         84       57.1      29.91      21.24
11:54pm           294          4         11         84       57.2      29.90      21.24
