10/29/20
Time         Wind Dir   Wind Spd  Wind Gust   Humidity       Temp  Raw Barom   Tot Rain
                    °        mph        mph          %         °F         in         in
12:00am           112          0          1         97       37.7      29.90      21.24
12:30am           270          0          2         98       38.2      29.90      21.24
1:00am            270          0          1         98       38.0      29.91      21.24
1:30am            270          0          1         98       37.0      29.91      21.24
2:00am            292          0          1         98       35.8      29.89      21.24
2:30am            270          0          1         97       34.5      29.89      21.24
3:00am            270          0          1         98       34.2      29.89      21.24
3:30am            270          0          0         98       34.1      29.89      21.24
4:00am            270          0          1         98       33.7      29.89      21.24
4:30am            270          0          1         98       33.6      29.88      21.24
5:00am            270          0          1         98       33.9      29.87      21.24
5:30am            292          0          1         98       33.3      29.88      21.24
6:00am            292          0          0         98       34.0      29.88      21.24
6:30am            292          0          0         98       35.3      29.88      21.24
7:00am            292          0          0         98       35.1      29.87      21.24
7:30am            292          0          1         98       35.2      29.88      21.24
8:00am            292          0          1         98       35.3      29.87      21.24
8:30am            292          0          1         98       35.9      29.86      21.24
9:00am            292          0          1         98       37.1      29.86      21.24
9:30am            270          0          1         98       38.6      29.87      21.24
10:00am           270          0          2         98       39.5      29.87      21.24
10:30am           270          0          1         98       40.6      29.86      21.24
11:00am           270          0          1         97       41.9      29.86      21.24
11:30am           135          0          1         95       42.9      29.84      21.24
12:00pm           135          0          0         94       43.7      29.82      21.24
12:50pm           112          0          0         92       44.0      29.79      21.24
12:55pm           117          0          0         92       44.2      29.80      21.24
1:00pm            117          0          0         92       44.2      29.79      21.24
1:05pm            150          0          0         92       44.3      29.79      21.24
1:10pm            150          0          0         92       44.4      29.79      21.24
1:14pm            214          0          1         91       44.4      29.80      21.24
1:19pm            190          0          1         92       44.4      29.80      21.24
1:24pm            263          0          1         92       44.4      29.80      21.24
1:29pm            288          0          1         93       44.4      29.80      21.24
1:35pm            205          0          1         93       44.3      29.80      21.24
1:40pm            218          0          1         93       44.3      29.79      21.24
1:44pm            168          0          2         88       44.0      29.80      21.24
1:50pm            230          0          2         90       43.9      29.80      21.24
1:54pm            230          0          2         91       43.8      29.80      21.24
2:00pm            230          0          2         92       43.7      29.80      21.24
2:05pm            230          0          0         89       43.5      29.80      21.24
2:10pm            230          0          0         91       43.6      29.79      21.24
2:15pm            230          0          0         92       43.4      29.79      21.24
2:20pm            230          0          1         92       43.2      29.79      21.24
2:25pm            230          0          1         91       43.0      29.79      21.24
2:30pm            230          0          1         91       42.8      29.79      21.24
2:35pm            228          0          0         93       42.7      29.78      21.24
2:40pm            229          0          0         93       42.5      29.78      21.24
2:45pm            229          0          0         94       42.5      29.78      21.24
2:50pm            228          0          0         94       42.5      29.77      21.24
2:55pm            229          0          0         94       42.4      29.77      21.24
3:00pm            228          0          0         94       42.3      29.77      21.24
3:05pm            153          0          0         94       42.2      29.76      21.24
3:10pm            153          0          0         94       42.1      29.76      21.24
3:15pm            153          0          0         94       42.1      29.76      21.24
3:20pm             92          0          0         94       42.0      29.76      21.24
3:25pm             92          0          0         94       42.0      29.76      21.24
3:30pm             93          0          0         94       42.0      29.76      21.24
3:35pm             93          0          0         94       41.9      29.76      21.24
3:40pm             23          0          2         94       41.9      29.76      21.24
3:45pm            101          0          3         94       41.8      29.76      21.24
3:50pm            116          0          3         94       41.7      29.76      21.24
3:55pm             94          1          3         94       41.6      29.75      21.24
4:00pm            116          1          3         94       41.6      29.75      21.24
4:05pm             79          0          3         94       41.6      29.75      21.24
4:10pm            352          0          3         94       41.5      29.75      21.24
4:15pm             95          0          3         94       41.4      29.75      21.24
4:20pm            100          0          3         94       41.4      29.75      21.24
4:24pm             68          1          3         94       41.3      29.74      21.24
4:30pm             79          0          3         94       41.2      29.74      21.24
4:35pm            113          2          5         94       41.1      29.74      21.24
4:40pm            108          0          5         94       41.1      29.73      21.24
4:45pm            341          0          5         94       40.9      29.73      21.24
4:50pm             89          0          5         94       40.8      29.73      21.24
4:55pm             96          0          5         94       40.7      29.74      21.24
5:00pm            350          0          5         94       40.6      29.74      21.24
5:05pm            277          0          0         94       40.5      29.74      21.24
5:10pm            140          0          1         94       40.4      29.74      21.24
5:15pm            155          0          1         94       40.3      29.74      21.24
5:20pm            154          0          1         94       40.2      29.74      21.24
5:25pm            100          0          3         94       40.1      29.74      21.24
5:30pm            118          1          3         94       40.0      29.75      21.24
5:35pm             87          0          1         94       39.9      29.75      21.24
5:40pm             87          0          1         94       39.8      29.75      21.24
5:45pm            337          0          1         94       39.7      29.75      21.24
5:50pm            339          0          1         94       39.6      29.75      21.24
5:55pm             79          0          2         94       39.5      29.75      21.24
6:00pm            115          0          2         94       39.5      29.75      21.24
6:05pm            132          0          1         95       39.5      29.75      21.24
6:10pm             67          0          1         95       39.5      29.75      21.24
6:15pm            153          0          1         95       39.4      29.75      21.24
6:20pm             94          1          1         95       39.4      29.75      21.24
6:25pm            107          1          2         95       39.4      29.75      21.24
6:30pm             94          0          2         95       39.5      29.75      21.24
6:35pm             92          3          4         95       39.6      29.75      21.24
6:40pm            115          5          6         95       39.7      29.75      21.24
6:45pm             80          1          6         93       39.7      29.75      21.24
6:50pm            102          2          6         93       39.6      29.75      21.24
6:55pm             88          2          7         93       39.4      29.75      21.24
7:00pm            110          0          7         92       39.2      29.75      21.24
7:05pm            102          4          6         92       39.0      29.75      21.24
7:10pm             97          4          6         93       38.9      29.76      21.24
7:15pm             89          3          7         93       38.9      29.76      21.24
7:20pm            117          0          7         93       38.7      29.75      21.24
7:25pm            135          0          7         92       38.3      29.75      21.24
7:30pm            120          2          7         93       38.2      29.75      21.24
7:35pm             79          0          3         93       38.1      29.75      21.24
7:40pm            154          0          5         93       37.9      29.75      21.24
7:45pm            116          1          5         93       37.9      29.75      21.24
7:50pm            214          0          5         93       37.8      29.75      21.24
7:55pm             91          0          5         93       37.7      29.75      21.24
8:00pm            124          0          5         94       37.7      29.75      21.24
8:05pm             91          0          2         93       37.5      29.75      21.24
8:10pm             71          2          4         94       37.5      29.74      21.24
8:15pm             42          0          4         94       37.5      29.74      21.24
8:20pm             99          0          4         94       37.4      29.74      21.24
8:25pm            255          0          4         94       37.3      29.74      21.24
8:30pm            110          0          4         94       37.3      29.74      21.24
8:35pm             98          1          1         95       37.3      29.74      21.24
8:40pm            115          2          2         94       37.3      29.74      21.24
8:45pm             97          1          3         94       37.3      29.74      21.24
8:50pm             77          2          3         94       37.2      29.74      21.24
8:55pm            100          2          5         94       37.1      29.74      21.24
9:00pm             93          0          5         94       36.7      29.74      21.24
9:05pm             33          0          3         94       36.5      29.73      21.24
9:10pm             73          0          6         94       36.2      29.73      21.24
9:15pm            119          5         10         95       36.1      29.73      21.24
9:20pm             98          2         10         94       36.0      29.74      21.24
9:25pm             91          0         10         94       35.9      29.74      21.24
9:30pm            107          0         10         95       35.7      29.74      21.24
9:35pm            101          1          5         95       35.5      29.73      21.24
9:40pm            105          0          5         95       35.4      29.74      21.24
9:45pm            105          0          5         95       35.3      29.74      21.24
9:50pm            147          0          5         95       35.3      29.74      21.24
9:55pm             88          0          5         95       35.4      29.75      21.24
10:00pm            38          0          5         95       35.3      29.75      21.24
10:05pm            89          1          1         95       35.2      29.75      21.24
10:10pm            52          0          3         95       35.2      29.75      21.24
10:15pm           229          0          3         95       35.1      29.76      21.24
10:20pm           263          0          3         95       35.1      29.76      21.24
10:25pm           284          1          3         95       34.9      29.76      21.24
10:29pm           284          0          3         95       34.8      29.76      21.24
10:35pm           282          0          1         95       34.7      29.76      21.24
10:40pm            74          0          3         95       34.6      29.76      21.24
10:45pm            98          0          3         95       34.5      29.76      21.24
10:50pm           115          0          3         95       34.5      29.76      21.24
10:55pm           103          1          3         96       34.6      29.76      21.24
11:00pm           131          1          3         96       34.6      29.76      21.24
11:05pm            88          0          2         96       34.7      29.76      21.24
11:10pm           100          1          3         96       34.8      29.76      21.24
11:15pm           108          4          5         96       35.1      29.75      21.24
11:20pm           113          0          5         96       35.3      29.75      21.24
11:25pm            75          1          6         96       35.3      29.75      21.24
11:30pm           144          0          6         96       35.1      29.75      21.24
11:35pm            96          0          1         96       35.0      29.75      21.24
11:40pm           124          0          1         96       35.0      29.76      21.24
11:45pm           107          0          2         96       34.9      29.76      21.24
11:50pm           115          0          2         96       34.9      29.76      21.24
11:55pm            69          1          2         96       34.9      29.76      21.24
