11/2/20
Time         Wind Dir   Wind Spd  Wind Gust   Humidity       Temp  Raw Barom   Tot Rain
                    °        mph        mph          %         °F         in         in
12:00am           264          3         10         88       38.4      29.50      21.24
12:05am           255          1          8         87       38.3      29.50      21.24
12:10am           262          3          9         83       38.3      29.50      21.24
12:15am           267          3          9         83       38.3      29.50      21.24
12:20am           281          2          9         83       38.1      29.49      21.24
12:25am           240          1          9         82       37.9      29.49      21.24
12:30am           255          1          9         82       37.8      29.48      21.24
12:35am           236          1          4         83       37.5      29.48      21.24
12:40am           295          4          5         83       37.4      29.48      21.24
12:45am           198          0          5         83       37.2      29.48      21.24
12:50am           268          1          5         84       36.9      29.48      21.24
12:55am           284          4          5         84       36.8      29.47      21.24
1:00am            167          0          7         83       36.8      29.47      21.24
1:05am            274          1          3         85       36.5      29.47      21.24
1:10am            354          0          3         84       36.4      29.48      21.24
1:15am            278          1          4         85       36.3      29.48      21.24
1:20am            274          0          4         84       36.2      29.47      21.24
1:25am            201          0          5         84       36.0      29.47      21.24
1:30am            278          2          6         84       36.0      29.47      21.24
1:35am            292          2          5         84       35.8      29.47      21.24
1:40am            297          3          5         84       35.7      29.47      21.24
1:45am            252          0          6         83       35.6      29.48      21.24
1:49am            240          0          6         84       35.5      29.48      21.24
1:55am            265          1          6         84       35.1      29.48      21.24
2:00am            266          0          6         86       34.6      29.47      21.24
2:05am            254          0          0         86       34.1      29.47      21.24
2:10am            261          0          1         86       33.9      29.47      21.24
2:15am            243          0          2         85       34.0      29.47      21.24
2:20am            300          1          2         85       33.9      29.46      21.24
2:25am            266          0          3         84       34.0      29.46      21.24
2:30am            269          0          4         84       33.9      29.46      21.24
2:35am            247          0          3         84       33.9      29.46      21.24
2:40am            274          2          3         84       33.6      29.46      21.24
2:45am            250          0          7         82       33.9      29.45      21.24
2:50am            309          0          7         81       33.9      29.45      21.24
2:55am            283          1          8         80       34.1      29.45      21.24
3:00am            285          4         10         79       34.2      29.45      21.24
3:05am            272          0          8         79       34.3      29.45      21.24
3:10am            267          3         17         78       34.4      29.44      21.24
3:15am            231          3         17         77       34.4      29.43      21.24
3:20am            267          4         17         77       34.4      29.44      21.24
3:25am            338          3         17         78       34.2      29.43      21.24
3:30am            265          2         17         79       34.0      29.43      21.24
3:35am            261          4          9         78       33.9      29.43      21.24
3:40am            275          3          9         79       33.8      29.43      21.24
3:45am            255          1          9         79       33.6      29.43      21.24
3:50am            245          0          9         79       33.6      29.43      21.24
3:55am            259          2          9         80       33.5      29.43      21.24
3:59am            248          2          9         80       33.3      29.42      21.24
4:05am            274          1          7         81       33.1      29.42      21.24
4:10am            269          1          7         82       32.9      29.42      21.24
4:15am            253          2          7         83       32.9      29.42      21.24
4:20am            281          2          7         83       33.0      29.42      21.24
4:25am            243          1          7         83       33.2      29.42      21.24
4:30am            278          1          7         83       33.3      29.42      21.24
4:35am            281          1          4         84       33.4      29.42      21.24
4:40am            296          6          6         84       33.5      29.41      21.24
4:45am            263          4          9         84       33.5      29.41      21.24
4:50am            273          2          9         84       33.5      29.41      21.24
4:55am            276          1          9         84       33.6      29.41      21.24
4:59am            245          2          9         84       33.7      29.41      21.24
5:05am            288          6          9         84       33.7      29.41      21.24
5:10am            292          7         10         84       33.8      29.41      21.24
5:15am            275          2         10         84       33.8      29.41      21.24
5:20am            278          8         10         84       33.7      29.41      21.24
5:25am            283          6         13         84       33.7      29.41      21.24
5:30am            273          0         13         85       33.6      29.41      21.24
5:35am            276          4         13         85       33.5      29.41      21.24
5:40am            276          4         13         85       33.4      29.41      21.24
5:45am            293          6         13         85       33.3      29.41      21.24
5:50am            277          4         13         85       33.1      29.41      21.24
5:55am            255          3         13         86       32.8      29.41      21.24
6:00am            274          5         13         87       32.5      29.41      21.24
6:05am            278          3          7         87       32.3      29.40      21.24
6:10am            284          2          7         87       32.0      29.40      21.24
6:15am            297          2          7         88       31.8      29.40      21.24
6:20am            280          3          7         88       31.6      29.40      21.24
6:25am            271          7          9         88       31.5      29.40      21.24
6:30am            264          9          9         88       31.5      29.41      21.24
6:35am            262          1         13         87       31.5      29.41      21.24
6:40am            278          5         13         88       31.4      29.41      21.24
6:45am            223          2         13         88       31.4      29.41      21.24
6:50am            326          2         13         88       31.4      29.41      21.24
6:55am            273          7         13         87       31.5      29.41      21.24
6:59am            283          8         13         86       31.7      29.41      21.24
7:05am            293          5         10         86       31.8      29.41      21.24
7:10am            277          5         12         85       32.0      29.41      21.24
7:15am            270          5         12         86       32.2      29.41      21.24
7:20am            295          5         12         86       32.4      29.41      21.24
7:25am            279          3         12         85       32.4      29.41      21.24
7:30am            271          4         12         85       32.5      29.42      21.24
7:35am            288          5          9         85       32.7      29.41      21.24
7:40am            290          3          9         85       32.9      29.42      21.24
7:45am            244         11         15         83       33.1      29.42      21.24
7:50am            294         11         18         85       32.9      29.41      21.24
7:55am            262          5         18         86       32.9      29.42      21.24
8:00am            245          4         18         86       32.7      29.42      21.24
8:05am            282          3         11         87       32.6      29.41      21.24
8:10am            268          3         11         89       32.3      29.42      21.24
8:15am            265          3         11         90       32.2      29.42      21.24
8:20am            278          6         17         90       32.1      29.42      21.24
8:25am            304         10         17         91       32.0      29.42      21.24
8:30am            281          3         17         91       32.0      29.43      21.24
8:35am            276          5         11         91       32.3      29.43      21.24
8:40am            283          8         14         89       32.5      29.43      21.24
8:45am            270          8         14         87       32.7      29.43      21.24
8:50am            259          7         14         85       32.8      29.43      21.24
8:55am             60          9         14         86       32.8      29.44      21.24
8:59am            136          0         14         86       32.6      29.45      21.24
9:05am            240          2         11         86       32.6      29.45      21.24
9:10am            274          3         18         84       32.3      29.45      21.24
9:15am            268          6         18         83       32.1      29.46      21.24
9:20am            282          9         18         83       31.6      29.46      21.24
9:25am            266          3         18         82       31.5      29.46      21.24
9:30am            253          3         18         81       31.6      29.46      21.24
9:35am            279          3         14         81       31.4      29.47      21.24
9:40am            261          9         16         79       31.4      29.46      21.24
9:45am            287          6         16         79       31.7      29.47      21.24
9:50am             51          1         16         78       32.0      29.47      21.24
9:55am            346          6         16         73       32.5      29.47      21.24
9:59am            306          4         16         70       32.4      29.48      21.24
10:05am           254          2         17         69       32.2      29.48      21.24
10:10am           258          1         17         71       32.3      29.48      21.24
10:15am           245         15         17         71       32.1      29.48      21.24
10:20am           280          2         19         73       31.6      29.48      21.24
10:25am           262          3         19         75       31.4      29.49      21.24
10:30am           278          5         19         76       30.8      29.49      21.24
10:35am           231          1         11         78       30.6      29.49      21.24
10:40am           286          7         13         76       31.0      29.49      21.24
10:45am           164          2         20         72       31.2      29.49      21.24
10:50am            87          0         20         71       31.3      29.50      21.24
10:55am           262          2         20         74       31.4      29.50      21.24
10:59am           267          4         20         69       32.1      29.50      21.24
11:05am           251          5         15         66       32.1      29.50      21.24
11:10am           104          0         22         66       32.1      29.51      21.24
11:15am           265          2         22         65       32.1      29.51      21.24
11:20am           295          1         22         65       32.0      29.51      21.24
11:25am           257          5         22         63       31.7      29.50      21.24
11:29am           319          7         22         66       31.9      29.51      21.24
11:35am           271          3         11         66       32.0      29.50      21.24
11:40am           273          5         11         65       31.9      29.50      21.24
11:45am           236          4         15         65       31.4      29.50      21.24
11:50am           137          4         15         66       31.6      29.51      21.24
11:55am           274         11         20         65       31.3      29.50      21.24
11:59am           278          2         20         67       31.1      29.50      21.24
12:05pm           281          7         24         69       30.7      29.51      21.24
12:10pm           262          7         24         72       30.5      29.52      21.24
12:15pm           275          8         24         75       29.8      29.52      21.24
12:20pm           266          4         24         75       29.8      29.53      21.24
12:25pm           253          3         24         74       29.7      29.52      21.24
12:29pm           277          3         24         73       30.0      29.52      21.24
12:35pm           359          1         12         71       30.2      29.53      21.24
12:40pm           308          2         12         70       30.5      29.53      21.24
12:44pm           274          2         12         70       30.7      29.53      21.24
12:50pm           295          3         12         67       30.6      29.53      21.24
12:55pm           238          5         12         68       30.5      29.53      21.24
1:00pm            243          1         13         69       30.6      29.53      21.24
1:04pm            285          7         16         68       30.7      29.53      21.24
1:09pm            159          3         20         66       30.4      29.53      21.24
1:15pm            271         11         20         66       30.3      29.54      21.24
1:19pm             90          2         20         67       30.4      29.54      21.24
1:25pm            277          4         20         69       30.6      29.54      21.24
1:30pm            268          2         20         70       30.8      29.54      21.24
1:34pm            229          5          8         70       30.9      29.54      21.24
1:39pm            304          8         14         70       30.8      29.54      21.24
1:45pm            264          6         14         74       30.5      29.54      21.24
1:49pm            269          7         15         76       30.2      29.55      21.24
1:55pm            185          3         17         77       30.3      29.54      21.24
2:00pm            285         11         17         76       30.4      29.54      21.24
2:05pm            214          6         20         76       30.2      29.54      21.24
2:10pm            277          2         20         77       30.0      29.55      21.24
2:15pm            291          3         20         77       29.8      29.55      21.24
2:19pm            238          6         20         76       29.8      29.55      21.24
2:24pm            266          8         20         77       29.9      29.56      21.24
2:29pm            252          4         20         73       30.0      29.56      21.24
2:34pm            306          5         12         73       30.3      29.57      21.24
2:39pm            300          0         14         71       30.5      29.57      21.24
2:44pm            275          3         15         70       30.5      29.57      21.24
2:49pm            287          8         15         70       30.5      29.58      21.24
2:54pm            295          9         16         67       30.6      29.58      21.24
3:00pm            288          3         16         68       30.6      29.58      21.24
3:04pm            277          3         15         67       30.6      29.58      21.24
3:09pm            248          2         15         65       30.5      29.58      21.24
3:15pm            173          4         16         64       30.4      29.58      21.24
3:19pm            262          7         18         63       30.2      29.58      21.24
3:24pm            266          6         18         63       30.2      29.58      21.24
3:29pm            271          0         18         62       30.3      29.59      21.24
3:34pm            240          5         15         61       30.4      29.59      21.24
3:39pm            278          3         18         60       30.4      29.59      21.24
3:45pm            278          4         18         60       30.6      29.59      21.24
3:50pm            277          9         18         59       30.8      29.60      21.24
3:54pm            257          9         18         60       30.7      29.60      21.24
4:00pm            285          1         18         60       30.6      29.60      21.24
4:04pm             79          0         14         58       30.5      29.60      21.24
4:10pm            311          8         15         57       30.3      29.60      21.24
4:14pm            286          9         15         57       30.1      29.61      21.24
4:19pm            280          5         15         57       29.8      29.61      21.24
4:24pm            285         10         18         58       29.7      29.61      21.24
4:29pm            260          6         19         58       29.6      29.62      21.24
4:34pm            281         11         19         57       29.4      29.61      21.24
4:39pm            328          9         19         58       29.3      29.62      21.24
4:44pm            213          1         20         57       29.3      29.62      21.24
4:49pm            270          5         20         57       29.2      29.62      21.24
4:55pm            283          8         20         57       29.1      29.62      21.24
4:59pm            259          0         20         58       29.0      29.63      21.24
5:04pm            269          2          7         59       28.8      29.63      21.24
5:09pm            288          0          7         60       28.7      29.63      21.24
5:15pm            283          2         17         59       28.6      29.63      21.24
5:19pm            257          2         17         61       28.6      29.63      21.24
5:24pm            276          6         17         60       28.6      29.63      21.24
5:29pm            293          1         17         60       28.5      29.63      21.24
5:34pm            284          5         12         61       28.4      29.64      21.24
5:39pm            236          1         12         61       28.4      29.64      21.24
5:44pm            240          4         13         60       28.5      29.64      21.24
5:49pm            248          3         13         60       28.4      29.64      21.24
5:54pm            281          2         15         61       28.6      29.65      21.24
6:00pm            276          5         15         61       28.4      29.65      21.24
6:04pm            255          3          9         61       28.4      29.65      21.24
6:09pm            274          2          9         61       28.4      29.66      21.24
6:14pm            264          6          9         61       28.3      29.66      21.24
6:19pm            283          3          9         62       28.2      29.66      21.24
6:24pm            269          0          9         62       28.1      29.66      21.24
6:29pm            264          0          9         64       27.9      29.66      21.24
6:34pm            274          0          1         64       27.7      29.66      21.24
6:39pm            274          1          1         64       27.5      29.67      21.24
6:44pm            273          1          3         63       27.8      29.67      21.24
6:49pm            300          8          8         63       27.8      29.67      21.24
6:54pm            282          1          8         63       28.1      29.67      21.24
7:00pm            262          3          8         64       28.1      29.66      21.24
7:04pm            241          0          5         63       28.2      29.66      21.24
7:09pm            262          2         12         63       28.4      29.66      21.24
7:14pm            272          2         12         62       28.5      29.65      21.24
7:19pm            306          0         12         62       28.6      29.65      21.24
7:24pm            256          3         12         62       28.7      29.65      21.24
7:29pm            266         12         17         61       28.9      29.65      21.24
7:34pm            274          5         12         62       29.0      29.65      21.24
7:39pm            257          3         17         62       29.1      29.65      21.24
7:44pm            280          7         17         62       29.1      29.65      21.24
7:49pm            266          1         17         62       29.2      29.66      21.24
7:54pm            283          1         17         63       29.2      29.66      21.24
8:00pm            271         11         17         63       29.1      29.66      21.24
8:04pm            269          4         14         63       29.2      29.66      21.24
8:09pm            274          0         14         64       29.2      29.66      21.24
8:14pm            254          3         14         65       29.2      29.66      21.24
8:20pm            293          2         14         64       29.2      29.66      21.24
8:24pm            281          4         14         65       29.2      29.66      21.24
8:30pm            250          7         14         65       29.2      29.66      21.24
8:34pm            283          6         13         66       29.2      29.66      21.24
8:39pm            182          1         13         67       29.2      29.66      21.24
8:44pm            279          4         13         67       29.3      29.66      21.24
8:49pm            282          1         13         69       29.3      29.65      21.24
8:54pm            245          1         13         69       29.2      29.65      21.24
9:00pm            248          3         13         70       29.1      29.65      21.24
9:04pm            290          5          7         72       29.0      29.64      21.24
9:09pm            293          5         10         72       29.0      29.64      21.24
9:14pm            252          8         12         74       29.0      29.65      21.24
9:19pm            278          5         12         75       29.0      29.64      21.24
9:24pm            276          4         12         76       29.0      29.65      21.24
9:29pm            271          1         12         76       29.0      29.65      21.24
9:34pm            264          1          5         76       28.9      29.65      21.24
9:39pm            263          2          5         76       28.8      29.64      21.24
9:44pm            278          2          5         76       28.7      29.64      21.24
9:49pm            264          2          6         76       28.7      29.64      21.24
9:54pm            276          6          6         77       28.8      29.63      21.24
10:00pm           290          4          6         78       28.8      29.62      21.24
10:04pm           262          2          7         79       28.9      29.62      21.24
10:10pm           275          4          7         80       29.0      29.62      21.24
10:15pm           288          5          7         80       29.1      29.61      21.24
10:19pm           279          2          8         81       29.2      29.61      21.24
10:25pm           286          7          9         81       29.3      29.61      21.24
10:30pm           278          3          9         81       29.6      29.60      21.24
10:35pm           275          3         10         81       29.8      29.60      21.24
10:39pm           262          4         10         81       30.1      29.60      21.24
10:44pm           244          5         10         80       30.3      29.60      21.24
10:49pm           274          6         10         80       30.4      29.59      21.24
10:54pm           282          5         11         80       30.5      29.59      21.24
11:00pm           282          2         11         80       30.6      29.59      21.24
11:05pm           291          4          7         80       30.6      29.58      21.24
11:09pm           268          2          8         79       30.8      29.58      21.24
11:14pm           269          2          8         79       30.9      29.58      21.24
11:19pm           257          8         10         79       31.1      29.58      21.24
11:24pm           288          3         10         78       31.3      29.57      21.24
11:30pm           285          8         12         79       31.5      29.57      21.24
11:34pm           255          5         12         79       31.7      29.56      21.24
11:40pm           271          2         12         78       31.8      29.56      21.24
11:45pm           252          2         12         79       31.9      29.55      21.24
11:50pm           282          3         12         78       32.0      29.55      21.24
11:55pm           268          6         12         78       32.1      29.55      21.24
