12/3/20
Time         Wind Dir   Wind Spd  Wind Gust   Humidity       Temp  Raw Barom   Tot Rain
                    °        mph        mph          %         °F         in         in
12:00am           223          0         13         76       29.5      29.91      21.24
12:05am           238          5         13         77       29.4      29.91      21.24
12:10am           263          4         13         77       29.5      29.92      21.24
12:15am           288          1         13         77       29.4      29.92      21.24
12:19am           277          4         13         77       29.4      29.92      21.24
12:25am           240          0         13         77       29.3      29.92      21.24
12:29am           275          4         13         77       29.3      29.92      21.24
12:35am           288          3         12         78       29.3      29.93      21.24
12:40am           264          1         12         77       29.2      29.93      21.24
12:45am           269          1         12         77       29.2      29.93      21.24
12:49am           252          0         12         76       29.2      29.94      21.24
12:55am           285          6         12         76       29.1      29.93      21.24
1:00am            265          2         12         75       29.2      29.93      21.24
1:05am            279          0          7         75       29.0      29.94      21.24
1:09am            248          1          7         75       28.9      29.94      21.24
1:15am            281          1          7         75       28.7      29.94      21.24
1:20am            283          2          7         74       28.6      29.94      21.24
1:25am            274          2          7         73       28.6      29.94      21.24
1:30am            270          4          7         71       28.6      29.94      21.24
1:35am            276          2          7         69       28.8      29.94      21.24
1:40am            259          0          7         69       28.8      29.95      21.24
1:45am            266          4          8         67       28.7      29.95      21.24
1:50am            283          4          8         67       28.8      29.95      21.24
1:55am            268          2          8         64       29.0      29.96      21.24
2:00am            253          5          8         65       28.9      29.96      21.24
2:05am            278          3          7         64       29.0      29.96      21.24
2:10am            264          5          8         63       29.2      29.96      21.24
2:15am            289          5         11         62       29.2      29.96      21.24
2:20am            260          2         11         63       29.0      29.97      21.24
2:25am            261          6         11         64       28.8      29.97      21.24
2:30am            273          3         12         64       28.7      29.97      21.24
2:35am            288          4          6         66       28.5      29.97      21.24
2:40am            281          1          6         67       28.4      29.97      21.24
2:45am            271          2          6         69       28.2      29.97      21.24
2:50am            269          1          6         69       28.1      29.97      21.24
2:55am            288          2          6         70       28.0      29.97      21.24
3:00am            274          2          6         70       27.8      29.97      21.24
3:05am            245          1          4         70       27.8      29.97      21.24
3:10am            284          1          4         69       27.8      29.97      21.24
3:15am            276          2          6         68       28.0      29.97      21.24
3:20am            255          1          6         68       28.1      29.97      21.24
3:25am            257          1          9         66       28.3      29.98      21.24
3:30am            287          2          9         66       28.4      29.98      21.24
3:35am            268          3          6         66       28.5      29.98      21.24
3:40am            290          4          6         66       28.5      29.98      21.24
3:45am            274          3          6         65       28.5      29.98      21.24
3:50am            273          5          7         66       28.7      29.98      21.24
3:55am            274          5          8         65       28.8      29.98      21.24
4:00am            287          6          8         65       28.9      29.98      21.24
4:05am            270          4          7         66       28.9      29.98      21.24
4:10am            275          3          7         66       28.9      29.98      21.24
4:15am            276          2          7         67       28.7      29.98      21.24
4:20am            266          1          7         69       28.3      29.99      21.24
4:25am            278          1          7         69       28.1      29.99      21.24
4:30am            264          0          7         71       27.9      29.99      21.24
4:35am            281          1          1         70       27.6      29.99      21.24
4:40am            282          1          2         71       27.6      29.98      21.24
4:45am            276          4          8         69       27.8      29.98      21.24
4:50am            270          1          8         70       27.8      29.98      21.24
4:55am            227          2          8         71       27.7      29.98      21.24
5:00am            255          2          8         71       27.6      29.98      21.24
5:05am            264          1          4         72       27.4      29.99      21.24
5:10am            245          1          4         74       27.2      29.99      21.24
5:15am            254          0          4         74       27.0      29.99      21.24
5:20am            249          0          4         75       26.8      29.99      21.24
5:25am            249          0          4         75       26.6      29.99      21.24
5:30am             50          0          4         75       26.3      29.99      21.24
5:35am            335          0          0         76       26.3      30.00      21.24
5:40am            334          0          0         77       26.2      30.00      21.24
5:45am            282          0          1         77       26.0      30.00      21.24
5:50am            277          0          1         78       25.8      30.00      21.24
5:54am            277          0          1         78       25.6      30.01      21.24
6:00am            279          0          1         80       25.7      30.00      21.24
6:05am            276          0          1         80       25.9      30.00      21.24
6:10am            272          1          1         80       25.9      30.00      21.24
6:15am            276          0          1         81       25.8      30.00      21.24
6:20am            280          0          1         82       25.6      30.00      21.24
6:25am            274          2          2         83       25.4      30.00      21.24
6:30am            271          1          2         83       25.3      30.01      21.24
6:35am            277          0          2         84       25.3      30.01      21.24
6:40am            278          1          2         84       25.4      30.01      21.24
6:45am            282          0          2         84       25.4      30.02      21.24
6:50am            278          0          2         84       25.4      30.02      21.24
6:55am            273          0          2         84       25.4      30.02      21.24
7:00am            276          1          2         85       25.4      30.02      21.24
7:05am            283          0          1         85       25.4      30.02      21.24
7:10am            297          0          2         86       25.4      30.02      21.24
7:15am            277          0          2         86       25.5      30.02      21.24
7:20am            276          0          2         86       25.4      30.02      21.24
7:25am            276          0          2         87       25.3      30.02      21.24
7:30am            276          0          2         87       25.1      30.02      21.24
7:35am            278          0          1         87       25.0      30.02      21.24
7:40am            278          0          1         88       24.9      30.02      21.24
7:45am            278          0          1         89       24.9      30.03      21.24
7:50am            278          0          1         89       24.9      30.03      21.24
7:55am            271          0          1         89       25.0      30.03      21.24
8:00am            275          0          1         89       25.1      30.03      21.24
8:05am            274          0          1         89       25.4      30.03      21.24
8:10am            267          0          1         89       25.9      30.03      21.24
8:15am            266          0          1         88       26.7      30.03      21.24
8:20am            278          1          2         87       27.3      30.03      21.24
8:25am            266          2          2         86       27.5      30.03      21.24
8:30am            268          1          3         85       27.5      30.03      21.24
8:35am            277          1          2         85       28.0      30.03      21.24
8:40am            261          0          2         84       28.8      30.03      21.24
8:45am            274          0          2         84       29.3      30.03      21.24
8:50am            278          2          3         83       30.0      30.03      21.24
8:55am            266          1          3         82       30.5      30.03      21.24
9:00am            271          2          3         81       31.0      30.03      21.24
9:05am            278          2          4         80       31.4      30.03      21.24
9:10am            291          3          4         79       31.7      30.04      21.24
9:15am            288          3          4         78       32.1      30.04      21.24
9:20am            278          1          4         77       32.5      30.04      21.24
9:25am            293          2          4         76       32.9      30.04      21.24
9:30am            285          2          4         75       33.5      30.04      21.24
9:35am            255          1          3         74       34.1      30.04      21.24
9:40am            266          1          3         73       34.9      30.04      21.24
9:45am            241          0          3         74       35.5      30.04      21.24
9:50am            277          2          5         71       36.1      30.04      21.24
9:55am            283          5          7         70       36.3      30.04      21.24
10:00am           273          2         11         69       36.5      30.04      21.24
10:05am           274          3          7         68       36.8      30.04      21.24
10:10am           274          1          7         70       37.1      30.04      21.24
10:15am           259          4          8         67       37.4      30.04      21.24
10:20am           278          5          8         68       37.7      30.03      21.24
10:25am           252          2          8         67       38.0      30.03      21.24
10:30am           289          5         11         66       38.3      30.03      21.24
10:35am           290          1          7         65       38.4      30.03      21.24
10:40am           279          3          9         65       38.5      30.03      21.24
10:45am           290         10         11         66       38.7      30.03      21.24
10:50am           290          8         11         66       38.8      30.03      21.24
10:55am           279          2         11         65       39.1      30.02      21.24
11:00am           300          3         11         64       39.4      30.02      21.24
11:05am           290          7          9         64       39.6      30.01      21.24
11:10am           271          3         11         64       39.3      30.01      21.24
11:15am           269          3         11         63       39.5      30.01      21.24
11:20am           242          3         11         63       39.6      30.01      21.24
11:25am           290          2         11         63       39.9      30.01      21.24
11:30am           278          2         11         63       40.2      30.01      21.24
11:35am           284          4          6         62       40.8      30.01      21.24
11:40am           264          4         11         62       40.7      30.01      21.24
11:45am           270          4         11         62       41.2      30.01      21.24
11:50am           340          6         12         60       41.4      30.01      21.24
11:55am           276          5         12         59       41.7      30.01      21.24
12:00pm           301          6         12         59       41.8      30.01      21.24
12:05pm           279          0          8         59       41.8      30.01      21.24
12:10pm           260          3          8         58       42.4      30.01      21.24
12:15pm           264          2          8         60       42.7      30.01      21.24
12:20pm           311          7         10         57       42.9      30.00      21.24
12:25pm           274          3         10         57       42.8      30.00      21.24
12:30pm           297          3         11         58       43.0      30.00      21.24
12:35pm           246          2          6         57       43.5      30.00      21.24
12:40pm           262          1          6         55       44.3      30.00      21.24
12:45pm           281          2          6         54       44.3      30.00      21.24
12:50pm           283          4          8         54       44.4      29.99      21.24
12:55pm           240          3          8         55       44.4      29.99      21.24
1:00pm            264          4          8         54       44.8      29.99      21.24
1:05pm            266          3          4         55       45.1      29.99      21.24
1:10pm            283          2          8         53       45.3      29.99      21.24
1:15pm            277          5          8         53       45.3      29.99      21.24
1:20pm            306          4          8         52       45.6      29.99      21.24
1:25pm            257          3          8         52       45.4      29.99      21.24
1:30pm            273          2          8         52       45.1      29.99      21.24
1:35pm            258          2          8         53       44.9      29.98      21.24
1:40pm            289          6         12         52       45.1      29.99      21.24
1:45pm            291          3         12         53       44.8      29.99      21.24
1:50pm            251          0         12         54       45.0      29.98      21.24
1:55pm            283          2         12         53       44.9      29.98      21.24
2:00pm            255          3         12         53       44.8      29.98      21.24
2:05pm            265          5          9         53       44.8      29.98      21.24
2:10pm            214          3         10         53       44.8      29.98      21.24
2:15pm            287          5         10         53       44.8      29.98      21.24
2:20pm            277          5         10         54       44.7      29.98      21.24
2:25pm            276          8         10         54       44.4      29.98      21.24
2:30pm            309          4         10         54       44.5      29.98      21.24
2:35pm            297          5          5         54       44.6      29.98      21.24
2:40pm            282          4          6         54       44.5      29.98      21.24
2:45pm            278          3          6         55       44.4      29.99      21.24
2:50pm            301          3          7         54       44.4      29.99      21.24
2:55pm            276          2          8         53       44.4      29.99      21.24
3:00pm            293          3          8         55       44.3      29.98      21.24
3:05pm            276          1          4         54       44.4      29.98      21.24
3:10pm            266          2          8         54       44.3      29.99      21.24
3:15pm            259          1          8         54       44.4      29.99      21.24
3:20pm            286          2          8         54       44.5      29.99      21.24
3:25pm            295          6          8         55       44.0      29.98      21.24
3:30pm            264          3          8         55       43.6      29.98      21.24
3:35pm            281          4          6         57       43.2      29.98      21.24
3:40pm            276          4          6         56       43.1      29.98      21.24
3:45pm            281          5          6         57       42.9      29.98      21.24
3:50pm            252          4          9         56       42.8      29.98      21.24
3:55pm            285          4          9         58       42.5      29.98      21.24
3:59pm            295          3          9         58       42.2      29.98      21.24
4:05pm            285          4          7         57       42.2      29.98      21.24
4:10pm            271          4         10         57       42.4      29.98      21.24
4:15pm            263          2         10         56       42.2      29.98      21.24
4:20pm            274          6         10         58       41.9      29.98      21.24
4:25pm            290          3         10         58       41.7      29.99      21.24
4:30pm            277          2         10         58       41.5      29.99      21.24
4:35pm            271          2          5         58       41.3      29.99      21.24
4:40pm            307          1          5         58       41.1      29.99      21.24
4:45pm            274          4          5         59       40.9      29.98      21.24
4:50pm            275          2          5         59       41.0      29.98      21.24
4:55pm            310          1          5         59       40.8      29.98      21.24
5:00pm            284          1          5         60       40.5      29.98      21.24
5:05pm            295          3          3         62       39.9      29.98      21.24
5:10pm            277          2          5         63       39.5      29.99      21.24
5:15pm            279          4          6         63       39.4      29.99      21.24
5:20pm            293          4          6         62       39.4      29.99      21.24
5:25pm            279          3          6         62       39.3      29.99      21.24
5:30pm            294          3          6         62       39.4      29.99      21.24
5:35pm            284          2          6         61       39.5      29.99      21.24
5:40pm            271          2          6         62       39.2      30.00      21.24
5:45pm            269          3          7         61       39.3      29.99      21.24
5:50pm            279          1          7         60       39.5      29.99      21.24
5:55pm            286          1          7         60       39.5      29.99      21.24
6:00pm            274          3          7         62       39.1      30.00      21.24
6:05pm            282          1          4         62       39.0      30.00      21.24
6:10pm            290          1          5         62       38.9      30.00      21.24
6:15pm            283          3          5         63       38.6      30.00      21.24
6:20pm            286          3          5         63       38.3      30.00      21.24
6:25pm            267          2          5         63       38.0      30.00      21.24
6:30pm            289          2          5         62       38.2      30.00      21.24
6:35pm            285          1          4         62       38.2      29.99      21.24
6:40pm            272          2          4         65       37.7      30.00      21.24
6:45pm            280          2          4         63       37.7      30.00      21.24
6:50pm            269          2          7         61       38.1      30.00      21.24
6:55pm            275          5          7         60       38.5      30.00      21.24
7:00pm            276          3          7         59       38.7      30.00      21.24
7:05pm            300          3          6         58       38.7      30.00      21.24
7:10pm            280          2          6         59       38.6      29.99      21.24
7:15pm            274          2          6         59       38.5      29.99      21.24
7:20pm            283          2          6         58       38.7      30.00      21.24
7:25pm            279          1          8         58       38.8      30.00      21.24
7:30pm            284          4          8         58       38.8      30.00      21.24
7:35pm            283          3          5         58       38.8      30.00      21.24
7:40pm            296          2          5         58       38.7      30.00      21.24
7:45pm            275          3          6         59       38.7      30.00      21.24
7:50pm            267          3          6         58       38.7      30.00      21.24
7:55pm            274          3          7         58       38.8      30.00      21.24
8:00pm            281          4          7         58       38.8      30.00      21.24
8:05pm            298          3          5         58       38.7      30.00      21.24
8:10pm            276          2          6         58       38.6      30.00      21.24
8:15pm            279          4          7         57       38.6      30.00      21.24
8:20pm            281          3          7         56       38.7      30.00      21.24
8:25pm            284          2          7         58       38.6      30.00      21.24
8:30pm            281          2          7         58       38.4      30.00      21.24
8:35pm            285          1          5         58       38.4      30.00      21.24
8:40pm            275          1          5         61       37.8      30.00      21.24
8:45pm            283          0          5         59       37.4      30.00      21.24
8:50pm            293          0          5         59       37.4      30.00      21.24
8:55pm            293          0          5         59       37.4      30.00      21.24
9:00pm            281          0          5         60       37.4      30.00      21.24
9:05pm            287          1          2         61       36.9      30.00      21.24
9:10pm            293          2          2         58       37.2      30.00      21.24
9:15pm            307          1          4         55       37.8      30.00      21.24
9:20pm            300          0          4         55       38.0      30.00      21.24
9:25pm            300          0          4         61       37.5      30.00      21.24
9:30pm            300          0          4         66       36.1      30.00      21.24
9:35pm            300          0          0         65       35.2      30.00      21.24
9:40pm            205          0          0         68       34.9      30.00      21.24
9:45pm            205          0          0         69       34.4      30.00      21.24
9:50pm            149          0          1         70       34.1      30.00      21.24
9:55pm            149          0          1         70       33.7      30.00      21.24
10:00pm           278          0          1         68       33.5      29.99      21.24
10:05pm           278          0          0         70       33.2      30.00      21.24
10:10pm           278          0          1         72       32.8      29.99      21.24
10:15pm           259          0          1         71       33.2      29.99      21.24
10:20pm           267          0          1         73       33.1      29.99      21.24
10:25pm           274          0          1         73       32.2      29.99      21.24
10:30pm           264          0          2         72       32.5      30.00      21.24
10:35pm           271          0          1         74       32.3      30.00      21.24
10:40pm           274          1          2         75       32.2      30.00      21.24
10:45pm           293          1          2         76       31.7      30.00      21.24
10:50pm           266          0          2         74       32.0      30.00      21.24
10:55pm           271          0          2         73       32.7      30.00      21.24
11:00pm           291          0          2         72       33.2      30.00      21.24
11:05pm           295          0          1         75       32.5      30.00      21.24
11:10pm           272          0          1         74       32.3      30.00      21.24
11:15pm           274          0          2         74       32.1      30.00      21.24
11:20pm           254          0          2         75       32.0      30.00      21.24
11:25pm           270          0          2         75       31.8      30.00      21.24
11:30pm           270          0          2         75       32.1      30.00      21.24
11:35pm           270          0          1         76       32.2      30.00      21.24
11:40pm           282          0          1         78       31.2      30.00      21.24
11:45pm           279          0          1         79       30.6      29.99      21.24
11:50pm           245          0          1         79       30.2      29.99      21.24
11:55pm           288          0          1         76       31.1      29.99      21.24
