1/27/21
Time         Wind Dir   Wind Spd  Wind Gust   Humidity       Temp  Raw Barom   Tot Rain
                    °        mph        mph          %         °F         in         in
12:00am            53          1          7         92       23.0      29.88       0.00
12:05am            77          2          7         92       23.0      29.87       0.00
12:10am            98          2          7         92       23.0      29.88       0.00
12:15am            87          3          7         92       23.0      29.87       0.00
12:20am            93          2          9         92       23.0      29.87       0.00
12:25am            89          5          9         92       23.0      29.87       0.00
12:30am            77          1          9         92       23.0      29.87       0.00
12:35am            89          5         11         92       23.0      29.87       0.00
12:40am            20          3         11         92       23.0      29.87       0.00
12:45am            87          2         11         92       23.0      29.87       0.00
12:50am            77          7         11         92       23.0      29.87       0.00
12:55am           115          5         11         92       23.0      29.87       0.00
1:00am             72          4         11         92       23.0      29.86       0.00
1:05am             39          4          8         92       22.9      29.86       0.00
1:10am            109          4          8         92       22.9      29.86       0.00
1:15am            107          3          8         92       22.9      29.86       0.00
1:20am             61          5          8         92       22.9      29.86       0.00
1:25am             75          4          9         92       22.9      29.86       0.00
1:30am             94          4          9         92       22.9      29.87       0.00
1:35am             75          4          7         92       22.9      29.87       0.00
1:40am             69          2          7         92       22.9      29.86       0.00
1:45am             71          2          7         92       22.9      29.87       0.00
1:50am             60          2          7         92       22.9      29.87       0.00
1:55am             94          1          7         92       22.9      29.87       0.00
2:00am             76          3          7         92       23.0      29.87       0.00
2:05am             74          5          6         92       23.0      29.87       0.00
2:10am             91          4          8         92       23.0      29.87       0.00
2:15am             76          1          8         92       23.0      29.87       0.00
2:20am            107          3          8         92       23.0      29.87       0.00
2:25am            115          4          8         92       23.0      29.87       0.00
2:30am            106          5         10         92       23.0      29.87       0.00
2:35am             69          2          5         92       23.0      29.87       0.00
2:40am             92          5          8         92       23.1      29.87       0.00
2:45am            105          1          8         92       23.0      29.87       0.00
2:50am             76          1          8         92       23.1      29.87       0.00
2:55am            117          2          8         92       23.0      29.88       0.00
3:00am             95          4          8         92       23.0      29.87       0.00
3:05am            113          1          5         92       23.1      29.87       0.00
3:10am            114          1          5         92       23.1      29.87       0.00
3:15am             99          2          5         92       23.1      29.87       0.00
3:20am             94          3          6         92       23.0      29.87       0.00
3:25am             94          1          6         92       23.1      29.87       0.00
3:30am            116          3          6         92       23.1      29.88       0.00
3:35am             88          1          3         92       23.1      29.87       0.00
3:40am             84          3          6         92       23.1      29.87       0.00
3:45am             86          0          6         92       23.1      29.88       0.00
3:50am            117          2          6         92       23.1      29.88       0.00
3:55am            103          1          6         92       23.2      29.88       0.00
4:00am             86          1          6         92       23.2      29.88       0.00
4:05am             70          2          5         92       23.2      29.88       0.00
4:10am             98          3          5         92       23.2      29.88       0.00
4:15am             96          1          5         92       23.2      29.88       0.00
4:20am             89          1          5         92       23.2      29.89       0.00
4:25am            115          1          5         92       23.2      29.89       0.00
4:30am            101          0          5         92       23.2      29.89       0.00
4:35am            111          0          2         92       23.2      29.89       0.00
4:40am             91          3          5         92       23.2      29.89       0.00
4:45am             96          2          5         92       23.2      29.89       0.00
4:50am             68          4          5         92       23.3      29.89       0.00
4:55am             70          0          5         92       23.2      29.89       0.00
5:00am             34          2          5         92       23.3      29.89       0.00
5:05am             98          1          3         92       23.3      29.89       0.00
5:10am             84          0          3         92       23.2      29.89       0.00
5:15am             96          2          3         92       23.3      29.89       0.00
5:20am             85          1          4         92       23.2      29.89       0.00
5:25am             96          1          4         92       23.2      29.89       0.00
5:30am             91          0          4         92       23.2      29.90       0.00
5:35am             79          0          2         92       23.2      29.90       0.00
5:40am             84          0          2         92       23.2      29.90       0.00
5:45am             99          0          2         92       23.2      29.90       0.00
5:50am            112          0          2         92       23.2      29.90       0.00
5:55am             77          0          2         92       23.2      29.90       0.00
6:00am             87          0          2         92       23.2      29.91       0.00
6:05am             87          0          0         92       23.2      29.91       0.00
6:10am             84          0          0         92       23.2      29.91       0.00
6:15am             96          0          0         92       23.2      29.91       0.00
6:20am            103          0          0         92       23.2      29.91       0.00
6:25am            103          0          0         92       23.2      29.91       0.00
6:30am            103          0          0         92       23.2      29.91       0.00
6:35am            103          0          0         93       23.3      29.92       0.00
6:40am            103          0          0         93       23.3      29.92       0.00
6:45am            103          0          0         93       23.3      29.92       0.00
6:50am            103          0          0         93       23.3      29.92       0.00
6:55am            103          0          0         93       23.3      29.92       0.00
7:00am            103          0          0         93       23.2      29.92       0.00
7:05am            102          0          0         93       23.2      29.93       0.00
7:10am            103          0          0         93       23.2      29.93       0.00
7:15am            103          0          0         93       23.3      29.93       0.00
7:20am            103          0          0         93       23.3      29.93       0.00
7:25am            103          0          0         93       23.3      29.94       0.00
7:30am            103          0          0         93       23.2      29.94       0.00
7:35am            103          0          0         93       23.3      29.94       0.00
7:40am            103          0          0         93       23.4      29.94       0.00
7:45am            103          0          0         93       23.4      29.94       0.00
7:50am            103          0          0         93       23.5      29.94       0.00
7:55am            103          0          0         93       23.6      29.94       0.00
8:00am            103          0          0         93       23.7      29.94       0.00
8:05am            103          0          0         93       23.8      29.95       0.00
8:10am            103          0          0         93       24.0      29.95       0.00
8:15am            103          0          0         93       24.1      29.95       0.00
8:20am            219          0          0         93       24.3      29.95       0.00
8:25am            228          0          0         92       24.5      29.95       0.00
8:30am            228          0          0         92       24.8      29.95       0.00
8:35am            228          0          0         92       25.1      29.95       0.00
8:40am            228          0          0         91       25.2      29.95       0.00
8:45am            228          0          0         91       25.4      29.95       0.00
8:50am            228          0          0         91       25.7      29.95       0.00
8:55am            283          0          0         90       25.8      29.96       0.00
9:00am            268          0          0         90       26.0      29.96       0.00
9:05am            268          0          0         90       26.1      29.96       0.00
9:10am            257          0          0         90       26.4      29.96       0.00
9:15am            260          0          0         89       26.6      29.96       0.00
9:20am            274          0          0         89       26.6      29.96       0.00
9:25am            247          0          0         89       27.0      29.96       0.00
9:30am            260          0          0         89       27.2      29.96       0.00
9:35am            244          0          0         88       27.5      29.97       0.00
9:40am            244          0          0         88       27.8      29.97       0.00
9:45am            229          0          0         88       28.4      29.97       0.00
9:50am            229          0          0         86       28.7      29.97       0.00
9:55am            217          0          0         87       28.9      29.97       0.00
10:00am           281          0          0         85       28.9      29.97       0.00
10:05am           271          0          0         85       28.9      29.97       0.00
10:10am           271          0          0         86       29.2      29.97       0.00
10:15am           274          0          0         84       29.4      29.98       0.00
10:20am           266          0          0         85       29.6      29.98       0.00
10:25am           248          0          0         84       29.9      29.98       0.00
10:30am           244          0          0         84       30.2      29.98       0.00
10:35am           258          0          0         83       30.4      29.97       0.00
10:40am           281          0          1         82       30.4      29.98       0.00
10:45am           271          0          1         83       29.9      29.97       0.00
10:50am           285          0          2         83       29.9      29.97       0.00
10:55am           285          0          2         83       30.1      29.97       0.00
10:59am           266          0          2         83       30.4      29.97       0.00
11:05am           283          1          2         83       30.4      29.97       0.00
11:10am           273          1          2         83       30.6      29.97       0.00
11:15am           279          1          2         83       31.2      29.96       0.00
11:20am           224          0          2         82       31.2      29.96       0.00
11:25am           234          0          2         82       31.6      29.96       0.00
11:30am           262          0          2         81       32.2      29.96       0.00
11:35am           243          0          1         80       32.1      29.95       0.00
11:40am           276          1          2         80       31.9      29.95       0.00
11:45am           266          0          2         82       32.3      29.95       0.00
11:50am           245          0          2         81       32.3      29.95       0.00
11:55am           287          0          2         80       32.8      29.95       0.00
11:59am           208          0          2         79       33.2      29.95       0.00
12:05pm           262          0          1         79       34.0      29.95       0.00
12:10pm           265          0          1         78       34.4      29.95       0.00
12:15pm           112          0          1         76       34.7      29.95       0.00
12:20pm           117          0          1         77       34.2      29.95       0.00
12:25pm           104          0          1         76       34.1      29.95       0.00
12:30pm           109          0          1         77       33.9      29.95       0.00
12:35pm           264          1          2         78       33.8      29.95       0.00
12:40pm           272          1          3         78       33.2      29.95       0.00
12:45pm           238          1          3         80       32.9      29.96       0.00
12:50pm           264          0          3         80       32.9      29.96       0.00
12:55pm           266          1          4         81       32.7      29.96       0.00
1:00pm            290          5          5         82       32.7      29.96       0.00
1:05pm            271          1          5         82       32.2      29.96       0.00
1:10pm            261          0          5         82       32.1      29.96       0.00
1:15pm            280          3          5         83       31.9      29.96       0.00
1:20pm            282          3          7         84       31.4      29.96       0.00
1:25pm            285          2          7         85       31.0      29.96       0.00
1:30pm            271          3          7         86       31.0      29.96       0.00
1:35pm            283          2          5         85       30.9      29.96       0.00
1:40pm            271          3          7         86       30.6      29.97       0.00
1:45pm            281          3          7         86       30.5      29.97       0.00
1:50pm            276          3          7         87       30.5      29.97       0.00
1:55pm            316          2          7         86       30.6      29.97       0.00
2:00pm            268          3          7         87       30.5      29.97       0.00
2:05pm            283          1          3         87       30.6      29.97       0.00
2:10pm            275          0          5         87       30.7      29.97       0.00
2:15pm            251          1          5         87       30.7      29.97       0.00
2:20pm            280          0          5         86       30.8      29.97       0.00
2:25pm            283          2          5         87       31.0      29.97       0.00
2:30pm            291          0          5         86       31.1      29.97       0.00
2:35pm            288          2          2         85       31.3      29.97       0.00
2:40pm            270          0          2         84       31.3      29.97       0.00
2:45pm            282          0          2         84       31.3      29.97       0.00
2:50pm            257          1          2         84       31.4      29.97       0.00
2:55pm            268          0          2         84       31.4      29.97       0.00
3:00pm            268          0          2         84       31.4      29.98       0.00
3:05pm            272          1          2         84       31.4      29.98       0.00
3:10pm            276          1          3         84       31.2      29.98       0.00
3:15pm            278          0          3         85       31.1      29.98       0.00
3:20pm            286          0          3         85       31.1      29.98       0.00
3:25pm            198          0          3         85       31.1      29.98       0.00
3:30pm            286          0          3         85       31.1      29.98       0.00
3:35pm            291          0          1         84       31.1      29.98       0.00
3:39pm            228          1          2         83       31.0      29.98       0.00
3:45pm            248          0          2         83       30.9      29.98       0.00
3:50pm            289          0          2         83       30.9      29.98       0.00
3:55pm            249          1          5         82       30.8      29.98       0.00
4:00pm             39          2          5         82       30.6      29.98       0.00
4:05pm            264          0          2         83       30.6      29.98       0.00
4:10pm            276          0          2         82       30.5      29.99       0.00
4:15pm            294          0          2         83       30.4      29.99       0.00
4:20pm            275          2          5         82       30.3      29.99       0.00
4:25pm            269          0          5         82       30.2      29.99       0.00
4:30pm            267          0          5         82       30.1      29.99       0.00
4:35pm            290          0          1         82       30.0      29.99       0.00
4:40pm            254          0          2         83       29.9      29.99       0.00
4:45pm            257          0          2         83       29.8      29.99       0.00
4:50pm            280          0          2         83       29.8      29.99       0.00
4:55pm            279          0          2         83       29.7      29.99       0.00
5:00pm            288          0          2         83       29.6      30.00       0.00
5:05pm            270          1          1         84       29.6      30.00       0.00
5:10pm            273          0          3         83       29.5      30.00       0.00
5:15pm            267          0          3         84       29.5      30.00       0.00
5:20pm            200          0          3         84       29.5      30.01       0.00
5:25pm            292          0          3         84       29.4      30.01       0.00
5:30pm            268          0          3         84       29.3      30.01       0.00
5:35pm            268          0          0         85       29.2      30.01       0.00
5:40pm            261          0          1         85       29.1      30.01       0.00
5:45pm            261          0          1         85       29.1      30.01       0.00
5:50pm            261          0          1         85       29.1      30.01       0.00
5:55pm            274          0          1         85       29.1      30.01       0.00
6:00pm            274          0          1         85       29.1      30.01       0.00
6:05pm            274          0          0         85       29.1      30.02       0.00
6:10pm            273          0          1         85       29.1      30.02       0.00
6:14pm            291          0          1         86       29.1      30.02       0.00
6:20pm            356          1          1         85       29.1      30.02       0.00
6:25pm            267          0          1         86       29.1      30.01       0.00
6:30pm            267          0          1         86       29.1      30.01       0.00
6:35pm            267          0          0         86       29.0      30.01       0.00
6:40pm            273          0          0         86       29.0      30.01       0.00
6:45pm            273          0          0         86       29.0      30.01       0.00
6:50pm            273          0          0         86       28.8      30.01       0.00
6:55pm            122          0          0         86       28.8      30.01       0.00
7:00pm            122          0          0         87       28.6      30.01       0.00
7:05pm            274          0          0         87       28.6      30.01       0.00
7:10pm            274          0          0         87       28.5      30.02       0.00
7:15pm            274          0          0         88       28.4      30.02       0.00
7:20pm            360          0          0         88       28.5      30.02       0.00
7:25pm            352          0          0         88       28.5      30.02       0.00
7:30pm            352          0          0         88       28.5      30.02       0.00
7:35pm            352          0          0         88       28.5      30.02       0.00
7:40pm            352          0          0         88       28.4      30.02       0.00
7:45pm            269          0          0         88       28.4      30.02       0.00
7:50pm            271          0          1         88       28.5      30.02       0.00
7:55pm            277          0          1         88       28.4      30.02       0.00
8:00pm            274          3          3         88       28.4      30.02       0.00
8:05pm            271          0          3         88       28.4      30.02       0.00
8:10pm            262          0          3         88       28.4      30.02       0.00
8:15pm            275          0          3         88       28.4      30.03       0.00
8:20pm            245          0          3         87       28.3      30.03       0.00
8:25pm            272          0          3         88       28.3      30.03       0.00
8:30pm            301          2          3         88       28.3      30.03       0.00
8:35pm            271          0          2         88       28.3      30.03       0.00
8:40pm            266          0          2         88       28.2      30.03       0.00
8:45pm            261          0          2         88       28.2      30.03       0.00
8:50pm            228          0          5         88       28.1      30.03       0.00
8:55pm            288          0          5         88       28.1      30.03       0.00
9:00pm            269          0          5         88       28.0      30.03       0.00
9:05pm            248          0          2         88       28.0      30.03       0.00
9:10pm            256          0          2         88       27.9      30.03       0.00
9:15pm             91          0          2         88       27.8      30.03       0.00
9:20pm            281          0          2         88       27.8      30.03       0.00
9:25pm            278          0          2         89       27.7      30.02       0.00
9:30pm            277          0          2         89       27.7      30.02       0.00
9:35pm            271          0          2         89       27.6      30.03       0.00
9:40pm            284          2          2         89       27.5      30.02       0.00
9:45pm            273          0          2         89       27.5      30.03       0.00
9:50pm            284          0          2         89       27.4      30.03       0.00
9:55pm            265          0          2         89       27.4      30.03       0.00
10:00pm           275          0          2         89       27.4      30.03       0.00
10:05pm           276          0          1         89       27.3      30.02       0.00
10:10pm           276          0          1         89       27.3      30.02       0.00
10:15pm           276          0          1         89       27.3      30.02       0.00
10:20pm           276          0          1         89       27.2      30.02       0.00
10:25pm           276          0          1         89       27.2      30.02       0.00
10:30pm           276          0          1         90       27.2      30.02       0.00
10:35pm           273          0          1         90       27.2      30.02       0.00
10:40pm           249          0          1         90       27.1      30.02       0.00
10:45pm           214          0          1         89       27.1      30.02       0.00
10:50pm           233          0          1         89       27.1      30.02       0.00
10:55pm           233          0          1         89       27.0      30.02       0.00
11:00pm           268          0          1         89       26.9      30.02       0.00
11:05pm           307          1          3         89       26.9      30.02       0.00
11:10pm           274          0          3         89       26.9      30.02       0.00
11:15pm           275          0          3         89       26.9      30.02       0.00
11:20pm           271          1          3         89       26.7      30.02       0.00
11:25pm           269          0          3         88       26.7      30.02       0.00
11:30pm           276          0          3         88       26.7      30.02       0.00
11:35pm           271          0          2         88       26.6      30.02       0.00
11:40pm           294          0          2         88       26.5      30.02       0.00
11:45pm           281          0          2         88       26.5      30.02       0.00
11:50pm           256          0          2         87       26.4      30.02       0.00
11:55pm           256          0          2         87       26.3      30.01       0.00
