1/14/21
Time         Wind Dir   Wind Spd  Wind Gust   Humidity       Temp  Raw Barom   Tot Rain
                    °        mph        mph          %         °F         in         in
12:00am           288          0          2         78       30.2      29.81       0.00
12:05am           280          1          2         78       30.2      29.80       0.00
12:10am           278          0          2         78       30.2      29.80       0.00
12:15am           274          0          2         78       30.1      29.80       0.00
12:20am           268          0          2         78       30.1      29.80       0.00
12:25am           281          0          2         78       30.0      29.80       0.00
12:30am           284          1          2         78       30.0      29.80       0.00
12:35am           276          0          2         78       30.1      29.80       0.00
12:40am           276          0          2         78       30.0      29.80       0.00
12:45am           276          0          2         78       29.9      29.80       0.00
12:50am           276          0          2         79       29.8      29.80       0.00
12:55am           276          0          2         79       29.8      29.80       0.00
1:00am            276          0          2         79       29.6      29.80       0.00
1:05am            276          0          0         79       29.3      29.80       0.00
1:10am            276          0          0         79       28.9      29.80       0.00
1:15am            276          0          0         80       28.5      29.80       0.00
1:20am            276          0          0         80       28.1      29.80       0.00
1:25am            276          0          0         81       27.7      29.80       0.00
1:30am            276          0          0         82       27.7      29.80       0.00
1:35am            276          0          0         83       27.7      29.80       0.00
1:40am            276          0          0         83       27.8      29.81       0.00
1:45am            276          0          0         84       27.9      29.81       0.00
1:50am            276          0          0         83       28.1      29.81       0.00
1:55am            276          0          0         83       28.0      29.81       0.00
2:00am            276          0          0         83       27.6      29.81       0.00
2:05am            276          0          0         84       27.3      29.81       0.00
2:10am            276          0          0         85       27.1      29.81       0.00
2:15am            276          0          0         85       26.9      29.81       0.00
2:20am            276          0          0         85       26.8      29.81       0.00
2:25am            276          0          0         86       26.5      29.80       0.00
2:30am            276          0          0         86       26.2      29.80       0.00
2:35am            276          0          0         86       25.9      29.80       0.00
2:40am            276          0          0         87       25.6      29.80       0.00
2:45am            276          0          0         87       25.8      29.80       0.00
2:50am            276          0          1         87       26.1      29.80       0.00
2:55am            276          0          1         87       25.9      29.80       0.00
3:00am            276          0          1         87       26.0      29.80       0.00
3:05am            276          0          0         87       25.8      29.80       0.00
3:10am            276          0          0         88       25.6      29.80       0.00
3:15am            276          0          0         88       25.6      29.80       0.00
3:20am            276          0          0         88       25.5      29.80       0.00
3:25am            276          0          0         89       25.5      29.80       0.00
3:30am            276          0          0         89       25.5      29.80       0.00
3:35am            276          0          0         89       25.6      29.80       0.00
3:40am            276          0          0         89       25.6      29.80       0.00
3:45am            276          0          0         89       25.7      29.80       0.00
3:50am            276          0          0         89       25.6      29.80       0.00
3:55am            276          0          0         89       25.5      29.80       0.00
4:00am            276          0          0         89       25.3      29.80       0.00
4:05am            276          0          0         89       25.2      29.79       0.00
4:10am            276          0          0         89       25.2      29.79       0.00
4:15am            276          0          0         90       25.4      29.79       0.00
4:20am            276          0          0         89       25.2      29.79       0.00
4:25am            276          0          0         90       25.1      29.79       0.00
4:30am            276          0          0         90       25.0      29.79       0.00
4:35am            276          0          0         90       24.9      29.79       0.00
4:40am            276          0          0         90       25.0      29.79       0.00
4:45am            276          0          0         90       25.1      29.79       0.00
4:50am            276          0          0         90       25.2      29.78       0.00
4:55am            276          0          0         90       25.4      29.79       0.00
5:00am            276          0          0         90       25.7      29.79       0.00
5:05am            276          0          0         90       25.8      29.79       0.00
5:10am            276          0          0         90       25.8      29.79       0.00
5:15am            276          0          0         90       25.8      29.78       0.00
5:20am            276          0          0         90       26.0      29.78       0.00
5:25am            276          0          0         90       26.2      29.78       0.00
5:30am            276          0          0         89       26.4      29.78       0.00
5:35am            276          0          0         89       26.5      29.78       0.00
5:40am            276          0          0         89       26.6      29.79       0.00
5:45am            276          0          0         89       26.7      29.79       0.00
5:50am            276          0          0         89       26.6      29.79       0.00
5:55am            276          0          0         89       26.6      29.79       0.00
6:00am            265          0          0         89       26.7      29.78       0.00
6:05am            265          0          0         89       26.9      29.78       0.00
6:10am             86          0          1         89       27.1      29.78       0.00
6:15am             58          0          1         88       27.3      29.78       0.00
6:20am             97          0          1         88       27.5      29.78       0.00
6:25am            134          1          1         88       27.5      29.78       0.00
6:30am            113          0          1         88       27.6      29.78       0.00
6:35am            113          0          0         87       27.6      29.79       0.00
6:40am            113          0          0         87       27.6      29.79       0.00
6:45am            113          0          0         87       27.6      29.79       0.00
6:50am            113          0          0         88       27.6      29.79       0.00
6:55am            113          0          0         88       27.5      29.79       0.00
7:00am            113          0          0         88       27.4      29.79       0.00
7:05am            113          0          0         88       27.4      29.79       0.00
7:10am            113          0          0         88       27.3      29.79       0.00
7:15am            113          0          0         89       27.3      29.80       0.00
7:20am            113          0          0         89       27.3      29.80       0.00
7:25am            113          0          0         89       27.3      29.80       0.00
7:30am            113          0          0         89       27.4      29.80       0.00
7:35am            113          0          0         89       27.4      29.80       0.00
7:40am            113          0          0         88       27.5      29.80       0.00
7:45am            113          0          0         88       27.6      29.81       0.00
7:50am            113          0          0         88       27.7      29.81       0.00
7:55am            113          0          0         88       27.7      29.81       0.00
8:00am            113          0          0         88       27.7      29.81       0.00
8:05am            113          0          0         88       27.7      29.81       0.00
8:10am            113          0          0         88       27.7      29.81       0.00
8:15am            113          0          0         88       27.8      29.81       0.00
8:20am            113          0          0         88       27.9      29.82       0.00
8:25am            113          0          0         88       28.0      29.82       0.00
8:30am            113          0          0         88       28.2      29.82       0.00
8:35am            113          0          0         87       28.3      29.82       0.00
8:40am            113          0          0         87       28.4      29.82       0.00
8:45am            113          0          0         87       28.5      29.82       0.00
8:50am            113          0          0         87       28.7      29.82       0.00
8:55am            113          0          0         87       28.8      29.82       0.00
9:00am            113          0          0         87       28.8      29.82       0.00
9:05am            113          0          0         87       28.9      29.82       0.00
9:10am            113          0          0         87       29.0      29.82       0.00
9:15am            113          0          0         87       29.1      29.82       0.00
9:20am            113          0          0         86       29.2      29.82       0.00
9:25am            113          0          0         86       29.3      29.82       0.00
9:30am            113          0          0         86       29.4      29.82       0.00
9:35am            113          0          0         85       29.6      29.82       0.00
9:40am            113          0          0         85       29.6      29.82       0.00
9:45am            113          0          0         85       29.7      29.82       0.00
9:50am            113          0          0         84       29.8      29.82       0.00
9:55am            193          0          0         84       30.0      29.82       0.00
10:00am           185          0          0         83       30.2      29.82       0.00
10:05am           122          0          1         83       30.4      29.82       0.00
10:10am           111          0          1         83       30.5      29.81       0.00
10:15am            81          0          1         83       30.6      29.81       0.00
10:20am            91          2          2         82       30.5      29.81       0.00
10:25am           106          1          2         82       30.5      29.81       0.00
10:30am            96          0          2         82       30.6      29.81       0.00
10:35am           103          0          3         81       30.5      29.81       0.00
10:40am           104          0          3         82       30.5      29.81       0.00
10:45am            95          0          3         81       30.5      29.81       0.00
10:50am            96          0          3         81       30.6      29.81       0.00
10:55am            96          0          3         81       30.6      29.81       0.00
11:00am           104          0          3         81       30.7      29.80       0.00
11:05am           105          0          1         81       30.8      29.80       0.00
11:10am           116          1          1         81       30.9      29.80       0.00
11:15am           116          0          1         81       31.1      29.80       0.00
11:20am           105          0          1         80       31.2      29.79       0.00
11:25am           105          0          1         80       31.4      29.79       0.00
11:30am           105          0          1         80       31.6      29.79       0.00
11:35am           105          0          0         80       31.6      29.79       0.00
11:40am           105          0          0         80       31.8      29.79       0.00
11:45am           105          0          0         80       31.8      29.78       0.00
11:50am           105          0          0         80       31.8      29.78       0.00
11:55am           105          0          0         80       31.8      29.78       0.00
12:00pm            91          0          1         79       31.9      29.78       0.00
12:05pm           105          0          1         80       32.0      29.78       0.00
12:10pm           106          0          1         79       32.0      29.77       0.00
12:15pm            97          0          1         80       32.1      29.77       0.00
12:20pm           105          0          1         79       32.1      29.77       0.00
12:25pm           105          0          1         80       32.1      29.77       0.00
12:30pm           105          0          1         79       32.2      29.76       0.00
12:35pm           105          0          0         79       32.2      29.76       0.00
12:40pm           109          0          0         79       32.2      29.76       0.00
12:45pm           109          0          1         79       32.3      29.76       0.00
12:50pm           109          0          1         79       32.3      29.76       0.00
12:55pm           109          0          1         79       32.3      29.76       0.00
1:00pm            109          0          1         79       32.4      29.76       0.00
1:05pm            121          0          1         79       32.4      29.76       0.00
1:10pm            119          0          1         79       32.4      29.76       0.00
1:15pm            105          0          1         79       32.4      29.76       0.00
1:20pm            105          0          1         79       32.5      29.76       0.00
1:25pm             89          0          1         79       32.5      29.76       0.00
1:30pm             96          0          1         79       32.4      29.76       0.00
1:35pm             96          0          0         79       32.5      29.76       0.00
1:40pm             96          0          1         79       32.5      29.76       0.00
2:00pm             90          0          1         78       32.8      29.76       0.00
2:30pm             90          0          1         78       32.9      29.77       0.00
3:00pm             90          0          2         80       32.7      29.78       0.00
3:30pm            112          0          2         80       32.5      29.79       0.00
4:00pm            135          0          2         80       32.3      29.79       0.00
4:30pm             90          0          3         82       32.1      29.79       0.00
5:00pm             90          1          3         82       31.7      29.79       0.00
5:30pm             90          1          3         82       31.4      29.80       0.00
6:00pm             90          1          3         82       31.3      29.80       0.00
6:30pm             90          1          3         82       31.2      29.81       0.00
7:00pm            112          0          3         82       31.0      29.83       0.00
7:30pm             90          0          1         82       31.2      29.83       0.00
8:00pm            112          0          1         82       31.1      29.84       0.00
8:30pm            112          0          1         83       31.0      29.86       0.00
9:00pm            112          0          0         86       30.5      29.86       0.00
9:30pm            112          0          1         87       30.4      29.86       0.00
10:00pm           112          0          0         87       30.1      29.86       0.00
10:30pm           112          0          0         88       30.0      29.86       0.00
11:00pm           112          0          0         87       29.9      29.87       0.00
11:30pm           112          0          0         88       29.9      29.88       0.00
