2/16/21
Time         Wind Dir   Wind Spd  Wind Gust   Humidity       Temp  Raw Barom   Tot Rain
                    °        mph        mph          %         °F         in         in
12:00am            90          4         12         93       23.1      30.02       0.00
12:30am            68          4         12         93       23.1      30.01       0.00
1:00am             90          3         13         93       23.2      30.00       0.00
1:30am             68          3         14         94       23.6      29.98       0.00
2:00am             68          4         16         93       23.7      29.93       0.00
2:30am             68          3         16         94       23.9      29.91       0.00
3:00am             68          4         17         94       24.3      29.89       0.00
3:30am             68          3         13         94       25.2      29.86       0.00
4:00am             68          3          9         94       24.7      29.86       0.00
4:30am             90          6         13         94       24.4      29.81       0.00
5:00am             90          5         15         94       24.5      29.81       0.00
5:30am             90          5         16         94       25.4      29.79       0.00
6:00am             90          7         18         95       26.3      29.76       0.00
6:30am             90          7         20         95       27.5      29.73       0.00
7:00am             90          8         19         95       29.2      29.69       0.00
7:30am             90          7         21         95       29.9      29.68       0.00
8:00am             90          5         15         94       30.0      29.68       0.00
8:30am             90          4          9         94       29.7      29.68       0.00
9:00am             90          4         10         94       28.6      29.67       0.00
9:30am             90          5          9         94       28.7      29.64       0.00
10:00am            90          5         13         94       29.0      29.61       0.00
10:30am            90          5         12         94       29.3      29.58       0.00
11:00am            90          6         11         94       29.5      29.56       0.00
11:30am            90          4         10         94       30.0      29.56       0.00
12:00pm            90          3          8         95       30.3      29.54       0.00
12:30pm            90          3          7         95       31.1      29.50       0.00
1:00pm             90          2          6         95       31.5      29.50       0.00
1:30pm             90          2          6         95       31.6      29.48       0.00
2:00pm             90          1          4         95       31.8      29.48       0.00
2:30pm             90          0          3         95       32.1      29.48       0.00
3:00pm             68          0          1         95       32.2      29.46       0.00
3:30pm            112          0          1         95       32.3      29.47       0.00
4:00pm            112          0          2         96       32.3      29.47       0.00
4:30pm            112          0          2         96       32.3      29.48       0.00
5:00pm            112          0          0         96       32.3      29.49       0.00
5:30pm            270          0          2         96       32.1      29.49       0.00
6:00pm            292          0          2         96       32.3      29.51       0.00
6:30pm            270          1          5         96       32.3      29.53       0.00
7:00pm            270          2         10         97       32.9      29.55       0.00
7:30pm            270          4         11         97       33.0      29.56       0.00
8:00pm            270          6         16         96       32.9      29.57       0.00
8:30pm            270          8         19         93       32.2      29.59       0.00
9:00pm            270          6         15         90       31.5      29.62       0.00
9:30pm            270          5         16         86       30.2      29.65       0.00
10:00pm           270          6         23         83       28.2      29.68       0.00
10:30pm           270          7         21         76       26.4      29.70       0.00
11:00pm           270          6         16         75       25.0      29.73       0.00
11:30pm           270          5         24         75       23.6      29.75       0.00
