2/25/21
Time         Wind Dir   Wind Spd  Wind Gust   Humidity       Temp  Raw Barom   Tot Rain
                    °        mph        mph          %         °F         in         in
12:00am           282          0          9         67       40.6      29.51       0.00
12:05am           287          1          2         68       40.3      29.51       0.00
12:10am           278          0          3         68       40.2      29.52       0.00
12:15am           281          0          3         69       39.9      29.52       0.00
12:20am           272          0          3         70       39.6      29.52       0.00
12:25am           265          0          3         71       39.6      29.51       0.00
12:30am           271          1          4         71       40.1      29.51       0.00
12:35am           257          0          3         70       40.6      29.51       0.00
12:40am           301          0          3         70       40.5      29.51       0.00
12:45am           280          0          3         70       40.3      29.51       0.00
12:50am            74          0          3         71       39.8      29.51       0.00
12:55am           248          0          3         73       39.3      29.51       0.00
1:00am            250          1          4         73       39.6      29.51       0.00
1:05am            241          0          5         72       40.0      29.51       0.00
1:10am            270          1          6         72       40.4      29.51       0.00
1:15am            257          3          6         71       40.8      29.52       0.00
1:20am            271         11         22         65       42.0      29.51       0.00
1:25am            281         18         22         62       42.9      29.51       0.00
1:30am            299          5         24         60       43.1      29.50       0.00
1:35am            276          9         21         59       43.1      29.51       0.00
1:40am            262          4         21         60       43.1      29.50       0.00
1:45am            281          6         24         60       43.0      29.51       0.00
1:50am            287         14         24         61       42.7      29.50       0.00
1:55am            188         12         24         60       42.7      29.50       0.00
2:00am            275         22         24         61       42.7      29.50       0.00
2:05am            273          6         22         61       42.6      29.51       0.00
2:10am            341         12         22         62       42.4      29.51       0.00
2:15am            282         11         22         63       42.2      29.51       0.00
2:20am            262          4         22         63       42.0      29.51       0.00
2:25am            276          7         22         64       41.9      29.51       0.00
2:30am            268          7         22         65       41.7      29.52       0.00
2:35am            291         10         13         65       41.6      29.52       0.00
2:40am            278          9         20         64       41.7      29.52       0.00
2:45am            220          3         20         65       41.6      29.52       0.00
2:50am            161          4         20         65       41.3      29.53       0.00
2:55am            269         12         24         62       41.2      29.52       0.00
3:00am            261          6         28         62       41.1      29.54       0.00
3:05am            272          7         21         62       40.9      29.54       0.00
3:10am            297          8         21         62       40.6      29.54       0.00
3:15am            281          5         21         63       40.4      29.54       0.00
3:20am            283          8         21         63       40.1      29.55       0.00
3:25am            263          4         21         64       40.0      29.55       0.00
3:30am            271          3         21         64       39.9      29.55       0.00
3:35am            273         12         20         65       39.7      29.56       0.00
3:40am            286         11         20         65       39.6      29.56       0.00
3:45am            338          2         21         65       39.5      29.57       0.00
3:50am             18          4         21         65       39.4      29.57       0.00
3:55am            291          9         21         66       39.3      29.58       0.00
4:00am            301          5         21         66       39.2      29.58       0.00
4:05am             36          7         14         69       38.8      29.61       0.00
4:10am            307          6         22         75       37.1      29.62       0.00
4:15am            284          3         22         76       36.3      29.62       0.00
4:20am            130          2         22         76       36.2      29.62       0.00
4:25am            167          1         22         76       36.0      29.63       0.00
4:30am             45          2         22         76       35.9      29.64       0.00
4:35am            283          4         11         77       35.8      29.65       0.00
4:40am            273          7         11         77       35.7      29.65       0.00
4:45am            280         11         15         78       35.6      29.65       0.00
4:50am            340          7         15         77       35.3      29.66       0.00
4:55am            167          0         15         77       35.1      29.67       0.00
5:00am            153          3         15         77       34.8      29.67       0.00
5:05am             72          0         12         76       34.7      29.68       0.00
5:10am            255          4         14         74       34.5      29.68       0.00
5:15am            246          3         15         72       34.3      29.69       0.00
5:20am            270          4         15         71       34.1      29.69       0.00
5:25am             47          3         15         71       33.9      29.70       0.00
5:30am            104          0         15         72       33.6      29.71       0.00
5:35am            359          1          9         73       33.4      29.71       0.00
5:40am            252          0          9         73       33.2      29.72       0.00
5:45am            271          3         16         72       32.9      29.73       0.00
5:50am              3          1         16         72       32.5      29.74       0.00
5:55am            253          2         16         72       32.3      29.74       0.00
6:00am            262          0         16         73       32.1      29.74       0.00
6:05am            273          6         14         72       32.0      29.75       0.00
6:10am            290          2         14         72       31.9      29.75       0.00
6:15am            354          4         14         72       31.7      29.76       0.00
6:20am            140          2         14         73       31.6      29.76       0.00
6:25am            253          3         14         74       31.4      29.76       0.00
6:30am            264          0         14         72       31.3      29.76       0.00
6:35am            209          2         14         73       31.2      29.77       0.00
6:40am             75          1         14         73       31.1      29.77       0.00
6:45am            287          5         14         73       30.8      29.77       0.00
6:50am             89          2         15         73       30.7      29.78       0.00
6:55am             98          0         15         73       30.6      29.78       0.00
7:00am            243          3         15         74       30.5      29.79       0.00
7:05am            124          0         11         74       30.5      29.79       0.00
7:10am             97          2         16         73       30.3      29.79       0.00
7:15am             27          2         16         72       30.4      29.80       0.00
7:20am            143          1         16         72       30.5      29.81       0.00
7:25am            271          7         16         69       30.4      29.82       0.00
7:30am            304          8         16         68       30.9      29.82       0.00
7:35am            178          1         12         66       31.1      29.83       0.00
7:40am            199          0         12         64       31.9      29.83       0.00
7:45am            147          4         12         62       32.1      29.84       0.00
7:50am            172          2         12         62       32.1      29.84       0.00
7:55am            280          2         12         63       32.0      29.84       0.00
8:00am            133          1         12         62       32.1      29.85       0.00
8:05am            270          2          7         61       32.3      29.85       0.00
8:10am            271          2          7         61       32.9      29.86       0.00
8:15am            193          1          8         60       32.9      29.86       0.00
8:20am            248          3          9         62       32.2      29.86       0.00
8:25am            276          2         12         65       31.3      29.86       0.00
8:30am            120          3         13         65       30.8      29.86       0.00
8:35am            269          2         16         66       30.7      29.87       0.00
8:40am            266         10         16         66       30.6      29.88       0.00
8:45am            293         13         16         63       30.7      29.88       0.00
8:50am            165          2         18         63       30.9      29.88       0.00
8:55am            228          3         18         62       31.2      29.88       0.00
9:00am             29          5         18         62       31.6      29.88       0.00
9:05am             84          1          8         61       31.6      29.88       0.00
9:10am            266          1          8         62       31.6      29.88       0.00
9:15am             39          3          9         60       31.3      29.89       0.00
9:20am            282          4          9         60       31.2      29.88       0.00
9:25am             13          1          9         61       31.7      29.88       0.00
9:30am            271          1          9         59       32.0      29.88       0.00
9:35am            276          1         14         59       32.3      29.88       0.00
9:40am            227         10         14         58       32.5      29.88       0.00
9:45am            229          3         14         58       33.0      29.88       0.00
9:50am             18          9         14         57       33.1      29.88       0.00
9:55am            259          1         14         57       32.9      29.88       0.00
10:00am           229          5         14         59       32.7      29.88       0.00
10:05am           213          0          9         58       33.0      29.89       0.00
10:10am           282          4          9         57       33.2      29.89       0.00
10:15am           249          3         19         59       32.9      29.89       0.00
10:20am           321          5         19         57       33.3      29.89       0.00
10:25am           288         15         19         55       33.8      29.88       0.00
10:30am           277          7         21         55       33.9      29.88       0.00
10:35am           240          4         16         55       34.0      29.89       0.00
10:40am           283          9         16         53       34.5      29.89       0.00
10:45am           299          2         16         54       34.7      29.88       0.00
10:50am           257          5         16         55       34.5      29.89       0.00
10:55am           165          4         17         55       34.4      29.89       0.00
11:00am           288         12         17         54       34.5      29.89       0.00
11:05am           236          5         16         55       34.7      29.89       0.00
11:10am           251         12         23         57       35.1      29.90       0.00
11:15am           260         10         23         52       35.6      29.90       0.00
11:20am           255          5         23         51       34.8      29.90       0.00
11:25am           272         11         23         52       34.6      29.90       0.00
11:30am           276         14         23         52       34.7      29.90       0.00
11:35am           278          7         18         51       34.8      29.91       0.00
11:40am           257          4         18         52       34.7      29.90       0.00
11:45am           278          9         18         51       35.0      29.91       0.00
11:50am           271          2         18         51       34.9      29.91       0.00
11:55am           238          5         19         51       35.2      29.91       0.00
12:00pm           258          1         19         50       35.2      29.91       0.00
12:05pm           287          5         12         49       35.1      29.91       0.00
12:10pm           253         16         16         50       34.8      29.91       0.00
12:15pm           279          2         16         50       34.9      29.90       0.00
12:20pm           335          1         16         48       35.3      29.90       0.00
12:25pm           301          3         16         48       35.8      29.90       0.00
12:30pm            15          0         16         48       36.3      29.90       0.00
12:35pm           272          3          7         47       37.3      29.90       0.00
12:40pm           288         13         14         44       37.2      29.90       0.00
12:45pm           293          5         16         45       36.7      29.90       0.00
12:50pm           268         11         16         45       36.3      29.90       0.00
12:55pm           281          4         16         45       36.5      29.90       0.00
1:00pm            252          4         16         45       36.0      29.90       0.00
1:05pm            275         10         18         45       35.7      29.90       0.00
1:10pm            298          9         18         45       35.4      29.90       0.00
1:15pm            288          7         18         47       35.2      29.90       0.00
1:20pm            266          5         18         47       34.9      29.90       0.00
1:25pm            224          2         18         48       36.0      29.90       0.00
1:30pm            275          2         18         44       37.3      29.89       0.00
1:35pm            277          4         13         45       37.5      29.89       0.00
1:40pm             69         17         18         44       37.7      29.89       0.00
1:45pm            249          8         24         44       37.4      29.89       0.00
1:50pm            284         11         24         44       37.4      29.89       0.00
1:55pm            262         10         24         45       37.5      29.89       0.00
2:00pm            255          7         24         45       37.2      29.89       0.00
2:05pm            282         10         22         46       37.3      29.89       0.00
2:10pm            255         12         22         46       37.3      29.89       0.00
2:15pm            263          2         24         46       36.9      29.90       0.00
2:20pm            272          9         24         46       37.2      29.90       0.00
2:25pm            200         17         24         46       37.1      29.90       0.00
2:30pm            272         11         24         47       37.6      29.90       0.00
2:35pm            245         13         19         48       37.6      29.91       0.00
2:40pm            302          3         19         47       37.2      29.91       0.00
2:45pm            288          0         19         47       37.1      29.91       0.00
2:50pm            273         11         19         48       37.1      29.91       0.00
2:55pm            259          6         22         46       36.9      29.91       0.00
3:00pm            288          9         22         45       37.0      29.92       0.00
3:05pm            282         14         17         46       37.4      29.91       0.00
3:10pm            267          3         17         47       37.2      29.91       0.00
3:15pm            268          0         17         46       37.3      29.92       0.00
3:20pm            283          9         18         46       37.1      29.92       0.00
3:25pm            290          7         18         45       36.5      29.92       0.00
3:30pm            295          2         18         46       36.0      29.92       0.00
3:35pm            288          6         19         46       35.7      29.93       0.00
3:40pm            290          7         19         47       36.0      29.93       0.00
3:45pm            278          0         19         46       36.6      29.93       0.00
3:50pm            261          2         19         46       36.6      29.93       0.00
3:55pm            259          1         19         47       36.5      29.94       0.00
4:00pm            269          5         19         46       36.3      29.94       0.00
4:05pm            312          7         15         46       36.1      29.94       0.00
4:10pm            248          3         18         47       36.0      29.95       0.00
4:15pm            277          3         18         47       35.8      29.95       0.00
4:20pm            281          8         18         47       35.5      29.95       0.00
4:25pm            275         10         18         47       35.1      29.95       0.00
4:30pm            290          8         18         48       35.1      29.95       0.00
4:35pm            270          9         14         47       35.2      29.95       0.00
4:40pm            219          2         17         47       35.2      29.96       0.00
4:45pm            295          8         17         47       35.4      29.96       0.00
4:50pm            277          2         17         47       34.8      29.97       0.00
4:55pm            279          7         17         49       34.2      29.97       0.00
5:00pm            297          3         17         49       33.8      29.97       0.00
5:05pm            335          1          7         51       33.4      29.97       0.00
5:10pm            292          3         10         51       32.9      29.97       0.00
5:15pm            238          5         12         51       32.5      29.98       0.00
5:20pm            267          2         12         52       32.1      29.98       0.00
5:25pm            231          0         12         52       31.8      29.98       0.00
5:30pm            224          3         12         53       31.5      29.99       0.00
5:35pm            305          0          6         54       31.2      29.99       0.00
5:40pm            258          2         11         53       31.1      29.99       0.00
5:45pm            289          4         11         53       30.8      30.00       0.00
5:50pm            301          5         11         53       30.8      30.00       0.00
5:55pm            278          3         11         53       30.6      30.00       0.00
6:00pm            245          0         11         53       30.5      30.01       0.00
6:05pm            267          0         10         53       30.3      30.01       0.00
6:10pm            268          8         10         52       30.2      30.01       0.00
6:15pm            269          1         10         54       30.0      30.01       0.00
6:20pm            262          0         10         53       29.9      30.02       0.00
6:25pm            213          3         10         54       29.6      30.02       0.00
6:30pm            287          0         10         53       29.6      30.02       0.00
6:35pm            274          1          4         55       29.4      30.02       0.00
6:40pm            257          0         12         52       29.5      30.03       0.00
6:45pm            208          0         12         54       29.4      30.03       0.00
6:50pm            280          1         12         54       29.1      30.03       0.00
6:55pm            334          0         12         54       29.1      30.03       0.00
7:00pm            223          1         12         54       29.0      30.04       0.00
7:05pm            179          0          7         54       29.0      30.04       0.00
7:10pm             73          1          7         54       29.0      30.04       0.00
7:15pm            256          0          7         54       28.9      30.05       0.00
7:20pm             98          0          7         54       28.6      30.05       0.00
7:25pm             34          0          7         56       28.4      30.05       0.00
7:30pm            276          0          7         54       28.5      30.05       0.00
7:35pm            265          0          8         54       28.5      30.05       0.00
7:40pm            263          0          8         54       28.4      30.05       0.00
7:45pm             84          0          8         56       28.1      30.06       0.00
7:50pm            263          0          8         56       27.8      30.06       0.00
7:55pm              1          0          8         56       27.7      30.06       0.00
8:00pm              5          0          8         57       27.5      30.06       0.00
8:05pm            278          0          1         58       27.3      30.06       0.00
8:09pm            202          0          2         57       27.3      30.07       0.00
8:15pm             53          1          3         56       27.3      30.07       0.00
8:20pm            298          0          8         55       27.3      30.07       0.00
8:25pm            269          0          8         56       27.2      30.07       0.00
8:30pm            255          0          8         58       26.9      30.07       0.00
8:35pm            103          0          1         57       26.6      30.07       0.00
8:40pm            281          0          2         58       26.4      30.07       0.00
8:45pm            279          1          2         59       26.0      30.07       0.00
8:50pm            277          0          3         58       26.2      30.07       0.00
8:55pm            266          0          3         59       26.1      30.07       0.00
9:00pm            276          0          3         59       25.8      30.08       0.00
9:05pm            101          0          0         61       25.6      30.08       0.00
9:10pm            247          1          2         61       25.4      30.08       0.00
9:15pm            276          1          2         61       25.4      30.08       0.00
9:20pm            278          1          2         61       25.3      30.08       0.00
9:25pm            274          0          2         62       25.2      30.08       0.00
9:30pm            271          0          2         62       25.1      30.09       0.00
9:35pm            243          0          2         62       24.8      30.09       0.00
9:40pm            266          0          2         63       24.7      30.09       0.00
9:45pm            266          0          2         63       24.4      30.09       0.00
9:50pm            273          0          2         64       24.3      30.09       0.00
9:55pm            268          0          2         64       24.2      30.09       0.00
10:00pm           267          0          2         65       23.9      30.09       0.00
10:05pm           278          0          1         64       24.1      30.10       0.00
10:10pm           278          0          1         64       23.8      30.09       0.00
10:15pm           278          0          1         66       23.4      30.09       0.00
10:20pm           274          0          1         67       23.0      30.10       0.00
10:25pm           274          0          1         67       22.7      30.10       0.00
10:30pm           274          0          1         69       22.4      30.10       0.00
10:35pm           281          0          0         69       22.5      30.10       0.00
10:40pm           275          0          0         69       22.4      30.10       0.00
10:45pm           275          0          0         70       22.0      30.11       0.00
10:50pm           275          0          0         71       21.8      30.11       0.00
10:55pm           275          0          0         70       21.9      30.11       0.00
11:00pm           275          0          0         70       21.7      30.11       0.00
11:05pm           275          0          0         72       21.2      30.11       0.00
11:10pm           275          0          0         73       20.8      30.11       0.00
11:15pm           275          0          0         74       20.8      30.11       0.00
11:20pm           275          0          0         74       20.6      30.12       0.00
11:25pm           275          0          0         74       20.3      30.12       0.00
11:30pm           264          0          0         75       20.4      30.11       0.00
11:35pm           273          0          1         71       20.9      30.12       0.00
11:40pm           273          0          1         74       20.8      30.12       0.00
11:45pm           273          0          1         74       20.6      30.12       0.00
11:50pm           273          0          1         73       20.5      30.12       0.00
11:55pm           273          0          1         71       20.5      30.12       0.00
