2/19/21
Time         Wind Dir   Wind Spd  Wind Gust   Humidity       Temp  Raw Barom   Tot Rain
                    °        mph        mph          %         °F         in         in
12:00am            77          0          3         88       19.9      30.30       0.00
12:05am            94          0          0         88       19.9      30.30       0.00
12:10am            80          0          1         89       19.9      30.30       0.00
12:15am           108          0          1         89       19.8      30.30       0.00
12:20am            96          0          1         89       19.8      30.30       0.00
12:25am            99          0          1         89       19.8      30.30       0.00
12:30am           110          0          1         90       19.8      30.30       0.00
12:35am            98          0          0         90       19.8      30.30       0.00
12:40am           110          0          0         90       19.7      30.30       0.00
12:44am           131          0          0         90       19.8      30.30       0.00
12:50am           105          0          0         90       19.8      30.30       0.00
12:55am            96          0          0         90       19.8      30.30       0.00
1:00am            104          0          0         90       19.7      30.30       0.00
1:05am            101          0          0         90       19.7      30.30       0.00
1:10am             67          0          0         90       19.7      30.29       0.00
1:15am            118          0          0         90       19.7      30.30       0.00
1:20am             85          0          0         90       19.7      30.29       0.00
1:25am             94          0          1         90       19.7      30.29       0.00
1:30am             97          0          2         90       19.7      30.30       0.00
1:35am            125          0          2         90       19.6      30.29       0.00
1:40am            124          0          2         90       19.6      30.29       0.00
1:45am            114          0          2         90       19.6      30.29       0.00
1:50am            110          0          2         90       19.6      30.28       0.00
1:55am             82          1          3         90       19.6      30.28       0.00
2:00am            134          1          3         90       19.5      30.28       0.00
2:05am             77          1          3         90       19.5      30.28       0.00
2:10am             87          0          3         90       19.4      30.28       0.00
2:15am            113          2          3         90       19.4      30.28       0.00
2:20am             77          0          3         90       19.3      30.27       0.00
2:25am             47          3          6         90       19.2      30.27       0.00
2:30am             69          4          6         90       19.2      30.27       0.00
2:35am             51          1          6         90       19.1      30.27       0.00
2:40am             94          4          6         90       19.0      30.26       0.00
2:45am             84          2          6         90       19.0      30.25       0.00
2:50am             60          3          8         90       18.9      30.25       0.00
2:55am             93          3          8         90       18.9      30.25       0.00
3:00am             89          5          8         90       18.9      30.25       0.00
3:05am             84          1          6         90       18.9      30.24       0.00
3:10am            103          4          6         90       18.8      30.24       0.00
3:15am            103          3          7         90       18.8      30.24       0.00
3:20am             80          4          7         90       18.8      30.24       0.00
3:25am            108          5          7         90       18.8      30.24       0.00
3:30am             84          2          8         90       18.8      30.24       0.00
3:35am             83          1          5         90       18.8      30.25       0.00
3:40am             26          2          5         90       18.9      30.25       0.00
3:45am            106          1          7         90       18.8      30.25       0.00
3:50am             83          0          7         90       18.8      30.25       0.00
3:55am            125          1          7         90       18.8      30.25       0.00
4:00am            100          2          7         90       18.8      30.25       0.00
4:05am             83          1          4         90       18.8      30.25       0.00
4:10am             78          0          8         90       18.8      30.25       0.00
4:15am             58          1          8         91       18.7      30.25       0.00
4:20am             68          0          8         91       18.7      30.25       0.00
4:25am             91          1          8         91       18.7      30.24       0.00
4:30am             81          3          8         91       18.6      30.24       0.00
4:35am             94          3          5         91       18.6      30.24       0.00
4:40am             72          1          5         91       18.6      30.24       0.00
4:45am            103          4          5         91       18.6      30.25       0.00
4:50am             75          2          5         91       18.6      30.25       0.00
4:55am             97          2          8         91       18.6      30.25       0.00
5:00am             79          2          8         91       18.6      30.25       0.00
5:05am             80          2          6         91       18.6      30.24       0.00
5:10am             90          2          6         91       18.6      30.24       0.00
5:15am             77          1          7         91       18.6      30.24       0.00
5:20am             72          3          8         91       18.5      30.23       0.00
5:25am             90          3          8         91       18.5      30.23       0.00
5:30am            112          1          8         91       18.5      30.23       0.00
5:35am             86          1          5         91       18.5      30.22       0.00
5:40am             54          4          7         91       18.4      30.22       0.00
5:45am             65          0          9         91       18.4      30.22       0.00
5:50am             87          1          9         91       18.4      30.22       0.00
5:55am             93          0          9         91       18.4      30.22       0.00
6:00am             65          1          9         91       18.4      30.22       0.00
6:05am             63          1          5         91       18.4      30.22       0.00
6:10am             84          3          5         91       18.4      30.23       0.00
6:15am             69          1          5         91       18.4      30.23       0.00
6:20am             65          2          5         91       18.4      30.23       0.00
6:25am            131          2          6         91       18.4      30.22       0.00
6:30am             78          3          7         91       18.4      30.22       0.00
6:35am             92          3          6         91       18.3      30.22       0.00
6:40am             60          0          6         91       18.3      30.22       0.00
6:45am             89          1          6         91       18.3      30.23       0.00
6:50am             85          1          6         91       18.3      30.23       0.00
6:55am            114          0          6         91       18.3      30.23       0.00
7:00am             83          0          6         91       18.3      30.23       0.00
7:05am             52          0          3         91       18.4      30.23       0.00
7:10am            110          0          4         91       18.5      30.23       0.00
7:15am             69          2          5         91       18.5      30.23       0.00
7:20am             54          0          5         91       18.5      30.23       0.00
7:25am             84          1          5         91       18.6      30.23       0.00
7:30am             48          1          6         91       18.6      30.23       0.00
7:35am             87          1          5         91       18.6      30.23       0.00
7:40am             74          4          5         91       18.7      30.23       0.00
7:45am             86          2          5         91       18.8      30.22       0.00
7:50am             53          3          5         91       18.8      30.22       0.00
7:55am             98          0          5         91       18.8      30.22       0.00
8:00am             77          3          5         90       18.8      30.22       0.00
8:05am             69          1          4         91       18.9      30.23       0.00
8:10am             86          1          4         90       19.1      30.22       0.00
8:15am             94          2          4         90       19.2      30.22       0.00
8:20am             89          4          5         90       19.2      30.22       0.00
8:25am             82          6          6         90       19.2      30.22       0.00
8:30am            110          1          6         90       19.2      30.22       0.00
8:35am             70          1          3         90       19.3      30.22       0.00
8:40am            111          0          4         90       19.4      30.23       0.00
8:45am            113          1          5         90       19.5      30.22       0.00
8:50am             72          3          7         89       19.5      30.22       0.00
8:55am            101          2          7         89       19.6      30.22       0.00
9:00am             53          1          7         89       19.6      30.22       0.00
9:05am             91          7          7         89       19.7      30.21       0.00
9:10am             84          4         10         89       19.6      30.21       0.00
9:15am             63          5         10         89       19.7      30.20       0.00
9:20am             86          1         10         89       19.7      30.20       0.00
9:25am            128          4         10         89       19.9      30.20       0.00
9:30am             65          3         10         89       20.0      30.20       0.00
9:35am             73          2          6         89       20.2      30.21       0.00
9:40am            112          2          7         88       20.3      30.21       0.00
9:45am             84          3          8         88       20.4      30.20       0.00
9:50am             72          4          9         88       20.6      30.19       0.00
9:55am             73          4          9         88       20.6      30.19       0.00
10:00am            85          4          9         88       20.7      30.20       0.00
10:05am           110          3          7         88       20.8      30.19       0.00
10:10am            99          0          7         88       21.0      30.19       0.00
10:15am            72          6          7         88       21.1      30.19       0.00
10:20am           111          4          8         87       21.1      30.19       0.00
10:25am            99          6          8         87       21.1      30.19       0.00
10:30am            95          2          8         87       21.1      30.19       0.00
10:35am            68          7          7         87       21.2      30.19       0.00
10:40am            60          3          7         87       21.4      30.18       0.00
10:45am            80          1          7         87       21.5      30.18       0.00
10:50am           111          3          9         87       21.6      30.18       0.00
10:55am            79          2          9         87       21.7      30.17       0.00
11:00am            78          4          9         87       21.8      30.17       0.00
11:05am            63          1          6         87       21.9      30.18       0.00
11:10am            74          3          6         87       22.3      30.17       0.00
11:15am           100          2          6         87       22.3      30.17       0.00
11:20am            84          3          7         87       22.3      30.16       0.00
11:25am            82          2          7         87       22.3      30.16       0.00
11:30am            72          1          7         87       22.5      30.16       0.00
11:35am           105          1          6         87       22.6      30.16       0.00
11:40am            75          4          7         87       22.8      30.16       0.00
11:45am            74          2          8         87       23.0      30.16       0.00
11:50am            77          1          8         87       23.5      30.16       0.00
11:55am            63          4          8         86       23.7      30.16       0.00
12:00pm            74          3          8         86       23.9      30.15       0.00
12:05pm            87          2          5         86       23.9      30.15       0.00
12:10pm            61          3          5         86       23.8      30.15       0.00
12:15pm            81          4          5         86       23.7      30.14       0.00
12:20pm            90          2          5         86       23.8      30.13       0.00
12:25pm            78          4          5         86       23.8      30.14       0.00
12:30pm            44          4          5         86       23.9      30.14       0.00
12:35pm            82          1          4         86       24.0      30.14       0.00
12:40pm            93          3          4         86       24.2      30.14       0.00
12:45pm            98          0          4         86       24.4      30.13       0.00
12:50pm            90          1          4         86       24.4      30.14       0.00
12:55pm            68          1          4         86       24.2      30.13       0.00
1:00pm             82          2          4         86       24.2      30.13       0.00
1:05pm            113          1          4         86       24.2      30.12       0.00
1:10pm             95          2          4         86       24.2      30.13       0.00
1:15pm             91          2          4         86       24.2      30.12       0.00
1:20pm             77          1          4         87       24.2      30.12       0.00
1:25pm            103          1          4         87       24.3      30.12       0.00
1:30pm            111          0          4         87       24.2      30.12       0.00
1:35pm             77          2          3         87       24.2      30.11       0.00
1:40pm             76          2          4         87       24.3      30.10       0.00
1:45pm            107          1          4         87       24.4      30.10       0.00
1:50pm             83          2          4         88       24.6      30.10       0.00
1:55pm             75          1          4         87       24.6      30.10       0.00
2:00pm             92          0          4         88       24.8      30.09       0.00
2:05pm             76          3          3         88       24.9      30.09       0.00
2:10pm             94          2          5         88       24.9      30.09       0.00
2:15pm             83          4          5         88       24.8      30.09       0.00
2:20pm            102          1          5         87       24.7      30.09       0.00
2:25pm             70          2          5         88       24.7      30.08       0.00
2:30pm             77          3          5         88       24.8      30.08       0.00
2:35pm             87          2          5         88       24.6      30.08       0.00
2:40pm             79          2          5         88       24.6      30.08       0.00
2:45pm             90          2          5         88       24.6      30.08       0.00
2:50pm             78          2          5         88       24.6      30.08       0.00
2:55pm             85          3          5         88       24.6      30.07       0.00
3:00pm             97          0          5         88       24.7      30.07       0.00
3:05pm             98          1          4         88       24.6      30.08       0.00
3:10pm             77          1          5         88       24.7      30.08       0.00
3:15pm            106          2          5         88       24.7      30.08       0.00
3:20pm             79          2          5         88       24.6      30.08       0.00
3:25pm             84          2          5         88       24.5      30.07       0.00
3:30pm             78          3          5         88       24.4      30.07       0.00
3:35pm             85          2          5         89       24.4      30.07       0.00
3:40pm             79          3          5         89       24.4      30.06       0.00
3:45pm            110          5          6         89       24.2      30.06       0.00
3:50pm             79          2          6         90       24.1      30.06       0.00
3:55pm             63          1          6         90       24.1      30.06       0.00
4:00pm            103          0          6         90       24.2      30.05       0.00
4:05pm            113          4          5         90       24.2      30.05       0.00
4:10pm             82          1          7         90       24.0      30.06       0.00
4:15pm             84          2          7         90       23.9      30.06       0.00
4:20pm             93          0          7         90       23.9      30.06       0.00
4:25pm             91          0          7         90       23.9      30.06       0.00
4:30pm             84          0          7         91       23.9      30.06       0.00
4:35pm             88          2          2         91       23.9      30.06       0.00
4:40pm             91          1          3         91       23.9      30.05       0.00
4:45pm             85          1          3         91       23.8      30.05       0.00
4:50pm             99          1          3         91       23.8      30.05       0.00
4:55pm            106          1          4         91       23.7      30.05       0.00
5:00pm             91          3          4         91       23.6      30.05       0.00
5:05pm             71          2          4         91       23.5      30.04       0.00
5:10pm             89          0          4         91       23.5      30.05       0.00
5:15pm             78          0          4         91       23.4      30.04       0.00
5:20pm             80          0          4         91       23.4      30.04       0.00
5:25pm             80          0          4         92       23.3      30.05       0.00
5:30pm             94          3          4         92       23.3      30.04       0.00
5:35pm             72          1          4         92       23.2      30.04       0.00
5:40pm             64          1          4         92       23.2      30.04       0.00
5:45pm             76          1          4         92       23.1      30.05       0.00
5:50pm             88          0          4         92       23.1      30.04       0.00
5:55pm             93          3          4         92       23.1      30.03       0.00
6:00pm             68          1          4         92       23.1      30.04       0.00
6:05pm            102          1          2         92       23.0      30.04       0.00
6:10pm             91          2          4         92       22.9      30.03       0.00
6:15pm             98          1          4         92       22.9      30.04       0.00
6:20pm             85          0          4         92       22.9      30.04       0.00
6:25pm             60          0          4         92       22.9      30.04       0.00
6:30pm             89          0          4         92       22.8      30.04       0.00
6:35pm             95          0          1         92       22.8      30.05       0.00
6:40pm             95          0          1         92       22.8      30.05       0.00
6:45pm             94          0          1         92       22.8      30.05       0.00
6:50pm            120          0          1         92       22.8      30.05       0.00
6:55pm            115          0          2         92       22.8      30.04       0.00
7:00pm            113          0          2         92       22.8      30.04       0.00
7:05pm             80          1          2         92       22.8      30.03       0.00
7:10pm            117          0          2         92       22.7      30.03       0.00
7:15pm            121          0          2         92       22.8      30.04       0.00
7:20pm            121          0          2         92       22.7      30.04       0.00
7:25pm            121          0          2         92       22.7      30.04       0.00
7:30pm            106          0          2         92       22.6      30.04       0.00
7:35pm            253          0          1         92       22.7      30.04       0.00
7:40pm            113          0          1         92       22.6      30.03       0.00
7:45pm            108          0          1         92       22.7      30.03       0.00
7:50pm            122          0          1         92       22.6      30.03       0.00
7:55pm            118          0          1         92       22.6      30.03       0.00
8:00pm            108          0          1         92       22.6      30.02       0.00
8:05pm            108          0          0         92       22.6      30.03       0.00
8:10pm            108          0          0         92       22.5      30.02       0.00
8:15pm            108          0          0         92       22.4      30.02       0.00
8:20pm            108          0          0         92       22.4      30.02       0.00
8:25pm            108          0          0         92       22.4      30.02       0.00
8:30pm            108          0          0         92       22.3      30.02       0.00
8:35pm            108          0          0         92       22.4      30.01       0.00
8:40pm            108          0          0         92       22.3      30.02       0.00
8:45pm            108          0          0         92       22.2      30.02       0.00
8:50pm            108          0          0         92       22.1      30.02       0.00
8:55pm            108          0          0         92       22.1      30.02       0.00
9:00pm            108          0          0         92       22.1      30.02       0.00
9:05pm            108          0          0         92       22.2      30.02       0.00
9:10pm            108          0          0         92       22.3      30.01       0.00
9:15pm            108          0          0         92       22.3      30.01       0.00
9:20pm            108          0          0         92       22.4      30.00       0.00
9:25pm            108          0          0         92       22.3      30.01       0.00
9:30pm            108          0          0         93       22.4      30.01       0.00
9:35pm            108          0          0         92       22.4      30.01       0.00
9:40pm            108          0          0         92       22.3      30.02       0.00
9:45pm            108          0          0         92       22.3      30.02       0.00
9:50pm            108          0          0         93       22.3      30.02       0.00
9:55pm            108          0          0         93       22.3      30.01       0.00
10:00pm           108          0          0         93       22.3      30.01       0.00
10:05pm           108          0          0         92       22.2      30.00       0.00
10:10pm           108          0          0         93       22.3      30.00       0.00
10:15pm           108          0          0         93       22.4      30.00       0.00
10:20pm           108          0          0         93       22.4      30.00       0.00
10:25pm           108          0          0         93       22.3      30.00       0.00
10:30pm           108          0          0         93       22.3      30.00       0.00
10:35pm           108          0          0         93       22.3      30.00       0.00
10:40pm           108          0          0         93       22.3      30.00       0.00
10:45pm           108          0          0         93       22.3      30.00       0.00
10:50pm           108          0          0         93       22.3      30.00       0.00
10:55pm           108          0          0         93       22.3      30.00       0.00
11:00pm           108          0          0         93       22.3      30.00       0.00
11:05pm           108          0          0         93       22.3      29.99       0.00
11:10pm           108          0          0         93       22.3      29.99       0.00
11:15pm           108          0          0         93       22.3      29.99       0.00
11:20pm           108          0          0         93       22.3      29.98       0.00
11:25pm           108          0          0         93       22.3      29.98       0.00
11:30pm           108          0          0         93       22.3      29.98       0.00
11:35pm           108          0          0         93       22.3      29.97       0.00
11:40pm           108          0          0         93       22.3      29.97       0.00
11:45pm           108          0          0         93       22.3      29.97       0.00
11:50pm           108          0          0         93       22.2      29.97       0.00
11:55pm           108          0          0         93       22.2      29.97       0.00
