2/27/21
Time         Wind Dir   Wind Spd  Wind Gust   Humidity       Temp  Raw Barom   Tot Rain
                    °        mph        mph          %         °F         in         in
12:00am            82          2          8         68       24.0      30.39       0.00
12:05am            56          0          3         67       24.4      30.40       0.00
12:10am            93          1          3         68       23.9      30.39       0.00
12:14am           106          0          3         70       22.8      30.39       0.00
12:20am           114          0          3         72       22.1      30.38       0.00
12:25am           113          1          3         72       22.3      30.38       0.00
12:29am           118          0          3         72       22.4      30.38       0.00
12:35am            86          0          2         72       22.7      30.39       0.00
12:40am            85          0          2         72       22.6      30.40       0.00
12:44am            85          0          2         73       22.1      30.40       0.00
12:50am            85          0          2         74       21.3      30.40       0.00
12:55am            82          0          2         75       20.8      30.40       0.00
1:00am             82          0          2         76       20.4      30.41       0.00
1:05am            139          0          1         76       19.9      30.40       0.00
1:10am            139          0          1         77       19.2      30.40       0.00
1:15am            136          0          1         78       19.0      30.39       0.00
1:20am            131          0          1         78       18.6      30.39       0.00
1:25am            131          0          1         79       18.0      30.39       0.00
1:30am            116          0          1         79       17.6      30.39       0.00
1:35am             78          0          1         81       17.6      30.39       0.00
1:40am             98          0          1         81       17.9      30.39       0.00
1:45am            104          0          1         81       17.9      30.39       0.00
1:50am            104          0          1         81       17.8      30.39       0.00
1:54am            111          0          1         82       17.9      30.38       0.00
2:00am            111          0          1         82       17.9      30.38       0.00
2:05am            111          0          0         82       17.9      30.38       0.00
2:10am            113          0          1         83       17.7      30.38       0.00
2:15am            113          0          1         83       17.3      30.38       0.00
2:20am            113          0          1         83       16.7      30.38       0.00
2:25am            113          0          1         83       16.3      30.38       0.00
2:30am             77          0          1         85       16.2      30.37       0.00
2:35am             77          0          0         85       16.4      30.37       0.00
2:40am            101          0          1         86       16.8      30.36       0.00
2:45am            129          0          1         86       16.8      30.35       0.00
2:50am            141          1          1         85       16.5      30.36       0.00
2:55am            127          0          2         84       15.8      30.36       0.00
3:00am            125          0          2         85       15.3      30.36       0.00
3:05am            120          0          1         85       15.0      30.36       0.00
3:10am            120          0          1         86       14.9      30.35       0.00
3:15am            120          0          1         86       14.7      30.35       0.00
3:20am            107          0          1         86       14.7      30.35       0.00
3:25am            129          0          1         86       14.6      30.35       0.00
3:30am            144          0          1         87       14.6      30.35       0.00
3:35am            146          0          0         86       14.3      30.35       0.00
3:40am            119          0          1         87       14.2      30.35       0.00
3:45am            136          0          1         87       14.1      30.35       0.00
3:50am            131          0          1         87       14.1      30.35       0.00
3:55am            140          0          1         88       14.4      30.35       0.00
4:00am            110          0          1         88       14.7      30.35       0.00
4:05am            122          0          1         88       14.9      30.34       0.00
4:10am            120          0          1         88       14.8      30.34       0.00
4:15am            119          0          1         88       14.8      30.35       0.00
4:20am            235          0          1         88       14.9      30.35       0.00
4:25am            110          0          1         89       15.4      30.34       0.00
4:30am            129          0          1         88       15.6      30.35       0.00
4:35am            192          0          1         88       15.7      30.35       0.00
4:40am            152          0          1         89       15.9      30.35       0.00
4:45am            127          0          1         89       16.3      30.35       0.00
4:50am             96          1          2         90       17.1      30.34       0.00
4:55am            117          0          2         90       18.6      30.34       0.00
5:00am            108          0          2         90       19.7      30.34       0.00
5:05am             90          0          3         89       21.3      30.34       0.00
5:10am             83          1          3         85       22.4      30.33       0.00
5:15am            108          0          3         82       23.0      30.33       0.00
5:20am            125          1          3         81       23.1      30.33       0.00
5:25am            107          0          3         81       23.5      30.33       0.00
5:30am            109          0          3         80       23.9      30.33       0.00
5:35am             89          2          3         80       24.2      30.32       0.00
5:40am            105          0          3         79       24.5      30.32       0.00
5:45am            112          0          3         78       24.7      30.32       0.00
5:50am             62          0          3         78       24.7      30.32       0.00
5:55am            343          0          3         78       25.0      30.32       0.00
6:00am            294          0          3         78       25.0      30.32       0.00
6:05am            119          0          1         78       24.9      30.32       0.00
6:10am            119          0          1         79       24.9      30.32       0.00
6:15am            124          1          3         79       25.0      30.31       0.00
6:20am            104          0          3         79       25.0      30.31       0.00
6:25am             99          0          3         79       25.0      30.31       0.00
6:30am             56          1          3         80       25.0      30.31       0.00
6:35am             69          1          2         80       25.0      30.30       0.00
6:40am             77          1          2         80       24.9      30.30       0.00
6:45am            100          0          2         81       24.9      30.30       0.00
6:50am             82          0          2         81       24.9      30.30       0.00
6:55am             98          0          2         82       25.0      30.29       0.00
7:00am             59          0          2         82       25.0      30.29       0.00
7:05am             62          1          1         83       25.1      30.29       0.00
7:10am             75          1          3         83       25.1      30.29       0.00
7:15am             84          0          3         84       25.1      30.29       0.00
7:20am             65          1          3         85       25.1      30.29       0.00
7:25am             98          1          4         87       25.0      30.29       0.00
7:30am            103          2          4         88       25.1      30.28       0.00
7:35am             98          3          6         89       25.2      30.28       0.00
7:40am             97          2          6         89       25.3      30.28       0.00
7:45am            112          2          7         90       25.3      30.28       0.00
7:50am             73          2          7         90       25.4      30.28       0.00
7:55am             87          1          8         90       25.5      30.27       0.00
8:00am             89          6          8         90       25.4      30.27       0.00
8:05am             82          2         11         90       25.4      30.27       0.00
8:10am            136          2         11         91       25.4      30.27       0.00
8:15am             91          3         11         91       25.5      30.26       0.00
8:20am             66          1         11         91       25.5      30.26       0.00
8:25am             94          5         11         91       25.6      30.26       0.00
8:30am            143          6         11         91       25.7      30.25       0.00
8:35am            126          6         11         91       25.8      30.25       0.00
8:40am            101          4         11         91       25.7      30.25       0.00
8:45am             52          2         11         91       25.7      30.24       0.00
8:50am             74          3         11         91       25.7      30.24       0.00
8:55am             98          4         12         91       25.7      30.23       0.00
9:00am             72          3         12         91       25.8      30.23       0.00
9:05am             65          4         10         91       25.8      30.23       0.00
9:10am             72         10         10         91       25.8      30.22       0.00
9:15am            116          4         10         91       25.8      30.22       0.00
9:20am            124          3         10         91       25.8      30.22       0.00
9:25am            114          1         11         91       25.8      30.21       0.00
9:30am            147          6         11         91       25.7      30.21       0.00
9:35am             48          4         13         91       25.7      30.20       0.00
9:40am            146          2         13         91       25.8      30.20       0.00
9:45am             41          3         13         91       25.9      30.20       0.00
9:50am             70          0         13         91       25.9      30.20       0.00
9:55am            125          3         13         91       25.9      30.19       0.00
10:00am            99          2         13         91       26.0      30.19       0.00
10:05am            75          3          6         91       26.1      30.19       0.00
10:10am            84          3         10         91       26.1      30.18       0.00
10:15am            49          5         11         91       26.2      30.18       0.00
10:20am           139          2         11         91       26.3      30.18       0.00
10:25am            77          3         11         91       26.4      30.17       0.00
10:30am           113          0         11         91       26.6      30.16       0.00
10:35am            51          2         11         91       26.7      30.16       0.00
10:40am           104          2         11         91       26.7      30.16       0.00
10:45am           103          3         11         91       26.8      30.15       0.00
10:50am            86          4         11         91       26.9      30.15       0.00
10:55am           109          6         18         91       26.8      30.14       0.00
11:00am            86          6         18         92       26.9      30.14       0.00
11:05am           105          2         15         92       27.0      30.14       0.00
11:10am            66          5         15         92       27.1      30.13       0.00
11:15am            50          5         15         92       27.3      30.12       0.00
11:20am            58          6         15         92       27.4      30.12       0.00
11:25am            86          3         15         93       27.6      30.12       0.00
11:30am            86          5         15         93       27.7      30.12       0.00
11:35am           154          1          8         93       27.8      30.11       0.00
11:40am            71          2          9         93       28.0      30.11       0.00
11:45am            51          7          9         93       28.0      30.10       0.00
11:50am            91          3         10         93       28.1      30.10       0.00
11:55am           133          3         10         93       28.3      30.10       0.00
12:00pm            94          2         10         93       28.6      30.10       0.00
12:05pm            58          2          6         93       28.8      30.09       0.00
12:10pm            54          3          9         94       29.0      30.08       0.00
12:15pm            78          5         10         94       29.3      30.08       0.00
12:20pm           105          1         10         93       29.4      30.08       0.00
12:25pm            98          2         10         94       29.6      30.07       0.00
12:30pm            82          5         10         94       29.6      30.06       0.00
12:35pm            97          3          9         94       29.7      30.06       0.00
12:40pm            99          6          9         94       29.8      30.05       0.00
12:45pm           117          4         11         94       29.9      30.04       0.00
12:50pm            85          5         15         94       30.0      30.04       0.00
12:55pm           101          5         15         94       30.2      30.03       0.00
1:00pm             80          6         15         94       30.2      30.03       0.00
1:05pm             95          4         11         94       30.4      30.02       0.00
1:10pm             77          5         11         94       30.5      30.01       0.00
1:15pm            133          2         11         94       30.6      30.01       0.00
1:20pm             86          2         11         94       30.8      30.00       0.00
1:25pm             56          2         11         94       30.9      30.00       0.00
1:30pm             48          3         11         94       31.0      30.00       0.00
1:35pm             69          1          8         94       31.0      29.99       0.00
1:40pm             94          1          8         94       31.2      29.99       0.00
1:45pm             80          1          8         94       31.3      29.98       0.00
1:50pm             93          1          8         94       31.4      29.98       0.00
1:55pm             99          2          8         94       31.4      29.99       0.00
2:00pm             60          3          8         94       31.5      29.98       0.00
2:05pm             79          4          5         94       31.6      29.98       0.00
2:10pm            110          4         12         94       31.6      29.98       0.00
2:15pm             72          3         12         94       31.6      29.97       0.00
2:20pm             93          5         12         94       31.6      29.97       0.00
2:25pm             69          3         12         94       31.6      29.96       0.00
2:30pm             99          6         12         94       31.6      29.95       0.00
2:35pm             84          5         10         94       31.6      29.95       0.00
2:40pm             55          3         10         94       31.6      29.95       0.00
2:45pm             76          7         10         94       31.6      29.95       0.00
2:50pm            101          2         10         94       31.7      29.95       0.00
2:55pm            151          1         10         95       31.8      29.96       0.00
3:00pm            117          1         10         95       31.8      29.95       0.00
3:05pm             58          1          2         95       32.0      29.96       0.00
3:10pm             87          3          4         95       32.1      29.95       0.00
3:15pm            111          1          4         95       32.2      29.95       0.00
3:20pm             67          1          4         95       32.2      29.95       0.00
3:25pm            119          2          4         94       32.3      29.94       0.00
3:30pm            118          2          4         94       32.4      29.93       0.00
3:35pm             86          2          5         94       32.3      29.93       0.00
3:40pm            118          4          7         94       32.3      29.92       0.00
3:45pm            104          6          8         94       32.3      29.91       0.00
3:50pm            140          2          8         94       32.3      29.92       0.00
3:55pm            118          1          8         95       32.2      29.91       0.00
4:00pm             59          0          8         95       32.3      29.92       0.00
4:05pm             61          0          0         95       32.4      29.92       0.00
4:10pm             78          0          1         95       32.5      29.92       0.00
4:15pm             48          0          1         95       32.4      29.92       0.00
4:20pm             55          0          1         95       32.4      29.93       0.00
4:25pm            100          0          1         95       32.4      29.93       0.00
4:30pm             94          0          2         95       32.4      29.93       0.00
4:35pm            107          0          1         95       32.4      29.93       0.00
4:40pm            106          0          1         95       32.4      29.93       0.00
4:45pm            107          0          1         95       32.4      29.93       0.00
4:50pm            122          0          1         95       32.4      29.93       0.00
4:55pm            143          0          1         95       32.4      29.92       0.00
5:00pm            143          0          1         95       32.4      29.92       0.00
5:05pm            143          0          0         95       32.4      29.92       0.00
5:10pm            143          0          0         95       32.4      29.92       0.00
5:15pm            143          0          0         95       32.4      29.92       0.00
5:20pm            140          0          0         95       32.4      29.92       0.00
5:25pm            230          0          0         95       32.4      29.92       0.00
5:30pm            236          0          0         95       32.4      29.92       0.00
5:35pm            256          0          0         95       32.4      29.92       0.00
5:40pm            273          0          1         95       32.4      29.93       0.00
5:45pm            266          1          1         95       32.3      29.93       0.00
5:50pm            260          1          1         95       32.3      29.94       0.00
5:55pm            276          0          1         95       32.3      29.94       0.00
6:00pm            280          0          1         95       32.3      29.94       0.00
6:05pm            274          0          1         95       32.3      29.95       0.00
6:10pm            271          0          1         95       32.3      29.95       0.00
6:15pm            274          0          1         95       32.3      29.95       0.00
6:20pm            276          0          3         95       32.3      29.95       0.00
6:25pm            267          1          3         96       32.2      29.95       0.00
6:30pm            255          1          3         96       32.1      29.95       0.00
6:35pm            275          1          1         95       32.0      29.95       0.00
6:40pm            282          1          3         96       32.0      29.95       0.00
6:45pm            279          4          4         96       32.1      29.96       0.00
6:50pm            252          0          4         96       32.1      29.96       0.00
6:55pm            277          2          4         96       32.1      29.96       0.00
7:00pm            276          0          4         96       32.0      29.96       0.00
7:05pm            284          1          2         96       32.0      29.96       0.00
7:10pm            261          1          2         96       32.0      29.95       0.00
7:15pm            248          0          2         96       32.0      29.96       0.00
7:20pm            271          1          2         96       32.0      29.96       0.00
7:25pm            248          0          3         96       32.1      29.97       0.00
7:30pm            240          1          3         96       32.1      29.97       0.00
7:35pm            250          0          2         96       32.1      29.97       0.00
7:40pm            243          0          2         96       32.2      29.97       0.00
7:45pm            261          0          2         96       32.3      29.97       0.00
7:50pm            248          0          2         96       32.3      29.98       0.00
7:55pm            236          0          2         96       32.4      29.98       0.00
8:00pm            242          1          2         96       32.4      29.99       0.00
8:05pm            295          5          5         97       32.6      29.99       0.00
8:10pm            285          0          5         97       32.9      30.00       0.00
8:15pm            290          2          5         97       33.2      30.00       0.00
8:20pm            259          1          5         97       33.5      30.01       0.00
8:25pm            280          0          5         97       33.3      30.01       0.00
8:30pm            263          1          5         97       33.3      30.01       0.00
8:35pm            284          2          3         97       33.4      30.02       0.00
8:40pm            269          4          6         97       33.6      30.02       0.00
8:45pm            278          3         10         97       34.3      30.02       0.00
8:50pm            243          3         10         97       34.6      30.03       0.00
8:55pm            274          1         10         97       34.9      30.03       0.00
9:00pm            276         13         13         96       35.2      30.03       0.00
9:05pm            294          4         13         96       35.7      30.03       0.00
9:10pm            278          4         13         93       36.1      30.04       0.00
9:15pm            284          3         13         91       36.3      30.04       0.00
9:20pm            260          3         13         90       36.4      30.04       0.00
9:25pm            277          7         13         90       36.4      30.05       0.00
9:30pm            259          4         13         89       36.4      30.05       0.00
9:35pm            295         12         13         89       36.4      30.05       0.00
9:40pm            292          4         13         88       36.5      30.06       0.00
9:45pm            316          4         13         88       36.4      30.06       0.00
9:50pm            283          2         13         88       36.4      30.07       0.00
9:55pm            266          2         13         88       36.3      30.07       0.00
10:00pm           252          0         13         87       36.3      30.08       0.00
10:05pm           255          0          5         87       36.3      30.08       0.00
10:10pm           271          1          9         87       36.2      30.08       0.00
10:15pm           244          3          9         87       36.2      30.08       0.00
10:20pm            17          1          9         86       36.4      30.08       0.00
10:25pm           271          1         11         85       36.6      30.09       0.00
10:30pm           289          0         11         85       36.7      30.09       0.00
10:35pm           260          1          5         84       36.5      30.09       0.00
10:40pm           297          1          5         85       36.4      30.09       0.00
10:45pm            98          0         11         85       36.5      30.09       0.00
10:50pm           285          0         11         85       36.4      30.09       0.00
10:55pm            63          2         11         85       36.2      30.10       0.00
11:00pm            98          1         11         85       36.2      30.10       0.00
11:05pm           360          1          4         85       36.1      30.10       0.00
11:10pm           354          0          4         85       36.1      30.11       0.00
11:15pm           269          0          4         85       36.1      30.11       0.00
11:20pm           297          0          4         85       35.9      30.11       0.00
11:25pm            63          0          4         85       35.7      30.11       0.00
11:30pm            20          0          4         86       35.6      30.11       0.00
11:35pm           237          0          3         85       35.6      30.11       0.00
11:40pm           250          0          4         86       35.4      30.12       0.00
11:45pm           244          0          4         85       34.9      30.12       0.00
11:50pm           275          1          4         86       34.5      30.13       0.00
11:55pm           264          0          4         87       34.2      30.13       0.00
