3/31/21
Time         Wind Dir   Wind Spd  Wind Gust   Humidity       Temp  Raw Barom   Tot Rain
                    °        mph        mph          %         °F         in         in
12:00am           217          1          3         54       43.7      30.17       0.00
12:05am           290          4          5         54       43.5      30.17       0.00
12:10am           298          2          6         53       43.9      30.17       0.00
12:15am           280          2          8         53       44.1      30.17       0.00
12:20am           281          0          8         53       44.3      30.17       0.00
12:25am           148          1          8         54       44.2      30.17       0.00
12:30am           255          2          8         54       44.2      30.17       0.00
12:35am           278          2          6         55       44.1      30.16       0.00
12:40am           274          1          7         55       44.1      30.17       0.00
12:45am           283          3          9         56       44.1      30.16       0.00
12:50am           260          2          9         56       43.9      30.16       0.00
12:55am           281          0          9         57       43.7      30.16       0.00
1:00am            270          1          9         58       43.5      30.16       0.00
1:05am            285          0          3         58       43.3      30.16       0.00
1:10am            285          0          5         59       43.4      30.16       0.00
1:15am            289          0          5         60       43.2      30.16       0.00
1:20am            297          0          5         60       43.2      30.16       0.00
1:25am            265          1          7         61       43.3      30.16       0.00
1:30am            279          0          7         62       43.2      30.16       0.00
1:35am            273          2          5         63       43.1      30.15       0.00
1:40am            242          2          5         64       43.0      30.15       0.00
1:45am            355          1          5         65       43.1      30.15       0.00
1:50am            236          2          5         65       43.0      30.15       0.00
1:55am            290          3          5         66       42.9      30.15       0.00
2:00am            252          1          7         67       43.0      30.15       0.00
2:05am            302          1          5         67       42.8      30.14       0.00
2:10am            285          6          7         68       42.9      30.14       0.00
2:15am            292          5         11         68       42.9      30.14       0.00
2:20am            197          4         11         69       43.0      30.13       0.00
2:25am            226          5         11         69       42.9      30.13       0.00
2:30am            285          6         12         70       43.0      30.13       0.00
2:35am            293          0         11         70       43.1      30.13       0.00
2:40am            268          3         11         70       43.0      30.13       0.00
2:45am            270          2         11         71       43.0      30.13       0.00
2:50am            303          9         16         71       43.1      30.13       0.00
2:55am            265          4         16         71       42.9      30.13       0.00
3:00am            255          6         16         72       42.9      30.12       0.00
3:05am            274          4          9         72       42.9      30.12       0.00
3:10am            276          3         11         73       42.8      30.12       0.00
3:15am            286          6         11         73       42.7      30.12       0.00
3:20am            288          4         11         73       42.8      30.13       0.00
3:25am            302          3         11         73       42.7      30.12       0.00
3:30am            341          6         11         74       42.7      30.13       0.00
3:35am            256          7          8         74       42.7      30.13       0.00
3:40am            252          6         10         74       42.7      30.12       0.00
3:45am            296          4         10         74       42.8      30.12       0.00
3:50am            266          1         10         74       42.6      30.11       0.00
3:55am            228          0         10         75       42.4      30.11       0.00
4:00am            233          0         10         75       42.3      30.10       0.00
4:05am            259          0          3         75       42.2      30.10       0.00
4:10am            342          1          3         76       42.1      30.10       0.00
4:15am            267          1          4         75       42.2      30.09       0.00
4:20am            281          0          4         76       42.0      30.10       0.00
4:25am            276          0          4         76       41.6      30.10       0.00
4:30am            276          0          4         76       41.0      30.10       0.00
4:35am            276          0          0         77       40.4      30.10       0.00
4:40am            276          1          1         78       40.0      30.11       0.00
4:45am            263          0          1         79       39.6      30.11       0.00
4:50am            263          0          1         79       39.1      30.11       0.00
4:55am            263          0          1         80       38.7      30.11       0.00
5:00am            263          0          1         81       38.4      30.11       0.00
5:05am            247          0          0         82       38.7      30.11       0.00
5:10am             92          1          2         82       38.6      30.10       0.00
5:15am             92          0          2         83       38.2      30.10       0.00
5:20am             84          0          2         83       38.2      30.09       0.00
5:25am             84          0          2         84       37.8      30.10       0.00
5:30am             84          0          2         84       37.5      30.09       0.00
5:35am             84          0          1         85       37.2      30.10       0.00
5:40am             91          0          1         86       37.0      30.10       0.00
5:45am             91          0          1         86       36.9      30.10       0.00
5:50am             91          0          1         86       36.9      30.09       0.00
5:55am             91          0          1         87       37.2      30.09       0.00
6:00am             90          0          2         86       36.7      30.09       0.00
6:05am            153          0          2         87       36.6      30.09       0.00
6:10am            153          0          2         87       36.3      30.09       0.00
6:15am             91          1          2         87       36.3      30.09       0.00
6:20am             58          2          2         86       37.1      30.10       0.00
6:25am             99          0          3         84       37.4      30.10       0.00
6:30am             91          0          3         83       37.3      30.09       0.00
6:35am             95          1          1         83       37.1      30.10       0.00
6:40am            112          1          3         83       36.9      30.10       0.00
6:45am            126          0          3         83       37.0      30.10       0.00
6:50am             78          0          3         84       36.6      30.09       0.00
6:55am             83          0          3         84       36.7      30.09       0.00
7:00am            103          1          3         83       37.0      30.10       0.00
7:05am            110          1          1         82       37.2      30.10       0.00
7:10am            121          0          2         82       36.9      30.09       0.00
7:15am            120          0          2         83       37.1      30.09       0.00
7:20am            120          0          2         83       37.2      30.09       0.00
7:25am            127          0          2         83       37.1      30.09       0.00
7:30am            110          0          2         83       37.0      30.09       0.00
7:35am            255          0          1         84       37.3      30.09       0.00
7:40am            109          0          1         83       37.5      30.09       0.00
7:45am            160          0          1         83       37.6      30.09       0.00
7:50am            160          0          1         83       37.8      30.09       0.00
7:55am            102          0          1         82       37.9      30.08       0.00
8:00am            133          0          2         82       38.0      30.08       0.00
8:05am            101          2          3         83       38.4      30.07       0.00
8:10am             86          2          3         83       39.5      30.07       0.00
8:15am             78          2          3         82       40.3      30.06       0.00
8:20am            117          0          3         81       40.9      30.06       0.00
8:25am            102          2          5         81       41.5      30.06       0.00
8:30am            186          0          5         81       42.0      30.06       0.00
8:35am            127          3          3         80       42.5      30.06       0.00
8:40am            123          2          3         80       42.5      30.05       0.00
8:45am             77          1          3         81       42.5      30.05       0.00
8:50am            100          1          3         81       43.2      30.05       0.00
8:55am            103          2          4         83       43.2      30.05       0.00
9:00am             84          0          4         83       44.4      30.05       0.00
9:05am            227          3          3         83       45.0      30.04       0.00
9:10am            227          1          3         86       45.6      30.04       0.00
9:15am            139          0         12         86       47.2      30.04       0.00
9:20am            140          1         12         88       48.4      30.05       0.00
9:25am            248          4         12         87       49.1      30.04       0.00
9:30am            182          4         12         87       49.4      30.04       0.00
9:35am            266          3          8         87       49.6      30.04       0.00
9:40am            237          4         11         87       49.7      30.04       0.00
9:45am            217          7         11         87       49.7      30.04       0.00
9:50am            285          0         14         87       49.8      30.03       0.00
9:55am            293          0         14         87       49.9      30.03       0.00
10:00am           285          0         14         87       50.1      30.03       0.00
10:05am           257          2          9         87       50.1      30.03       0.00
10:10am           265          3          9         87       50.2      30.03       0.00
10:15am           285          2         11         87       50.4      30.03       0.00
10:20am           276          2         11         87       50.6      30.03       0.00
10:25am           269          3         11         87       50.7      30.03       0.00
10:30am           146          0         11         87       50.9      30.02       0.00
10:35am           217          6         12         87       51.0      30.02       0.00
10:40am           309          2         12         87       51.2      30.02       0.00
10:45am           250          2         12         86       51.3      30.02       0.00
10:50am           251          3         13         86       51.3      30.02       0.00
10:55am           300          9         14         86       51.3      30.02       0.00
11:00am           257          6         15         86       51.4      30.01       0.00
11:05am           293          9         10         86       51.6      30.01       0.00
11:10am           254          5         13         86       51.7      30.01       0.00
11:15am           283          5         13         85       51.9      30.01       0.00
11:20am           250          3         13         85       52.1      30.01       0.00
11:25am           279          3         13         84       52.5      30.01       0.00
11:30am           279          4         14         84       52.8      30.00       0.00
11:35am           243          6         10         83       53.1      30.00       0.00
11:40am           290          7         11         82       53.4      29.99       0.00
11:45am           273          3         11         82       53.7      29.99       0.00
11:50am           271          8         13         82       53.7      29.99       0.00
11:55am           286          7         13         81       53.8      29.99       0.00
12:00pm           271          6         13         81       53.8      29.99       0.00
12:05pm           312          6         10         81       54.0      29.99       0.00
12:10pm           271          3         10         81       54.0      29.98       0.00
12:15pm           297          5         11         82       54.0      29.98       0.00
12:20pm           269          9         16         82       54.1      29.98       0.00
12:25pm           343         11         16         82       54.1      29.98       0.00
12:30pm           291          4         16         82       54.3      29.97       0.00
12:35pm           271          6         11         81       54.9      29.96       0.00
12:40pm           286          4         12         81       55.1      29.96       0.00
12:45pm           299          4         14         80       55.5      29.95       0.00
12:50pm           288          3         14         80       55.7      29.95       0.00
12:55pm           284          8         14         81       55.4      29.95       0.00
1:00pm            286         10         14         81       55.4      29.95       0.00
1:05pm            274          3         14         81       55.3      29.95       0.00
1:10pm            253          6         14         81       55.4      29.94       0.00
1:15pm            279          5         14         82       55.5      29.94       0.00
1:20pm            296          6         14         82       55.5      29.94       0.00
1:25pm            258          7         15         82       55.3      29.94       0.00
1:30pm            232         10         15         83       55.1      29.94       0.00
1:35pm            288          3         10         83       55.1      29.95       0.00
1:40pm            236          3         10         83       55.0      29.95       0.00
1:45pm             19          9         11         84       55.0      29.95       0.00
1:50pm            271          3         12         84       54.9      29.94       0.00
1:55pm            274          6         12         84       54.9      29.94       0.00
2:00pm            297          5         13         84       54.9      29.93       0.00
2:05pm            272          2         12         84       54.9      29.93       0.00
2:10pm            279          6         12         84       55.0      29.93       0.00
2:15pm            254          3         12         84       55.2      29.93       0.00
2:20pm            269          3         12         84       55.3      29.93       0.00
2:25pm            295          7         12         84       55.4      29.93       0.00
2:30pm            281          3         14         84       55.6      29.92       0.00
2:35pm            275          6          9         83       55.8      29.92       0.00
2:40pm            276          4         10         83       55.9      29.92       0.00
2:45pm            243          2         10         83       56.0      29.92       0.00
2:50pm            268          3         10         83       56.0      29.92       0.00
2:55pm            249          5         10         83       56.1      29.92       0.00
3:00pm            262          0         10         82       56.3      29.91       0.00
3:05pm            288          4          8         82       56.4      29.91       0.00
3:10pm            288          5         10         83       56.4      29.91       0.00
3:15pm            288          2         10         82       56.5      29.91       0.00
3:20pm            274          2         10         82       56.6      29.90       0.00
3:25pm            251          4         10         82       56.7      29.90       0.00
3:30pm            264          2         10         82       56.8      29.90       0.00
3:35pm            302          2         11         81       56.9      29.89       0.00
3:40pm            234          1         11         81       57.0      29.89       0.00
3:45pm            277          3         11         81       57.1      29.89       0.00
3:50pm            289          3         11         81       57.1      29.89       0.00
3:55pm            280          5         11         81       57.2      29.89       0.00
4:00pm            257          4         11         81       57.2      29.88       0.00
4:05pm            245          3          5         81       57.2      29.88       0.00
4:10pm            274          4         10         81       57.2      29.88       0.00
4:15pm            288          4         10         81       57.2      29.88       0.00
4:20pm            296          4         11         82       57.2      29.88       0.00
4:25pm            283          6         11         82       57.1      29.88       0.00
4:30pm            293          3         11         82       57.1      29.88       0.00
4:35pm            207          0          7         82       57.0      29.88       0.00
4:40pm            265          4         10         82       57.0      29.87       0.00
4:45pm            326          1         10         82       57.1      29.87       0.00
4:50pm            283          1         10         82       57.1      29.87       0.00
4:55pm            281          2         10         82       57.1      29.87       0.00
5:00pm            242          4         10         82       57.1      29.87       0.00
5:05pm            267          3          7         82       57.0      29.87       0.00
5:10pm            269          8          8         82       57.0      29.87       0.00
5:15pm            283          4          9         83       56.9      29.87       0.00
5:20pm            269          4          9         83       56.8      29.87       0.00
5:25pm            256          1          9         83       56.7      29.87       0.00
5:30pm            245          1          9         83       56.7      29.87       0.00
5:35pm            281          2          5         83       56.6      29.86       0.00
5:40pm            245          2          5         84       56.6      29.86       0.00
5:45pm            265          2          6         84       56.5      29.86       0.00
5:50pm            253          2          7         85       56.4      29.87       0.00
5:55pm            282          5          7         86       56.2      29.86       0.00
6:00pm            293          1          7         87       55.8      29.87       0.00
6:05pm            262          2          5         89       55.5      29.86       0.00
6:10pm            231          2          5         90       55.1      29.86       0.00
6:15pm            243          0          5         90       54.9      29.85       0.00
6:20pm            198          2          5         91       54.8      29.85       0.00
6:25pm            293          6          6         91       54.7      29.85       0.00
6:30pm            229          1          7         91       54.7      29.85       0.00
6:35pm            291          0          6         91       54.7      29.85       0.00
6:40pm            319          0          7         90       54.9      29.85       0.00
6:45pm            236          0          7         90       54.9      29.85       0.00
6:50pm            224          0          7         90       55.0      29.85       0.00
6:55pm            281          2          7         89       55.1      29.85       0.00
7:00pm            342          3          7         89       55.2      29.85       0.00
7:05pm            271          0          8         89       55.2      29.85       0.00
7:10pm            281          4          8         88       55.3      29.84       0.00
7:15pm            237          1          8         88       55.4      29.84       0.00
7:20pm            291          1          8         88       55.4      29.84       0.00
7:25pm            266          1          8         88       55.4      29.84       0.00
7:30pm            277          0          8         88       55.4      29.83       0.00
7:35pm            266          0          4         88       55.4      29.83       0.00
7:40pm            252          0          4         87       55.4      29.83       0.00
7:45pm            281          0          4         88       55.2      29.83       0.00
7:50pm            208          0          4         87       55.3      29.83       0.00
7:55pm            217          0          4         88       55.3      29.83       0.00
8:00pm            245          0          4         87       55.5      29.83       0.00
8:05pm            312          0          6         87       55.6      29.83       0.00
8:10pm            219          0          6         87       55.6      29.83       0.00
8:15pm            246          0          6         87       55.7      29.83       0.00
8:20pm            127          0          6         86       55.5      29.83       0.00
8:25pm            233          0          6         87       55.4      29.83       0.00
8:30pm            233          0          6         87       55.2      29.83       0.00
8:35pm            221          0          7         87       55.4      29.83       0.00
8:40pm              1          2          7         87       55.6      29.83       0.00
8:45pm            283          0          7         86       55.9      29.83       0.00
8:50pm            214          1          7         86       56.0      29.83       0.00
8:55pm            293          1          7         86       56.0      29.82       0.00
9:00pm            210          1          7         86       56.1      29.83       0.00
9:05pm            217          5          6         86       56.1      29.83       0.00
9:10pm            274          3          7         86       56.2      29.83       0.00
9:15pm            293          1          7         85       56.2      29.83       0.00
9:20pm            283          3         10         86       56.2      29.83       0.00
9:25pm            287          2         10         85       56.3      29.83       0.00
9:30pm            290          2         10         85       56.3      29.82       0.00
9:35pm            193          3          7         86       56.3      29.82       0.00
9:40pm            263          0          7         85       56.2      29.81       0.00
9:45pm            212          0          7         85       56.2      29.81       0.00
9:50pm            288          0          7         86       56.2      29.81       0.00
9:55pm            298          2          8         85       56.2      29.81       0.00
10:00pm           300          0          8         86       56.2      29.81       0.00
10:05pm           267          1          4         86       56.2      29.81       0.00
10:10pm           277          0          4         86       56.1      29.81       0.00
10:15pm           281          0          4         86       56.0      29.81       0.00
10:20pm           281          0          4         86       55.9      29.80       0.00
10:25pm           281          0          4         86       55.7      29.80       0.00
10:30pm           246          2          4         87       55.5      29.80       0.00
10:35pm           281          0          2         86       55.4      29.80       0.00
10:40pm           292          0          2         87       55.0      29.79       0.00
10:45pm           207          0          2         87       54.9      29.79       0.00
10:50pm           191          0          2         87       54.4      29.79       0.00
10:55pm           210          0          2         89       54.2      29.79       0.00
11:00pm           196          0          2         87       53.6      29.79       0.00
11:05pm           210          0          1         86       52.7      29.78       0.00
11:10pm           210          0          1         88       52.0      29.78       0.00
11:15pm            97          0          1         90       51.8      29.77       0.00
11:20pm           120          0          1         88       51.1      29.77       0.00
11:25pm           141          0          1         89       50.1      29.77       0.00
11:30pm           166          0          1         91       49.9      29.77       0.00
11:35pm           100          0          2         94       50.6      29.76       0.00
11:40pm           135          0          2         92       50.7      29.76       0.00
11:45pm           134          0          2         92       50.0      29.76       0.00
11:50pm           133          0          2         93       50.2      29.76       0.00
11:55pm           174          0          2         92       50.2      29.75       0.00
