3/29/21
Time         Wind Dir   Wind Spd  Wind Gust   Humidity       Temp  Raw Barom   Tot Rain
                    °        mph        mph          %         °F         in         in
12:00am           277          0          4         98       39.1      29.37       0.00
12:05am           271          1          1         98       39.2      29.39       0.00
12:10am           257          0          3         98       39.3      29.38       0.00
12:15am            94          0          3         98       39.4      29.36       0.00
12:20am           285          0          3         98       39.3      29.38       0.00
12:25am           275          0          3         98       39.2      29.37       0.00
12:30am           255          0          3         98       39.1      29.36       0.00
12:35am           287          3          3         98       39.2      29.38       0.00
12:40am           270          2          3         98       39.3      29.38       0.00
12:45am           202          2          3         98       39.4      29.37       0.00
12:50am           259          6          7         98       40.0      29.38       0.00
12:55am           258          4          7         98       40.4      29.36       0.00
1:00am            224          2          7         98       40.4      29.35       0.00
1:05am            231          5          6         98       40.4      29.34       0.00
1:10am            283          6          7         98       40.3      29.33       0.00
1:15am            210          1         10         98       40.2      29.34       0.00
1:20am            284          8         15         98       40.2      29.34       0.00
1:24am            248          4         15         98       40.1      29.35       0.00
1:30am            286          2         15         98       40.1      29.33       0.00
1:35am            268          3          8         98       40.0      29.33       0.00
1:40am            266          4          8         98       39.9      29.33       0.00
1:45am            285          5          8         98       39.8      29.33       0.00
1:50am            278          6         10         98       39.6      29.33       0.00
1:55am            256          3         12         98       39.4      29.33       0.00
2:00am            260          1         12         98       39.2      29.32       0.00
2:05am            276          5         10         98       39.0      29.32       0.00
2:10am            262          4         10         98       39.0      29.33       0.00
2:15am            231          5         11         97       38.8      29.34       0.00
2:20am            278          7         13         97       38.5      29.34       0.00
2:25am            274          7         19         97       38.0      29.33       0.00
2:30am            266          4         19         97       37.6      29.34       0.00
2:35am            258          4         14         97       37.2      29.34       0.00
2:40am            311          5         14         96       36.9      29.35       0.00
2:45am            281          6         15         96       36.6      29.34       0.00
2:49am            265          3         15         96       36.4      29.34       0.00
2:55am            294         14         17         96       36.4      29.34       0.00
3:00am            264          6         17         96       36.5      29.35       0.00
3:05am            272          3         14         95       36.5      29.35       0.00
3:10am            274          3         14         95       36.5      29.35       0.00
3:15am            274          7         14         95       36.5      29.35       0.00
3:20am            264          4         14         94       36.5      29.35       0.00
3:25am            288          5         14         93       36.6      29.35       0.00
3:30am            293          8         14         91       36.6      29.34       0.00
3:35am            277          7         15         90       36.6      29.35       0.00
3:40am            283         11         15         90       36.5      29.36       0.00
3:45am            276          8         15         88       36.5      29.37       0.00
3:50am            278          3         17         86       36.4      29.37       0.00
3:55am            275          4         17         85       36.3      29.37       0.00
4:00am            269          3         17         86       36.1      29.37       0.00
4:05am            296          4         10         86       36.0      29.38       0.00
4:10am            272          5         10         84       35.9      29.37       0.00
4:15am            277          9         14         83       35.9      29.37       0.00
4:20am            280          7         16         82       35.9      29.38       0.00
4:25am            258         10         16         83       35.8      29.38       0.00
4:30am            282          9         16         82       35.8      29.38       0.00
4:35am            285          5         19         81       35.9      29.38       0.00
4:40am            293         14         19         80       35.9      29.38       0.00
4:45am            274          6         19         79       35.9      29.38       0.00
4:50am            265          5         19         78       35.9      29.39       0.00
4:55am            240          6         19         79       35.9      29.39       0.00
5:00am            270          5         19         79       35.8      29.39       0.00
5:05am            276          6         17         79       35.8      29.38       0.00
5:10am            271          4         17         78       35.8      29.38       0.00
5:15am            274          6         17         78       35.9      29.39       0.00
5:20am            273          6         17         78       35.9      29.39       0.00
5:25am            289         10         17         78       35.9      29.39       0.00
5:30am            282          7         17         78       36.0      29.39       0.00
5:35am            288          7         18         79       35.9      29.39       0.00
5:40am            280          5         18         81       35.7      29.39       0.00
5:45am            280          7         18         82       35.5      29.40       0.00
5:50am            279          6         18         83       35.3      29.40       0.00
5:55am            274         10         18         83       35.2      29.40       0.00
6:00am            301          6         18         83       35.2      29.41       0.00
6:05am            255          7         15         83       35.3      29.41       0.00
6:10am            259          3         17         81       35.5      29.41       0.00
6:15am            281          8         17         80       35.6      29.41       0.00
6:20am            287         14         17         80       35.5      29.41       0.00
6:25am            301          6         17         80       35.6      29.41       0.00
6:30am            269         16         17         80       35.5      29.41       0.00
6:35am            295          7         16         79       35.7      29.42       0.00
6:40am            281          7         17         80       35.6      29.42       0.00
6:45am            264         18         18         80       35.6      29.43       0.00
6:50am            259          2         18         80       35.5      29.44       0.00
6:55am            282          4         18         81       35.4      29.44       0.00
7:00am            114          0         18         80       35.5      29.45       0.00
7:05am            270          5         11         79       35.6      29.46       0.00
7:10am            295         10         19         78       35.8      29.46       0.00
7:15am            264          4         19         78       35.9      29.47       0.00
7:20am            259          6         19         77       36.0      29.47       0.00
7:25am            237          4         19         76       36.0      29.47       0.00
7:30am            250          3         19         76       35.9      29.47       0.00
7:35am            231          7         18         75       35.7      29.48       0.00
8:00am            270          7         26         74       35.0      29.52       0.00
8:30am            270          6         27         75       34.5      29.55       0.00
9:20am            277          6          7         75       35.5      29.61       0.00
9:25am            285          3         11         75       35.5      29.61       0.00
9:30am            231          1         11         75       35.5      29.62       0.00
9:35am            276          4         15         75       35.3      29.63       0.00
9:40am            255          6         15         73       35.1      29.63       0.00
9:45am            186          6         15         73       35.1      29.64       0.00
9:50am            266         10         15         73       35.1      29.64       0.00
9:55am            328          2         15         72       35.3      29.65       0.00
10:00am           122          0         15         72       35.7      29.66       0.00
10:05am           335          2          6         73       36.2      29.66       0.00
10:10am           278          7         14         69       36.4      29.67       0.00
10:15am           295          2         17         69       36.4      29.67       0.00
10:20am           226          6         19         66       36.8      29.67       0.00
10:25am           248         15         19         65       37.1      29.66       0.00
10:30am           134          3         29         67       37.6      29.67       0.00
10:35am           109          2         14         64       37.8      29.68       0.00
10:40am           186          5         16         62       37.7      29.68       0.00
10:45am           277          9         17         62       37.9      29.67       0.00
10:50am           259          4         17         63       38.5      29.68       0.00
10:55am           256          6         17         62       38.7      29.68       0.00
11:00am           264         12         18         60       39.0      29.68       0.00
11:05am           276          7         21         61       38.7      29.69       0.00
11:10am           257          7         21         61       38.8      29.68       0.00
11:15am           217          4         21         60       39.5      29.68       0.00
11:20am           252         12         25         58       39.3      29.68       0.00
11:25am           271          9         25         58       39.7      29.69       0.00
11:30am           247          6         25         58       40.1      29.69       0.00
11:35am           276          8         19         56       39.9      29.69       0.00
11:40am           271          8         23         56       39.5      29.69       0.00
11:45am           300          3         23         56       39.6      29.70       0.00
11:50am           197          8         23         57       39.6      29.70       0.00
11:55am           271         12         23         57       39.9      29.71       0.00
12:00pm           210          4         23         58       40.0      29.73       0.00
12:05pm           203          7         22         54       40.3      29.72       0.00
12:10pm           296          9         24         54       40.2      29.73       0.00
12:15pm           289         10         24         55       40.6      29.73       0.00
12:20pm           255          8         24         54       40.1      29.73       0.00
12:25pm           290          8         24         54       39.8      29.74       0.00
12:30pm           233          5         24         54       39.5      29.74       0.00
12:35pm           227         11         13         53       39.3      29.74       0.00
12:40pm           254          9         21         53       38.7      29.75       0.00
12:45pm           260          7         21         54       38.6      29.75       0.00
12:50pm           274          3         21         53       38.7      29.76       0.00
12:55pm           252          8         21         52       39.1      29.76       0.00
1:00pm            293         12         21         51       39.0      29.76       0.00
1:05pm            229          6         14         51       39.5      29.76       0.00
1:10pm            274          4         21         48       39.7      29.76       0.00
1:15pm            271          7         22         44       39.9      29.77       0.00
1:20pm             13          3         22         45       39.8      29.78       0.00
1:25pm            288         10         22         44       40.1      29.77       0.00
1:30pm             44          4         22         45       40.4      29.78       0.00
1:35pm            271         13         22         45       40.4      29.77       0.00
1:40pm            283          3         22         45       40.8      29.78       0.00
1:45pm            239         10         22         44       41.2      29.79       0.00
1:50pm            260          9         24         42       40.9      29.78       0.00
1:55pm            300         10         24         43       40.9      29.79       0.00
2:00pm            285         20         24         41       41.2      29.79       0.00
2:05pm            233          8         26         42       41.2      29.79       0.00
2:10pm            234          7         26         42       41.2      29.79       0.00
2:15pm            234          8         26         39       41.5      29.80       0.00
2:20pm            286          9         26         41       42.1      29.81       0.00
2:25pm            275         12         26         40       42.8      29.81       0.00
2:30pm            265          6         26         39       42.9      29.82       0.00
2:35pm             87          4         28         36       42.9      29.83       0.00
2:40pm            314          4         28         36       43.0      29.83       0.00
2:45pm            319          5         28         37       43.2      29.83       0.00
2:50pm            256          3         28         36       43.5      29.83       0.00
2:55pm            252          8         28         36       44.1      29.83       0.00
3:00pm            223          0         28         36       44.7      29.84       0.00
3:05pm             28          6         14         31       45.3      29.84       0.00
3:10pm            290         10         20         30       44.9      29.84       0.00
3:15pm            244          7         20         31       44.8      29.85       0.00
3:20pm            139          2         20         29       45.5      29.86       0.00
3:25pm            255          1         20         29       45.3      29.87       0.00
3:30pm            239          3         20         26       45.3      29.87       0.00
3:35pm            127          0         12         28       45.1      29.88       0.00
3:40pm            281          1         19         27       45.2      29.88       0.00
3:45pm            251          6         19         28       45.3      29.88       0.00
3:50pm            285          1         19         27       45.5      29.89       0.00
3:55pm             63          3         19         29       46.0      29.90       0.00
4:00pm            288         10         19         28       46.0      29.89       0.00
4:05pm            281          6         21         28       45.7      29.89       0.00
4:10pm            291          3         21         28       45.5      29.89       0.00
4:15pm            224          4         21         28       45.4      29.90       0.00
4:20pm            298          6         21         27       45.5      29.90       0.00
4:25pm            268         13         21         26       45.1      29.89       0.00
4:30pm            359          4         21         26       44.9      29.91       0.00
4:35pm            303         13         19         25       44.9      29.91       0.00
4:40pm            169          3         20         26       44.6      29.91       0.00
4:45pm            124          6         20         25       44.6      29.91       0.00
4:50pm            120          3         20         25       44.7      29.92       0.00
4:55pm            102          5         20         26       45.0      29.92       0.00
5:00pm            242          3         20         24       44.7      29.92       0.00
5:05pm            282          3         14         25       44.7      29.93       0.00
5:10pm            263          3         15         25       44.2      29.94       0.00
5:15pm            256          5         15         26       44.4      29.94       0.00
5:20pm             25          1         15         26       44.4      29.94       0.00
5:25pm            153          0         15         25       44.2      29.95       0.00
5:30pm            290          7         15         26       44.2      29.95       0.00
5:35pm            310          7         14         25       43.8      29.96       0.00
5:40pm            263          6         14         25       43.6      29.96       0.00
5:45pm            157          0         14         25       43.6      29.97       0.00
5:50pm            197          3         14         25       44.0      29.97       0.00
5:55pm            213          5         14         26       43.5      29.97       0.00
6:00pm            270          3         14         26       43.3      29.97       0.00
6:30pm            270          3         16         30       40.6      29.99       0.00
7:00pm            270          4         17         32       39.1      30.00       0.00
7:30pm            270          2         11         36       37.7      30.02       0.00
8:00pm            270          1          7         40       36.8      30.05       0.00
8:30pm            270          1          6         41       35.8      30.08       0.00
9:00pm            248          0          4         44       35.1      30.10       0.00
9:30pm            270          1          6         44       34.9      30.13       0.00
10:00pm           270          1          5         47       33.7      30.14       0.00
10:30pm           270          1          5         49       32.8      30.15       0.00
11:00pm           270          1          5         49       32.5      30.16       0.00
11:30pm           270          1          7         47       32.9      30.17       0.00
