3/22/21
Time         Wind Dir   Wind Spd  Wind Gust   Humidity       Temp  Raw Barom   Tot Rain
                    °        mph        mph          %         °F         in         in
12:00am            98          0          2         82       28.4      30.42       0.00
12:05am           108          0          1         82       28.5      30.42       0.00
12:10am           108          0          1         82       28.2      30.42       0.00
12:15am           109          0          1         82       28.1      30.41       0.00
12:20am           112          0          2         82       28.3      30.41       0.00
12:25am           110          0          2         82       28.3      30.41       0.00
12:30am           125          0          2         83       28.3      30.41       0.00
12:35am           125          0          0         82       28.0      30.42       0.00
12:40am           125          0          0         81       28.0      30.41       0.00
12:45am           125          0          0         81       27.8      30.41       0.00
12:50am           125          0          0         81       27.5      30.41       0.00
12:55am           125          0          0         82       27.4      30.41       0.00
1:00am            125          0          0         83       27.3      30.41       0.00
1:05am            125          0          0         83       27.1      30.41       0.00
1:10am            125          0          0         83       27.0      30.41       0.00
1:15am            125          0          0         83       26.9      30.41       0.00
1:20am            125          0          0         84       26.7      30.41       0.00
1:25am            125          0          0         84       26.6      30.41       0.00
1:30am            125          0          0         84       26.2      30.41       0.00
1:35am            125          0          0         85       26.1      30.41       0.00
1:40am            125          0          0         85       26.2      30.41       0.00
1:45am            125          0          0         86       26.3      30.41       0.00
1:50am            118          0          1         86       26.6      30.41       0.00
1:55am            118          0          1         86       26.8      30.41       0.00
2:00am            118          0          1         86       26.7      30.41       0.00
2:05am            118          0          0         86       26.5      30.41       0.00
2:10am            118          0          0         86       26.4      30.41       0.00
2:15am            118          0          0         86       26.1      30.41       0.00
2:20am            118          0          0         86       25.8      30.41       0.00
2:25am            118          0          0         87       26.1      30.41       0.00
2:30am            118          0          0         87       26.1      30.41       0.00
2:35am            118          0          0         87       26.0      30.41       0.00
2:40am            118          0          0         87       25.8      30.40       0.00
2:45am            118          0          0         87       25.8      30.40       0.00
2:50am            118          0          0         87       25.8      30.40       0.00
2:55am            118          0          0         86       25.5      30.40       0.00
3:00am            118          0          0         87       25.3      30.40       0.00
3:05am            118          0          0         87       25.1      30.40       0.00
3:10am            118          0          0         87       25.1      30.40       0.00
3:15am            118          0          0         88       25.3      30.40       0.00
3:20am            118          0          0         88       25.4      30.40       0.00
3:25am            118          0          0         88       25.7      30.39       0.00
3:30am            118          0          0         87       25.7      30.39       0.00
3:35am            118          0          1         87       25.8      30.39       0.00
3:40am            124          0          1         87       25.9      30.39       0.00
3:45am            124          0          1         87       25.9      30.39       0.00
3:50am            124          0          1         87       25.8      30.39       0.00
3:55am            124          0          1         87       25.5      30.39       0.00
4:00am            124          0          1         87       25.2      30.39       0.00
4:05am            124          0          0         87       25.2      30.40       0.00
4:10am            124          0          0         88       25.2      30.39       0.00
4:15am            124          0          0         88       25.1      30.39       0.00
4:20am            120          0          1         89       25.3      30.39       0.00
4:25am            120          0          1         89       25.4      30.39       0.00
4:30am            121          0          1         88       25.4      30.39       0.00
4:35am            121          0          0         88       25.3      30.40       0.00
4:40am            121          0          0         88       25.2      30.39       0.00
4:45am            131          0          1         88       25.3      30.40       0.00
4:50am            134          0          1         88       25.3      30.40       0.00
4:55am            134          0          1         88       25.1      30.40       0.00
5:00am            134          0          1         88       24.9      30.40       0.00
5:05am            134          0          0         88       25.0      30.40       0.00
5:10am            134          0          0         88       24.8      30.40       0.00
5:15am            134          0          0         89       24.8      30.40       0.00
5:20am            134          0          0         89       24.7      30.40       0.00
5:25am            110          0          1         89       24.6      30.40       0.00
5:30am            113          0          1         89       24.8      30.40       0.00
5:35am            113          0          1         89       24.7      30.40       0.00
5:40am            113          0          1         89       24.7      30.40       0.00
5:45am            113          0          1         89       24.5      30.40       0.00
5:50am            113          0          1         89       24.2      30.40       0.00
5:55am            113          0          1         89       24.0      30.40       0.00
6:00am            113          0          1         89       23.8      30.39       0.00
6:05am            113          0          0         89       23.7      30.39       0.00
6:10am            113          0          0         89       23.5      30.39       0.00
6:15am            113          0          0         90       23.5      30.39       0.00
6:20am            113          0          0         90       23.6      30.39       0.00
6:25am            113          0          0         90       23.8      30.39       0.00
6:30am            113          0          0         90       23.7      30.39       0.00
6:35am            113          0          1         90       23.7      30.40       0.00
6:40am            113          0          1         90       23.5      30.40       0.00
6:45am            113          0          1         90       23.2      30.40       0.00
6:50am            113          0          1         90       22.9      30.40       0.00
6:55am            113          0          1         90       22.6      30.40       0.00
7:00am            113          0          1         90       22.5      30.40       0.00
7:05am            113          0          0         90       22.2      30.40       0.00
7:10am            113          0          0         90       22.2      30.40       0.00
7:15am            113          0          0         91       22.7      30.40       0.00
7:20am            113          0          0         91       23.0      30.40       0.00
7:25am            113          0          0         91       23.4      30.41       0.00
7:30am            113          0          0         91       23.5      30.41       0.00
7:35am            113          0          0         91       23.7      30.41       0.00
7:40am            113          0          0         91       25.0      30.41       0.00
7:45am            113          0          0         91       26.7      30.41       0.00
7:50am            113          0          0         90       28.3      30.41       0.00
7:55am            113          0          0         87       29.6      30.41       0.00
8:00am            113          0          0         86       30.7      30.41       0.00
8:05am            113          0          0         84       32.7      30.41       0.00
8:10am            113          1          1         77       32.8      30.40       0.00
8:15am            104          0          1         76       31.4      30.40       0.00
8:20am            104          0          1         78       31.2      30.40       0.00
8:25am            104          0          1         78       31.4      30.40       0.00
8:30am            104          0          1         76       31.1      30.40       0.00
8:35am            104          0          0         76       31.5      30.40       0.00
8:40am            104          0          0         75       32.3      30.40       0.00
8:45am            104          0          0         74       33.1      30.40       0.00
8:50am            104          0          0         74       34.1      30.40       0.00
8:55am            104          0          0         74       34.9      30.40       0.00
9:00am            104          0          0         73       36.0      30.40       0.00
9:05am            104          0          0         70       35.9      30.40       0.00
9:10am            104          0          0         69       35.4      30.40       0.00
9:15am            104          0          0         70       35.2      30.40       0.00
9:20am            104          0          0         71       35.8      30.40       0.00
9:25am            274          0          1         67       37.3      30.40       0.00
9:30am            269          0          2         61       38.7      30.40       0.00
9:35am            262          2          3         57       39.6      30.40       0.00
9:40am            246          3          3         53       40.4      30.40       0.00
9:45am            265          1          3         53       41.1      30.40       0.00
9:50am            282          1          3         51       41.9      30.40       0.00
9:55am            263          1          4         49       42.5      30.40       0.00
10:00am           278          2          4         48       43.2      30.39       0.00
10:05am           266          0          4         48       43.7      30.39       0.00
10:10am           269          0          5         46       44.2      30.39       0.00
10:15am           277          2          5         46       45.0      30.39       0.00
10:20am           276          4          5         44       45.3      30.39       0.00
10:25am           229          1          5         44       45.6      30.39       0.00
10:30am           259          0          5         44       46.4      30.39       0.00
10:35am           237          0          3         43       47.2      30.38       0.00
10:40am           248          0          3         43       48.4      30.38       0.00
10:45am           276          1          3         41       49.0      30.38       0.00
10:50am           268          0          3         41       49.9      30.38       0.00
10:55am           209          0          3         41       50.8      30.38       0.00
11:00am           240          0          3         38       52.1      30.38       0.00
11:05am           106          0          1         37       52.4      30.37       0.00
11:10am           106          0          1         36       51.7      30.37       0.00
11:15am           111          0          1         35       51.7      30.37       0.00
11:20am           108          0          2         36       52.1      30.37       0.00
11:25am           124          0          2         37       52.0      30.36       0.00
11:30am           107          2          2         34       52.3      30.36       0.00
11:35am            98          0          2         36       52.3      30.36       0.00
11:40am           121          0          2         34       53.6      30.35       0.00
11:45am           134          0          2         33       54.2      30.35       0.00
11:50am           124          0          2         33       54.6      30.35       0.00
11:55am           100          0          2         30       55.1      30.34       0.00
12:00pm           227          1          2         25       56.5      30.34       0.00
12:05pm           292          0          4         25       57.2      30.34       0.00
12:10pm           269          1          4         24       57.5      30.34       0.00
12:15pm            94          2          4         26       57.6      30.34       0.00
12:20pm           236          0          4         27       58.0      30.33       0.00
12:25pm           201          0          4         26       58.6      30.33       0.00
12:30pm           103          2          4         26       59.4      30.33       0.00
12:35pm           112          2          4         23       58.8      30.33       0.00
12:40pm           108          0          4         26       57.9      30.33       0.00
12:45pm            96          0          4         26       58.1      30.33       0.00
12:50pm            98          3          5         24       58.5      30.32       0.00
12:55pm           109          3          5         24       58.3      30.32       0.00
1:00pm             63          0          6         25       58.7      30.32       0.00
1:05pm            116          0          4         23       59.3      30.31       0.00
1:10pm            109          0          4         21       59.5      30.31       0.00
1:15pm             96          4          4         22       59.5      30.31       0.00
1:20pm             77          3          6         22       59.7      30.31       0.00
1:25pm            156          0          6         20       60.1      30.30       0.00
1:30pm             79          5          6         21       59.7      30.30       0.00
1:35pm             64          7          8         19       59.6      30.30       0.00
1:40pm            110          3          8         20       59.8      30.30       0.00
1:45pm             97          3          8         20       59.8      30.29       0.00
1:50pm            110          4          8         22       59.8      30.29       0.00
1:55pm             94          5          8         20       60.1      30.29       0.00
2:00pm            211          0          8         20       60.1      30.28       0.00
2:05pm             97          2          3         18       60.9      30.28       0.00
2:10pm             95          4          5         17       61.5      30.28       0.00
2:15pm             91          2          6         17       61.5      30.28       0.00
2:20pm            130          6          8         16       61.5      30.27       0.00
2:25pm             96          4          8         17       61.6      30.27       0.00
2:30pm            146          1          8         16       61.9      30.27       0.00
2:35pm            116          0          2         17       62.9      30.27       0.00
2:40pm             89          3          6         16       63.0      30.27       0.00
2:45pm             86          2          6         17       63.1      30.27       0.00
2:50pm            134          2          8         16       63.1      30.27       0.00
2:55pm            293          0          8         16       63.9      30.26       0.00
3:00pm            109          6          8         16       64.4      30.26       0.00
3:05pm            103          2          6         17       64.1      30.26       0.00
3:10pm            122          2         10         17       63.3      30.26       0.00
3:15pm            356          6         10         16       64.0      30.26       0.00
3:20pm             97          4         10         16       64.3      30.25       0.00
3:25pm            135          4         16         16       63.4      30.25       0.00
3:30pm            217          0         16         17       64.7      30.25       0.00
3:35pm             95          3          5         15       66.1      30.25       0.00
3:40pm            132          0          7         15       65.3      30.25       0.00
3:45pm            198          0          7         16       66.4      30.25       0.00
3:50pm            174          2          7         14       66.3      30.25       0.00
3:55pm            195          2          7         15       66.5      30.24       0.00
4:00pm            277          3         10         16       65.4      30.24       0.00
4:05pm            156          1          6         18       66.0      30.24       0.00
4:10pm             88          4          6         14       66.0      30.24       0.00
4:15pm            140          4          7         14       65.6      30.24       0.00
4:20pm            205          0          7         15       65.0      30.24       0.00
4:25pm             30          4          7         14       65.9      30.24       0.00
4:30pm             72          2          7         15       65.6      30.24       0.00
4:35pm            138          5          7         15       65.9      30.24       0.00
4:40pm             46          0          7         15       65.6      30.23       0.00
4:45pm             97          3          7         15       65.4      30.23       0.00
4:50pm            214          1          7         16       65.2      30.23       0.00
4:55pm            205          1          7         15       65.3      30.23       0.00
5:00pm            113          5          7         16       65.6      30.23       0.00
5:05pm            168          0          7         15       65.3      30.23       0.00
5:10pm            202          1          7         16       65.7      30.23       0.00
5:15pm            190          1          7         15       66.0      30.23       0.00
5:20pm            243          2          7         15       65.8      30.23       0.00
5:25pm            134          2          7         16       65.9      30.23       0.00
5:30pm            221          4          7         16       65.8      30.23       0.00
5:35pm            250          0          5         16       65.3      30.23       0.00
5:40pm            135          0          5         16       64.7      30.23       0.00
5:45pm            222          1          5         16       64.5      30.23       0.00
5:50pm            245          0          5         16       64.7      30.23       0.00
5:55pm            202          2          5         17       64.9      30.23       0.00
6:00pm            135          2          5         18       64.4      30.23       0.00
6:05pm             92          0          5         18       63.6      30.23       0.00
6:10pm            117          0          5         18       63.3      30.23       0.00
6:15pm            244          0          5         18       63.4      30.23       0.00
6:20pm            160          0          5         20       63.4      30.23       0.00
6:25pm            160          0          5         19       62.7      30.23       0.00
6:30pm            160          0          5         22       61.2      30.24       0.00
6:35pm            160          0          0         28       58.2      30.24       0.00
6:40pm            122          0          1         31       55.5      30.24       0.00
6:45pm            122          0          1         34       52.9      30.24       0.00
6:50pm            122          0          1         36       51.1      30.24       0.00
6:55pm            123          0          1         38       50.4      30.24       0.00
7:00pm            123          0          1         38       49.7      30.24       0.00
7:05pm            123          0          0         39       49.3      30.24       0.00
7:10pm            123          0          0         42       48.7      30.24       0.00
7:15pm            123          0          0         42       47.9      30.24       0.00
7:20pm            123          0          0         42       47.2      30.24       0.00
7:25pm            123          0          0         44       46.5      30.24       0.00
7:30pm            123          0          0         41       45.8      30.24       0.00
7:35pm            123          0          0         45       45.3      30.24       0.00
7:40pm            123          0          0         48       45.2      30.24       0.00
7:45pm            168          0          1         50       44.6      30.24       0.00
7:50pm            169          0          1         50       43.2      30.24       0.00
7:55pm            221          0          1         57       41.9      30.24       0.00
8:00pm            189          0          1         60       40.7      30.24       0.00
8:05pm            189          0          0         63       39.5      30.24       0.00
8:10pm            143          0          1         65       38.7      30.24       0.00
8:15pm            205          0          1         66       38.0      30.25       0.00
8:20pm            205          0          1         67       37.6      30.25       0.00
8:25pm            205          0          1         68       37.3      30.25       0.00
8:30pm            203          0          1         68       37.4      30.25       0.00
8:35pm            138          1          1         69       37.4      30.25       0.00
8:40pm            113          1          2         71       36.8      30.25       0.00
8:45pm            110          1          2         70       36.7      30.25       0.00
8:50pm            106          0          2         69       36.8      30.25       0.00
8:55pm            153          0          2         70       36.4      30.25       0.00
9:00pm            153          0          2         72       35.5      30.25       0.00
9:05pm            129          0          0         74       35.0      30.25       0.00
9:10pm            145          0          1         75       34.6      30.25       0.00
9:15pm            145          0          1         76       34.5      30.25       0.00
9:20pm            156          0          1         76       34.3      30.25       0.00
9:25pm            143          0          1         77       34.1      30.25       0.00
9:30pm            133          0          1         77       33.9      30.25       0.00
9:35pm            134          0          1         77       33.7      30.25       0.00
9:40pm            127          0          1         78       33.5      30.25       0.00
9:45pm            113          1          1         78       33.5      30.25       0.00
9:50pm            108          0          2         78       33.6      30.25       0.00
9:55pm            101          0          2         78       33.3      30.25       0.00
10:00pm           165          0          2         78       33.1      30.25       0.00
10:05pm           141          0          1         79       32.9      30.25       0.00
10:10pm           128          0          1         79       32.7      30.25       0.00
10:15pm           123          0          1         79       32.7      30.25       0.00
10:20pm           123          0          1         79       32.5      30.25       0.00
10:25pm           123          0          1         79       32.4      30.25       0.00
10:30pm           123          0          1         78       32.8      30.25       0.00
10:35pm           123          0          0         78       33.3      30.25       0.00
10:40pm           123          0          0         77       33.5      30.25       0.00
10:45pm           123          0          0         78       33.4      30.25       0.00
10:50pm           123          0          0         78       33.1      30.25       0.00
10:55pm           123          0          0         79       32.7      30.26       0.00
11:00pm           123          0          0         79       32.5      30.25       0.00
11:05pm           123          0          0         79       32.6      30.25       0.00
11:10pm           123          0          1         79       32.5      30.25       0.00
11:15pm            98          0          1         79       32.5      30.25       0.00
11:20pm           110          0          1         80       32.0      30.25       0.00
11:25pm           110          0          1         80       31.8      30.25       0.00
11:30pm           110          0          1         80       31.7      30.25       0.00
11:35pm            93          0          1         82       31.5      30.25       0.00
11:40pm            93          0          1         82       31.2      30.25       0.00
11:45pm            93          0          1         82       31.2      30.25       0.00
11:50pm           123          0          1         83       31.2      30.26       0.00
11:55pm           113          0          1         84       31.1      30.25       0.00
