4/9/21
Time         Wind Dir   Wind Spd  Wind Gust   Humidity       Temp  Raw Barom   Tot Rain
                    °        mph        mph          %         °F         in         in
12:00am           315          0          1         83       47.1      30.06       0.00
12:30am            68          0          2         85       46.0      30.06       0.00
1:00am            270          0          1         88       44.8      30.07       0.00
1:30am            270          0          0         89       43.5      30.07       0.00
2:00am            180          0          1         91       41.9      30.07       0.00
2:30am            180          0          0         93       40.9      30.07       0.00
3:00am            112          0          1         94       40.0      30.07       0.00
3:30am            112          0          1         94       39.7      30.08       0.00
4:00am            112          0          1         95       39.6      30.08       0.00
4:30am            135          0          1         95       39.2      30.08       0.00
5:00am            135          0          1         95       38.7      30.08       0.00
5:30am            112          0          1         95       38.3      30.07       0.00
6:00am            112          0          1         96       38.0      30.07       0.00
6:30am            112          0          2         95       37.6      30.08       0.00
7:00am            112          0          2         96       37.7      30.09       0.00
7:30am            135          0          3         93       41.9      30.10       0.00
8:00am            135          1          3         89       42.6      30.10       0.00
8:30am            112          0          2         87       44.6      30.10       0.00
9:00am            112          1          4         81       51.3      30.10       0.00
9:30am             90          2          5         72       53.9      30.10       0.00
10:00am            90          2          5         69       55.9      30.10       0.00
10:30am            90          2          4         64       58.3      30.09       0.00
11:00am            90          3          6         60       60.3      30.08       0.00
11:30am            90          3          6         56       61.7      30.08       0.00
12:00pm            90          3          6         49       64.9      30.07       0.00
12:30pm           112          2          7         51       64.6      30.05       0.00
1:10pm             86          2          4         49       66.2      30.04       0.00
1:15pm            105          0          7         50       66.0      30.03       0.00
1:20pm            127          3          7         49       66.2      30.03       0.00
1:25pm            115          4          8         49       66.3      30.03       0.00
1:30pm             82          2          8         48       66.3      30.03       0.00
1:35pm             89          4          7         49       66.3      30.03       0.00
1:40pm            158          3          7         48       66.4      30.03       0.00
1:45pm            122          4          7         48       66.6      30.02       0.00
1:50pm            115          5          7         48       66.2      30.02       0.00
1:55pm            123          3          7         49       66.2      30.02       0.00
2:00pm             84          5          7         48       66.8      30.02       0.00
2:05pm            110          3          8         47       66.6      30.02       0.00
2:10pm             77          3          8         48       66.8      30.02       0.00
2:15pm            100          4          8         47       67.1      30.02       0.00
2:20pm             91          5          8         46       67.4      30.01       0.00
2:25pm            112          1         10         45       67.7      30.01       0.00
2:30pm            115          4         10         45       68.3      30.01       0.00
2:35pm            108          5          6         45       68.2      30.01       0.00
2:40pm             84          4          6         46       67.7      30.00       0.00
2:45pm            127          0          8         46       67.8      30.00       0.00
2:50pm            148          0          8         45       67.6      30.00       0.00
2:55pm            148          2          8         46       67.6      30.00       0.00
2:59pm            188          0          8         45       68.1      30.00       0.00
3:05pm            165          0          3         45       68.8      30.00       0.00
3:10pm            101          5          9         43       68.7      30.00       0.00
3:15pm            120          4          9         44       68.1      29.99       0.00
3:20pm             77          6          9         44       68.2      29.99       0.00
3:25pm            113          6          9         44       68.2      29.99       0.00
3:30pm             89          3          9         43       69.0      29.99       0.00
3:35pm            123          4          8         41       69.9      29.99       0.00
3:40pm            193          3          8         41       70.0      29.99       0.00
3:45pm             84          2          8         41       70.3      29.98       0.00
3:50pm            108          3         10         41       70.4      29.98       0.00
3:55pm             70          1         10         40       70.4      29.98       0.00
3:59pm             97          4         10         40       70.6      29.98       0.00
4:05pm             96          3          9         40       70.7      29.98       0.00
4:10pm            131          0          9         39       70.9      29.98       0.00
4:15pm            227          0          9         39       71.3      29.98       0.00
4:20pm            124          2          9         38       71.9      29.98       0.00
4:25pm            124          3          9         38       71.3      29.98       0.00
4:30pm            226          2          9         38       72.0      29.98       0.00
4:35pm            285          3          4         37       72.9      29.98       0.00
4:40pm            304          0          4         36       73.4      29.98       0.00
4:45pm             79          2          5         36       73.5      29.98       0.00
4:50pm            187          6          8         37       72.8      29.98       0.00
4:55pm            196          2          8         36       73.1      29.97       0.00
5:00pm            224          6          8         37       72.4      29.97       0.00
5:05pm            129          3          6         37       72.7      29.97       0.00
5:10pm            124          0          6         36       72.9      29.97       0.00
5:15pm            248          1          6         37       72.9      29.97       0.00
5:20pm            172          2          6         36       72.6      29.97       0.00
5:25pm            247          0          8         37       72.0      29.98       0.00
5:30pm            214          5          9         35       72.8      29.97       0.00
5:35pm            246          0          6         35       72.8      29.97       0.00
5:40pm            271          3          6         35       72.9      29.97       0.00
5:45pm            259          3          6         35       72.6      29.97       0.00
5:50pm            287          4          6         36       72.3      29.97       0.00
5:55pm            262          1          6         36       72.1      29.97       0.00
6:00pm            271          0          6         37       70.9      29.97       0.00
6:05pm            254          0          9         37       70.3      29.97       0.00
6:10pm            295          0          9         37       69.7      29.97       0.00
6:15pm            279          4          9         38       69.4      29.97       0.00
6:20pm            288          0          9         38       69.2      29.97       0.00
6:25pm            281          2          9         39       69.0      29.97       0.00
6:30pm            239          0          9         38       68.8      29.97       0.00
6:35pm            261          0          4         39       68.7      29.97       0.00
6:40pm             98          0          4         41       68.3      29.97       0.00
6:45pm            237          1          4         41       68.0      29.97       0.00
6:50pm            223          0          4         42       67.8      29.97       0.00
6:55pm            150          0          4         42       67.5      29.97       0.00
6:59pm            158          0          4         43       67.2      29.97       0.00
7:05pm             98          3          5         43       66.8      29.97       0.00
7:10pm            173          0          5         44       66.4      29.97       0.00
7:15pm            153          0          5         45       66.0      29.97       0.00
7:20pm            142          0          5         46       65.6      29.97       0.00
7:25pm            191          0          5         46       65.3      29.97       0.00
7:30pm            108          0          5         47       64.8      29.97       0.00
7:35pm            109          0          1         49       63.8      29.97       0.00
7:40pm            109          0          1         51       62.7      29.97       0.00
7:45pm            109          0          1         53       61.8      29.98       0.00
7:50pm            109          0          1         54       61.2      29.98       0.00
7:55pm            109          0          1         55       60.8      29.98       0.00
8:00pm            109          0          1         55       60.2      29.98       0.00
8:05pm            276          0          1         52       60.5      29.98       0.00
8:10pm            214          0          1         53       60.9      29.99       0.00
8:15pm            214          0          1         55       60.0      29.99       0.00
8:20pm            194          0          1         57       59.0      29.99       0.00
8:25pm            193          0          1         60       58.1      29.99       0.00
8:30pm            126          0          1         63       56.8      29.99       0.00
8:35pm            100          0          1         66       54.8      29.99       0.00
8:40pm            105          0          1         67       54.5      30.00       0.00
8:45pm            115          0          2         68       54.0      30.00       0.00
8:50pm            115          0          2         70       53.0      30.00       0.00
8:55pm            115          0          2         71       52.2      30.00       0.00
8:59pm            199          0          2         73       52.0      30.00       0.00
9:05pm            255          0          1         72       52.5      30.00       0.00
9:10pm            255          0          1         72       52.8      30.00       0.00
9:15pm            255          0          1         71       53.0      30.01       0.00
9:20pm            255          0          1         70       53.1      30.00       0.00
9:25pm            255          0          1         69       53.1      30.00       0.00
9:30pm            255          0          1         70       53.0      30.00       0.00
9:35pm            255          0          0         71       52.5      30.01       0.00
9:40pm            255          0          0         72       51.8      30.01       0.00
9:45pm            255          0          0         73       51.4      30.01       0.00
9:50pm            255          0          0         74       50.9      30.01       0.00
9:55pm            121          0          0         75       50.3      30.00       0.00
10:00pm           121          0          0         76       50.1      30.01       0.00
10:05pm           121          0          0         76       49.7      30.01       0.00
10:10pm           121          0          0         77       49.5      30.00       0.00
10:15pm           121          0          0         77       49.5      30.00       0.00
10:20pm           121          0          0         78       49.5      30.00       0.00
10:25pm           121          0          0         78       49.5      30.00       0.00
10:30pm           121          0          1         77       48.8      30.00       0.00
10:35pm           121          0          0         78       48.1      30.00       0.00
10:40pm           121          0          0         79       47.6      30.00       0.00
10:45pm           121          0          0         81       47.8      30.00       0.00
10:50pm           121          0          0         81       48.2      30.00       0.00
10:55pm           121          0          0         80       48.5      30.00       0.00
11:00pm           121          0          0         80       48.3      30.00       0.00
11:05pm           121          0          0         80       47.8      30.00       0.00
11:10pm           121          0          0         81       47.2      30.00       0.00
11:15pm           121          0          0         83       46.7      30.00       0.00
11:20pm           121          0          0         83       46.6      29.99       0.00
11:25pm           121          0          0         83       46.4      29.99       0.00
11:30pm           121          0          0         84       46.3      29.99       0.00
11:35pm           121          0          0         84       46.3      29.99       0.00
11:40pm           121          0          0         84       46.1      29.99       0.00
11:45pm           121          0          0         84       46.2      29.99       0.00
11:50pm           121          0          0         84       46.1      29.99       0.00
11:55pm           121          0          0         85       45.9      29.99       0.00
