4/6/21
Time         Wind Dir   Wind Spd  Wind Gust   Humidity       Temp  Raw Barom   Tot Rain
                    °        mph        mph          %         °F         in         in
12:00am            66          6          8         37       44.4      29.82       0.00
12:05am            97          0          4         37       44.3      29.82       0.00
12:10am           123          1          4         37       44.2      29.82       0.00
12:15am           290          1          7         38       44.0      29.82       0.00
12:19am           305          2          7         38       44.1      29.82       0.00
12:25am           158          0          7         39       43.7      29.82       0.00
12:30am            30          0          7         38       43.5      29.82       0.00
12:35am           183          0          5         39       43.5      29.82       0.00
12:40am            69          1          8         39       43.5      29.82       0.00
12:45am           250          0          8         40       43.3      29.82       0.00
12:50am           229          2          8         41       43.0      29.82       0.00
12:55am           323          1          8         42       42.6      29.82       0.00
1:00am              6          0          8         45       42.4      29.82       0.00
1:05am            108          1          2         46       42.2      29.82       0.00
1:10am             98          0          4         47       41.8      29.82       0.00
1:15am            221          0          4         49       41.7      29.81       0.00
1:20am            260          3          6         50       41.6      29.81       0.00
1:25am            176          2          6         51       41.4      29.82       0.00
1:30am              9          3          7         52       41.4      29.82       0.00
1:34am            293          0          4         52       41.4      29.82       0.00
1:39am            259          3         10         53       41.3      29.82       0.00
1:45am            143          0         10         53       41.3      29.82       0.00
1:50am            140          0         10         54       41.1      29.82       0.00
1:55am            277          0         10         55       40.9      29.82       0.00
2:00am            122          0         10         56       40.7      29.81       0.00
2:05am              6          0          7         56       40.8      29.81       0.00
2:10am             96          0          8         57       40.7      29.81       0.00
2:15am            274          0         10         58       40.6      29.81       0.00
2:20am            120          1         10         58       40.6      29.81       0.00
2:25am            281          1         10         59       40.5      29.81       0.00
2:30am            187          2         10         60       40.4      29.81       0.00
2:35am            167          0          3         62       40.3      29.81       0.00
2:40am            231          0          4         63       40.2      29.81       0.00
2:45am            275          3         10         65       40.1      29.81       0.00
2:50am            303          2         10         66       40.1      29.81       0.00
2:55am            277          1         10         67       39.9      29.82       0.00
3:00am             57          0         10         68       39.8      29.82       0.00
3:05am            273          1          4         69       39.5      29.81       0.00
3:10am            114          0          6         71       39.4      29.81       0.00
3:15am            322          0         10         72       39.5      29.82       0.00
3:20am            101          0         10         71       39.3      29.82       0.00
3:25am             81          0         10         72       39.2      29.82       0.00
3:30am            333          0         10         72       39.0      29.82       0.00
3:35am            262          0          2         73       38.5      29.82       0.00
3:40am            293          0          2         74       38.2      29.82       0.00
3:45am            138          1          2         75       38.0      29.82       0.00
3:50am            333          0          2         76       38.0      29.82       0.00
3:55am            344          0          3         76       38.1      29.82       0.00
4:00am            326          0          3         75       38.1      29.82       0.00
4:05am             25          1          2         76       38.0      29.82       0.00
4:10am            216          0          2         76       37.9      29.82       0.00
4:15am            219          0          2         76       37.7      29.82       0.00
4:20am            245          0          2         77       37.3      29.82       0.00
4:25am            253          1          2         78       37.1      29.82       0.00
4:30am            300          1          2         78       36.9      29.82       0.00
4:35am            234          0          4         78       37.0      29.82       0.00
4:40am            293          0          4         78       37.3      29.82       0.00
4:45am            341          0          7         77       37.4      29.82       0.00
4:50am            205          2          7         77       37.5      29.83       0.00
4:55am            145          0          7         77       37.4      29.83       0.00
5:00am            193          1          7         77       37.3      29.83       0.00
5:05am            200          0          1         77       37.2      29.83       0.00
5:10am              6          0          3         78       37.2      29.83       0.00
5:15am            231          0          3         77       37.3      29.83       0.00
5:20am            212          0          3         77       36.9      29.83       0.00
5:25am            212          0          3         78       36.7      29.83       0.00
5:30am            239          0          3         78       36.3      29.84       0.00
5:35am            239          0          0         78       35.9      29.84       0.00
5:40am            276          2          2         79       35.7      29.84       0.00
5:45am            240          0          3         80       36.0      29.84       0.00
5:50am            246          0          3         79       36.1      29.84       0.00
5:55am            260          0          3         79       35.9      29.84       0.00
6:00am            265          0          3         79       35.7      29.85       0.00
6:05am            228          0          1         80       35.5      29.85       0.00
6:10am            229          0          1         79       35.5      29.85       0.00
6:15am            229          0          1         80       35.3      29.85       0.00
6:20am            228          0          1         80       35.1      29.85       0.00
6:25am            221          0          1         80       35.5      29.85       0.00
6:30am            221          0          1         79       35.5      29.85       0.00
6:35am            221          0          1         80       35.2      29.85       0.00
6:40am            221          0          1         80       35.3      29.85       0.00
6:45am            236          0          1         80       35.3      29.86       0.00
6:50am            274          0          1         79       35.5      29.86       0.00
6:55am            274          0          1         79       35.6      29.86       0.00
7:00am            274          0          1         79       35.6      29.86       0.00
7:05am            279          0          2         79       35.9      29.86       0.00
7:10am            299          0          2         79       36.4      29.86       0.00
7:15am            240          0          2         76       38.4      29.86       0.00
7:20am            265          0          2         74       40.3      29.87       0.00
7:25am            269          0          2         70       41.4      29.87       0.00
7:30am            261          0          3         67       41.8      29.87       0.00
7:35am            120          0          2         66       42.5      29.87       0.00
7:40am            290          3          4         63       42.9      29.87       0.00
7:45am            345          1          8         62       43.4      29.87       0.00
7:50am            200          0          8         62       43.3      29.87       0.00
7:55am            246          0          8         63       42.3      29.87       0.00
8:00am             68          6          8         64       41.6      29.87       0.00
8:05am            250          0          7         64       41.2      29.88       0.00
8:10am             70          3          8         64       41.0      29.87       0.00
8:15am             91          0          8         64       41.4      29.88       0.00
8:20am              2          0          8         63       41.9      29.88       0.00
8:25am            240          0          8         63       41.9      29.88       0.00
8:30am            293          1          8         63       41.8      29.88       0.00
8:35am             70          2          6         63       42.2      29.88       0.00
8:40am             59          3          6         62       42.9      29.88       0.00
8:45am            290          4          6         60       43.5      29.88       0.00
8:50am            283          2          6         60       43.7      29.89       0.00
8:55am            279          7          7         59       43.8      29.89       0.00
9:00am            273          0          7         60       43.4      29.89       0.00
9:05am            271          0          5         61       44.2      29.89       0.00
9:10am            203          0          5         60       44.8      29.89       0.00
9:15am            187          0          8         58       45.2      29.89       0.00
9:20am              1          2          8         58       45.2      29.89       0.00
9:25am            264          1          8         58       45.6      29.89       0.00
9:30am            261          1          8         57       45.7      29.89       0.00
9:35am            296          3          9         56       45.7      29.89       0.00
9:39am            359          3          9         57       46.0      29.89       0.00
9:45am            281          1          9         57       46.5      29.89       0.00
9:49am            259          2         10         55       46.9      29.89       0.00
9:55am             75          0         10         54       47.3      29.89       0.00
10:00am           114          2         10         54       48.0      29.89       0.00
10:05am           213          4          9         53       48.4      29.89       0.00
10:10am           226          0          9         55       48.5      29.89       0.00
10:15am           262          5          9         53       48.5      29.89       0.00
10:20am           243          1         12         53       48.4      29.89       0.00
10:25am           228          1         12         55       49.3      29.89       0.00
10:30am            64          1         12         52       49.5      29.89       0.00
10:35am           283          0          8         52       49.4      29.89       0.00
10:40am           273          4          8         53       50.1      29.89       0.00
10:45am           240          0          9         51       50.6      29.89       0.00
10:50am            80          2          9         50       51.4      29.89       0.00
10:55am           264          1         11         49       51.0      29.90       0.00
11:00am           292          5         11         50       51.3      29.89       0.00
11:05am            81          4         10         48       51.0      29.90       0.00
11:10am           288          4         10         48       51.1      29.89       0.00
11:15am           304          2         15         48       51.0      29.88       0.00
11:20am           105          3         15         49       50.6      29.88       0.00
11:25am           284         11         15         48       50.8      29.88       0.00
11:30am            37          0         15         48       50.6      29.88       0.00
11:35am           289          6          7         49       51.2      29.88       0.00
11:40am           314          9         11         47       52.0      29.88       0.00
11:45am           302          4         11         47       51.7      29.88       0.00
11:50am           291          5         11         48       51.8      29.87       0.00
11:55am           290          6         14         48       51.8      29.87       0.00
12:00pm           108          4         14         47       51.7      29.87       0.00
12:05pm           283          0         10         49       51.9      29.87       0.00
12:10pm           108          4         16         47       52.7      29.87       0.00
12:15pm           290          1         16         47       52.9      29.87       0.00
12:20pm           193          2         16         46       53.2      29.86       0.00
12:25pm           122          5         16         49       54.0      29.86       0.00
12:30pm           293          2         16         44       54.1      29.86       0.00
12:35pm           283          2         12         45       53.7      29.86       0.00
12:40pm           230          7         12         45       54.0      29.86       0.00
12:45pm           345          2         12         45       54.0      29.86       0.00
12:50pm           211          0         12         44       53.8      29.86       0.00
12:55pm            40          5         12         45       53.5      29.85       0.00
1:00pm             73          4         12         46       53.3      29.85       0.00
1:05pm            108          5          9         45       53.4      29.84       0.00
1:10pm            136          2          9         45       53.8      29.84       0.00
1:15pm            352          1          9         44       54.5      29.84       0.00
1:20pm             59          0          9         46       54.4      29.84       0.00
1:24pm            166          1          9         44       55.6      29.84       0.00
1:30pm             79          6         15         44       55.3      29.84       0.00
1:35pm             72          4          7         44       55.3      29.84       0.00
1:40pm             39          3         12         44       54.4      29.83       0.00
1:45pm            100          6         12         45       54.1      29.83       0.00
1:50pm            160          0         12         47       53.8      29.83       0.00
1:55pm            101          8         12         45       55.0      29.83       0.00
2:00pm            172          3         15         45       53.8      29.83       0.00
2:05pm             90          3         11         46       53.8      29.83       0.00
2:10pm            120          0         11         45       54.6      29.82       0.00
2:15pm             86          5         11         44       54.7      29.83       0.00
2:19pm             33          4         11         46       55.7      29.83       0.00
2:25pm             98          3         17         42       56.3      29.83       0.00
2:30pm             75          3         17         43       55.6      29.82       0.00
2:35pm            204          0          9         44       55.3      29.82       0.00
2:40pm            148          0          9         43       56.1      29.83       0.00
2:45pm            221          0          9         42       57.4      29.83       0.00
2:50pm            162          1          9         41       57.8      29.83       0.00
2:55pm             94          4         10         41       58.0      29.83       0.00
3:00pm            129          3         10         41       58.4      29.83       0.00
3:05pm             98          2          5         41       57.8      29.83       0.00
3:10pm            231          0          6         42       57.4      29.83       0.00
3:15pm            262          0          6         41       57.8      29.83       0.00
3:20pm            134          1          6         42       57.2      29.82       0.00
3:25pm            100          6          7         42       56.7      29.82       0.00
3:30pm             97          2          7         43       56.0      29.82       0.00
3:35pm            106          1          8         44       55.9      29.82       0.00
3:40pm            219          0          8         43       56.1      29.82       0.00
3:45pm            124          0          8         43       56.2      29.82       0.00
3:50pm             60          1         11         43       56.1      29.83       0.00
3:55pm            271          0         11         44       55.9      29.83       0.00
4:00pm            126          2         11         43       55.8      29.83       0.00
4:05pm            102          7          7         43       56.1      29.83       0.00
4:10pm            319          3         10         43       56.3      29.83       0.00
4:15pm            148          1         10         44       55.9      29.83       0.00
4:20pm            317          0         10         44       55.5      29.83       0.00
4:25pm             87          0         10         44       55.5      29.83       0.00
4:30pm             99          2         10         44       55.4      29.83       0.00
4:35pm             91          0          7         44       55.2      29.83       0.00
4:40pm             88          3          7         44       55.2      29.83       0.00
4:45pm            290          0          7         44       55.3      29.83       0.00
4:50pm            307          0          7         44       55.9      29.84       0.00
4:55pm              9          2          7         44       56.0      29.84       0.00
5:00pm             78          4          7         45       55.6      29.84       0.00
5:05pm            105          2          6         45       55.1      29.84       0.00
5:10pm            136          0          7         45       55.0      29.84       0.00
5:15pm            117          2          7         46       55.0      29.84       0.00
5:20pm            186          0          7         46       55.0      29.84       0.00
5:25pm            144          0          7         46       55.2      29.84       0.00
5:30pm             79          0          7         46       55.5      29.84       0.00
5:35pm            131          0          2         46       55.2      29.84       0.00
5:40pm            112          0          2         47       54.9      29.85       0.00
5:45pm            131          0          3         47       54.7      29.85       0.00
5:50pm            128          0          3         47       54.6      29.85       0.00
5:55pm            129          2          3         47       54.7      29.85       0.00
6:00pm            107          1          3         48       54.7      29.85       0.00
6:05pm             98          0          4         47       54.7      29.85       0.00
6:10pm             98          3          4         48       54.3      29.85       0.00
6:15pm            120          1          8         49       54.1      29.86       0.00
6:20pm             69          2          8         49       54.0      29.86       0.00
6:25pm            116          1          8         49       54.0      29.86       0.00
6:30pm            224          0          8         51       53.8      29.86       0.00
6:35pm            107          0          6         50       53.7      29.86       0.00
6:40pm            134          2          6         51       53.6      29.87       0.00
6:45pm             86          0          7         50       53.8      29.87       0.00
6:50pm            115          0          7         50       53.9      29.87       0.00
6:55pm            120          0          7         51       53.7      29.87       0.00
7:00pm              7          0          7         50       53.6      29.87       0.00
7:05pm             62          0          1         51       53.5      29.87       0.00
7:10pm             70          0          1         51       53.3      29.87       0.00
7:15pm            288          0          2         51       53.2      29.87       0.00
7:20pm            103          0          2         51       53.0      29.88       0.00
7:25pm             53          0          2         52       52.8      29.88       0.00
7:30pm             68          2          4         52       52.6      29.88       0.00
7:35pm            250          0          2         52       52.4      29.88       0.00
7:40pm            250          0          2         52       52.1      29.88       0.00
7:45pm            250          0          2         53       51.8      29.88       0.00
7:50pm            250          0          2         53       51.6      29.88       0.00
7:55pm            250          0          2         55       51.3      29.88       0.00
8:00pm            304          0          2         55       50.9      29.89       0.00
8:05pm            270          0          1         54       50.7      29.89       0.00
8:10pm            270          0          1         56       50.4      29.89       0.00
8:15pm            270          0          1         57       49.8      29.90       0.00
8:20pm            270          0          1         60       48.9      29.90       0.00
8:25pm            270          0          1         61       48.4      29.90       0.00
8:30pm            196          0          1         63       47.6      29.91       0.00
8:35pm            196          0          0         64       47.1      29.91       0.00
8:40pm            196          0          0         64       47.0      29.91       0.00
8:45pm            276          1          1         63       47.5      29.91       0.00
8:50pm            276          0          1         62       47.9      29.91       0.00
8:55pm            285          1          2         63       47.6      29.91       0.00
9:00pm            285          0          2         63       47.5      29.92       0.00
9:05pm            285          0          0         63       47.2      29.92       0.00
9:10pm            285          0          1         64       47.1      29.92       0.00
9:15pm             85          0          1         63       47.4      29.92       0.00
9:20pm            279          0          1         63       47.6      29.92       0.00
9:25pm            279          0          1         63       47.5      29.92       0.00
9:30pm            279          0          1         62       47.5      29.92       0.00
9:35pm            269          0          1         61       48.1      29.92       0.00
9:40pm            269          0          1         61       48.0      29.92       0.00
9:45pm            281          1          2         62       47.6      29.92       0.00
9:50pm            282          0          2         64       46.8      29.92       0.00
9:55pm            282          0          2         66       46.1      29.93       0.00
10:00pm           282          0          2         67       45.6      29.93       0.00
10:05pm            39          0          0         67       45.6      29.93       0.00
10:10pm            60          0          1         66       46.2      29.93       0.00
10:15pm           283          0          2         65       46.5      29.93       0.00
10:20pm           283          0          2         66       46.1      29.92       0.00
10:25pm           283          0          2         68       45.1      29.93       0.00
10:30pm           288          1          2         70       44.0      29.93       0.00
10:35pm           284          0          1         72       43.5      29.93       0.00
10:40pm           284          0          1         73       43.2      29.93       0.00
10:45pm           284          0          1         73       42.9      29.93       0.00
10:50pm           284          0          1         73       42.8      29.93       0.00
10:55pm           284          0          1         74       42.7      29.93       0.00
11:00pm           284          0          1         74       42.3      29.93       0.00
11:05pm           284          0          0         75       41.8      29.93       0.00
11:10pm           284          0          0         75       41.8      29.93       0.00
11:15pm           284          0          0         75       42.0      29.93       0.00
11:20pm           284          0          0         75       42.3      29.93       0.00
11:25pm           284          0          0         75       42.6      29.93       0.00
11:30pm           284          0          1         75       42.4      29.93       0.00
11:35pm           284          0          1         75       42.3      29.94       0.00
11:40pm           284          0          1         75       42.0      29.93       0.00
11:45pm           284          0          1         76       42.2      29.93       0.00
11:50pm           284          0          1         76       42.3      29.93       0.00
11:55pm           283          0          2         76       42.6      29.93       0.00
