5/2/21
Time         Wind Dir   Wind Spd  Wind Gust   Humidity       Temp  Raw Barom   Tot Rain
                    °        mph        mph          %         °F         in         in
12:00am           270          1          3         60       43.6      29.71       0.00
12:30am           270          0          3         59       43.7      29.72       0.00
1:00am            270          0          3         63       43.1      29.73       0.00
1:30am            270          0          2         63       43.2      29.72       0.00
2:00am            292          0          2         64       42.7      29.72       0.00
2:30am            270          1          3         62       43.1      29.70       0.00
3:00am            248          0          1         61       43.9      29.66       0.00
3:30am            292          0          1         68       42.5      29.65       0.00
4:00am            248          0          1         68       43.3      29.64       0.00
4:30am            248          0          1         74       42.4      29.63       0.00
5:00am            248          0          0         76       42.1      29.62       0.00
5:30am            270          1          5         65       43.8      29.61       0.00
6:00am            270          1          5         67       44.1      29.60       0.00
6:30am            270          2          5         68       44.2      29.61       0.00
7:00am            270          1          4         63       47.0      29.61       0.00
7:30am            270          1          5         58       49.1      29.59       0.00
8:00am            270          2          7         54       51.4      29.59       0.00
8:30am            270          1          6         50       54.0      29.59       0.00
9:00am            270          1          5         48       56.7      29.58       0.00
9:30am            270          3         11         45       58.9      29.55       0.00
10:00am           270          4          9         47       58.7      29.57       0.00
10:30am           270          4         12         47       60.1      29.56       0.00
11:00am           270          4         12         49       59.0      29.56       0.00
11:30am           270          4         12         49       60.1      29.56       0.00
12:00pm           270          6         17         43       64.5      29.56       0.00
12:30pm           270          9         20         40       65.5      29.56       0.00
1:00pm            270          6         18         42       64.5      29.57       0.00
1:30pm            270          5         15         48       62.2      29.59       0.00
2:00pm            270          2         14         56       59.1      29.60       0.00
2:30pm            270          3         13         63       58.0      29.59       0.00
3:00pm            270          3         14         62       58.6      29.58       0.00
3:30pm            270          4         14         53       62.2      29.58       0.00
4:00pm            270          6         16         47       65.1      29.59       0.00
4:30pm            270          4         15         43       67.3      29.59       0.00
5:00pm            270          7         21         41       66.9      29.60       0.00
5:30pm            270          8         18         41       66.7      29.61       0.00
6:00pm            270          5         16         42       66.8      29.62       0.00
6:30pm            270          5         16         44       64.2      29.62       0.00
7:00pm            270          3         12         49       63.3      29.64       0.00
7:30pm            270          1          7         51       61.2      29.65       0.00
8:00pm            270          0          4         59       58.5      29.65       0.00
8:30pm            270          1          4         64       57.4      29.67       0.00
9:00pm            270          1          3         70       54.6      29.69       0.00
9:30pm            270          2          5         75       52.8      29.70       0.00
10:00pm           270          1          5         77       51.8      29.70       0.00
10:30pm           112          0          2         80       50.5      29.71       0.00
11:00pm           292          0          1         83       49.2      29.72       0.00
11:30pm           270          0          1         85       48.9      29.72       0.00
