5/6/21
Time         Wind Dir   Wind Spd  Wind Gust   Humidity       Temp  Raw Barom   Tot Rain
                    °        mph        mph          %         °F         in         in
12:00am           292          0          2         97       47.5      29.67       0.00
12:30am           270          0          3         96       47.3      29.67       0.00
1:00am            270          0          7         95       46.8      29.67       0.00
1:30am            270          1          7         94       46.5      29.67       0.00
2:00am            270          0          3         94       46.1      29.67       0.00
2:30am            270          1          6         92       45.8      29.68       0.00
3:00am            270          0          6         92       45.5      29.68       0.00
3:30am            270          1          7         91       45.6      29.69       0.00
4:00am            270          1          7         89       45.4      29.70       0.00
4:30am            270          0          5         87       45.1      29.70       0.00
5:00am            270          1          9         87       44.6      29.70       0.00
5:30am            270          0          5         88       44.0      29.71       0.00
6:00am            270          0          6         87       44.0      29.72       0.00
6:30am            270          1         13         83       45.6      29.73       0.00
7:00am            270          1         15         85       43.9      29.75       0.00
7:30am            270          1          7         84       44.1      29.75       0.00
8:00am            270          2         15         80       45.0      29.77       0.00
8:30am            270          3         13         75       45.8      29.78       0.00
9:15am            244          7          7         71       46.7      29.80       0.00
9:20am            306          4         10         73       46.9      29.80       0.00
9:25am            258          4         10         72       47.2      29.80       0.00
9:30am            290          3         12         70       47.3      29.80       0.00
9:35am            292          2          8         71       47.2      29.80       0.00
9:40am            242          4          9         72       47.7      29.80       0.00
9:45am            271          5         12         69       48.0      29.80       0.00
9:50am            312          0         12         68       48.1      29.80       0.00
9:55am            302          3         12         67       48.6      29.80       0.00
10:00am           276          1         12         68       48.4      29.81       0.00
10:05am           105          3          8         67       48.9      29.81       0.00
10:10am           143          0          9         66       49.1      29.81       0.00
10:15am           265          2         12         65       49.3      29.81       0.00
10:20am           207          3         12         65       49.6      29.81       0.00
10:25am           224          6         12         59       49.4      29.81       0.00
10:30am           268          3         12         62       49.1      29.81       0.00
10:35am           271          0          8         59       49.3      29.81       0.00
10:40am           259          5         13         58       49.7      29.81       0.00
10:45am           275          6         13         58       50.0      29.81       0.00
10:50am            84          0         15         58       50.0      29.81       0.00
10:55am           215          1         15         59       50.7      29.81       0.00
11:00am           154          0         15         60       51.2      29.81       0.00
11:05am           274          6         11         59       51.8      29.81       0.00
11:10am           256          7         21         54       51.4      29.81       0.00
11:15am           260          1         21         57       52.1      29.81       0.00
11:20am           271          3         21         57       52.1      29.81       0.00
11:25am           269          8         21         56       51.9      29.81       0.00
11:30am           278          6         21         54       51.7      29.81       0.00
11:35am           294         12         16         53       51.5      29.81       0.00
11:40am            81          1         16         56       51.4      29.81       0.00
11:45am           248          6         16         57       52.2      29.81       0.00
11:50am           209          2         16         52       52.3      29.81       0.00
11:55am           289          9         17         51       51.9      29.81       0.00
12:00pm           293          5         18         54       51.7      29.81       0.00
12:05pm           275          4         12         55       52.4      29.81       0.00
12:10pm           288          5         12         52       53.2      29.81       0.00
12:15pm           271          8         12         55       53.3      29.81       0.00
12:20pm           289          7         14         53       53.4      29.81       0.00
12:25pm           272          4         17         50       53.1      29.81       0.00
12:30pm           268          3         17         50       53.4      29.81       0.00
12:35pm           294          8          9         46       53.6      29.81       0.00
12:40pm           283          4         12         51       53.4      29.81       0.00
12:45pm           258          4         12         49       53.5      29.81       0.00
12:50pm           195          6         13         45       54.2      29.81       0.00
12:55pm           281          6         13         48       54.2      29.81       0.00
1:00pm            252          1         13         46       54.2      29.81       0.00
1:05pm            285          0          7         49       54.6      29.81       0.00
1:10pm            288          3          9         49       55.4      29.81       0.00
1:15pm            260          5         12         43       55.6      29.81       0.00
1:20pm            280          8         14         44       55.1      29.81       0.00
1:25pm            263          4         14         45       55.3      29.81       0.00
1:30pm            263          5         14         44       54.9      29.81       0.00
1:35pm            220          4          8         47       55.0      29.80       0.00
1:40pm             96          8         12         42       55.0      29.80       0.00
1:45pm            214          0         12         42       55.4      29.81       0.00
1:50pm            204          0         12         42       55.7      29.82       0.00
1:55pm            267          5         12         43       55.7      29.82       0.00
2:00pm            278          1         12         45       55.5      29.81       0.00
2:05pm            213          0         11         41       56.0      29.82       0.00
2:10pm            276          6         13         42       55.8      29.82       0.00
2:15pm            282          3         13         43       56.0      29.81       0.00
2:20pm            220          2         13         41       56.8      29.81       0.00
2:25pm            249          2         13         42       57.8      29.81       0.00
2:30pm            282          7         14         38       57.2      29.81       0.00
2:35pm            295          3         11         38       56.5      29.81       0.00
2:40pm            256          0         11         41       56.6      29.80       0.00
2:45pm            103          0         11         38       57.2      29.80       0.00
2:50pm            245         15         15         37       57.7      29.81       0.00
2:55pm            173          0         15         38       57.2      29.81       0.00
3:00pm            284          6         15         36       57.9      29.80       0.00
3:05pm            255          4         14         35       57.7      29.80       0.00
3:10pm            123          2         14         36       57.8      29.80       0.00
3:15pm             37          3         14         34       57.6      29.80       0.00
3:20pm            153          3         14         35       57.6      29.80       0.00
3:25pm             46          1         14         37       57.9      29.80       0.00
3:30pm             33          5         14         36       58.5      29.80       0.00
3:35pm            265         11         11         35       58.7      29.80       0.00
3:40pm            264          3         11         34       58.8      29.81       0.00
3:45pm            257          5         11         33       58.7      29.81       0.00
3:50pm            263          4         11         35       58.6      29.80       0.00
3:55pm            290          4         11         36       59.0      29.80       0.00
4:00pm            250          5         11         32       59.3      29.80       0.00
4:05pm             75          6          7         32       58.7      29.80       0.00
4:10pm            260          3         10         33       58.2      29.80       0.00
4:15pm            277          1         12         32       58.7      29.80       0.00
4:20pm            112          6         12         33       59.2      29.80       0.00
4:25pm             70          1         12         33       58.8      29.80       0.00
4:30pm            146          0         13         35       58.6      29.80       0.00
4:35pm            132          2          6         32       59.6      29.80       0.00
4:40pm            197          1         10         31       59.0      29.80       0.00
4:45pm            108          5         10         32       58.6      29.80       0.00
4:50pm            155          0         10         32       58.9      29.80       0.00
4:55pm            118          4         10         31       59.1      29.80       0.00
5:00pm            265          1         10         31       59.5      29.81       0.00
5:05pm            146          2          9         31       59.5      29.81       0.00
5:10pm            280          3          9         31       59.5      29.81       0.00
5:15pm            242          0          9         32       59.9      29.81       0.00
5:20pm            211          0          9         29       59.8      29.82       0.00
5:25pm              5          1          9         31       59.9      29.82       0.00
5:30pm            354          1          9         30       59.9      29.83       0.00
5:35pm            221          5          5         30       59.9      29.83       0.00
5:40pm            242          4         11         30       59.5      29.83       0.00
5:45pm            252          0         11         31       59.6      29.83       0.00
5:50pm            258          8         11         31       59.3      29.83       0.00
5:55pm            293         10         15         32       58.5      29.83       0.00
6:00pm            228          0         15         33       58.4      29.82       0.00
6:05pm            158          0          2         33       58.8      29.82       0.00
6:10pm            205          0          3         33       57.4      29.82       0.00
6:15pm            205          1          9         34       56.1      29.82       0.00
6:20pm            200          0          9         36       55.7      29.83       0.00
6:25pm            281          2          9         35       55.4      29.83       0.00
6:30pm            236          0         10         36       55.1      29.83       0.00
6:35pm            262          3          6         36       54.7      29.83       0.00
6:40pm            281          9          9         36       54.6      29.83       0.00
6:45pm            214          1          9         38       54.4      29.84       0.00
6:50pm            200          0          9         37       54.3      29.84       0.00
6:55pm             89          2          9         37       53.9      29.84       0.00
7:00pm            108          0          9         38       53.7      29.84       0.00
7:05pm             79          0          1         38       53.4      29.84       0.00
7:10pm            102          2          4         39       53.0      29.85       0.00
7:15pm            181          0          4         40       52.7      29.85       0.00
7:20pm            227          1          4         39       52.6      29.85       0.00
7:25pm             80          1          4         40       52.3      29.86       0.00
7:30pm             84          0          4         40       52.0      29.86       0.00
7:35pm            113          0          4         41       51.7      29.86       0.00
7:40pm            333          0          4         41       51.4      29.87       0.00
7:45pm            268          0          4         41       51.2      29.87       0.00
7:50pm            264          0          4         42       50.8      29.87       0.00
7:55pm             41          0          4         42       50.5      29.87       0.00
8:00pm             38          0          4         43       50.2      29.87       0.00
8:05pm             32          0          0         43       49.8      29.87       0.00
8:10pm             33          0          1         44       49.6      29.88       0.00
8:15pm             33          0          1         45       49.1      29.88       0.00
8:20pm            271          0          1         45       48.8      29.88       0.00
8:25pm            271          0          1         46       48.4      29.88       0.00
8:30pm            271          0          1         46       48.1      29.88       0.00
8:35pm            355          0          1         49       47.9      29.88       0.00
8:40pm            354          0          1         49       47.7      29.88       0.00
8:45pm            276          0          1         47       47.7      29.89       0.00
8:50pm            286          0          1         47       47.7      29.89       0.00
8:55pm            278          0          2         50       47.8      29.89       0.00
9:00pm            278          0          2         51       47.5      29.89       0.00
9:05pm            274          0          1         51       47.3      29.89       0.00
9:10pm            274          0          1         49       47.3      29.89       0.00
9:15pm            276          0          2         49       47.2      29.89       0.00
9:20pm            288          0          2         53       47.2      29.90       0.00
9:25pm            290          0          2         51       47.2      29.90       0.00
9:30pm            234          0          2         51       47.1      29.90       0.00
9:35pm            255          0          1         49       47.1      29.90       0.00
9:40pm            258          0          1         50       47.1      29.90       0.00
9:45pm            252          0          1         51       47.0      29.89       0.00
9:50pm            297          0          1         50       46.9      29.90       0.00
9:55pm             54          0          1         50       46.9      29.89       0.00
10:00pm           269          0          2         51       46.9      29.90       0.00
10:05pm           266          0          1         51       46.8      29.90       0.00
10:10pm           266          0          1         51       46.7      29.90       0.00
10:15pm           266          0          1         52       46.6      29.90       0.00
10:20pm           290          0          1         52       46.5      29.90       0.00
10:25pm           291          0          1         52       46.5      29.89       0.00
10:30pm           281          0          1         52       46.4      29.89       0.00
10:35pm           248          0          0         54       46.2      29.89       0.00
10:40pm           248          0          0         57       46.0      29.89       0.00
10:45pm           275          0          1         54       45.8      29.89       0.00
10:50pm           276          0          1         60       45.6      29.89       0.00
10:55pm           276          0          1         62       45.3      29.89       0.00
11:00pm           276          0          1         63       44.9      29.89       0.00
11:05pm           276          0          1         66       44.5      29.89       0.00
11:10pm           276          0          1         68       44.2      29.89       0.00
11:15pm           276          0          1         68       44.0      29.89       0.00
11:20pm           276          0          1         71       43.8      29.89       0.00
11:25pm           276          1          1         72       43.3      29.89       0.00
11:30pm           277          1          1         75       42.9      29.89       0.00
11:35pm           284          0          1         75       42.5      29.90       0.00
11:40pm           284          0          1         75       42.3      29.90       0.00
11:45pm           284          0          1         75       41.9      29.90       0.00
11:50pm           284          0          1         75       41.7      29.90       0.00
11:55pm           284          0          1         75       41.7      29.90       0.00
